\OBJNAME = '1SWASP J234617.93+620133.3'
\OBSSTART = '2006-11-30T19:13:36'
\OBSSTOP = '2008-07-23T05:24:21'
\TSTART = 91999064
\TSTOP = 143875454
\JD_REF = 2453005.5
\RA_OBJ = '356.574711'
\DEC_OBJ = '62.025936'
\WASP_MAG = 10.02672
\HJD_START = 2454070.303981
\HJD_STOP = 2454670.725162
\fixlen = T
\NUMRECORDS = 109
\
\ This file was produced by the NASA Exoplanet Archive  http://exoplanetarchive.ipac.caltech.edu 
\ Fri Sep 13, 23:14:02 2013
\ Documentation for the SuperWASP dataset can be found at http://exoplanetarchive.ipac.caltech.edu/docs/SuperWASPMission.html
\
|TMID      |FLUX2         |FLUX2_ERR     |TAMFLUX2      |TAMFLUX2_ERR  |IMAGEID           |CCDX      |CCDY      |FLAG |           HJD|         MAG2|     MAG2_ERR|      TAMMAG2|  TAMMAG2_ERR|
|int       |float         |float         |float         |float         |char              |int       |int       |int  |        double|        float|        float|        float|        float|
|sec       |micro Vega    |micro Vega    |micro Vega    |micro Vega    |                  |1/16 pixel|1/16 pixel|     |           day|          mag|          mag|          mag|          mag|
|null      |null          |null          |null          |null          |null              |null      |null      |null |          null|         null|         null|         null|         null|
   91999064   3.340344e+01   1.208998e-01   3.340344e+01   1.208998e-01 145200611301913360      31758       7496     0 2454070.303981  1.119052e+01  3.929708e-03  1.119052e+01  3.929708e-03 
   91999549   3.321411e+01   1.104086e-01   3.321411e+01   1.104086e-01 145200611301921420      31791       7433     0 2454070.309595  1.119669e+01  3.609161e-03  1.119669e+01  3.609161e-03 
   91999683   1.006659e+02   2.462285e-01   1.006659e+02   2.462285e-01 148200611301923560      15120      23580     0 2454070.311146  9.992794e+00  2.655717e-03  9.992794e+00  2.655717e-03 
   92000087   3.306939e+01   1.083865e-01   3.306939e+01   1.083865e-01 145200611301930400      31883       7354     0 2454070.315822  1.120143e+01  3.558564e-03  1.120143e+01  3.558564e-03 
   92000227   1.016955e+02   2.435000e-01   1.016955e+02   2.435000e-01 148200611301933000      15043      23682     0 2454070.317442  9.981745e+00  2.599698e-03  9.981745e+00  2.599698e-03 
   92000643   3.292857e+01   1.076742e-01   3.292857e+01   1.076742e-01 145200611301939550      31942       7276     0 2454070.322257  1.120607e+01  3.550298e-03  1.120607e+01  3.550298e-03 
   92000777   1.003211e+02   2.427421e-01   1.003211e+02   2.427421e-01 148200611301942090      15000      23775     0 2454070.323808  9.996520e+00  2.627113e-03  9.996520e+00  2.627113e-03 
   92001125   3.306434e+01   1.074417e-01   3.306434e+01   1.074417e-01 145200611301947570      31988       7213     0 2454070.327836  1.120160e+01  3.528083e-03  1.120160e+01  3.528083e-03 
   92001267   1.007532e+02   2.438332e-01   1.007532e+02   2.438332e-01 148200611301950190      14922      23853     0 2454070.329479  9.991854e+00  2.627605e-03  9.991854e+00  2.627605e-03 
   92001622   3.293537e+01   1.075179e-01   3.293537e+01   1.075179e-01 145200611301956140      32037       7142     0 2454070.333588  1.120584e+01  3.544411e-03  1.120584e+01  3.544411e-03 
   92001756   1.006361e+02   2.437150e-01   1.006361e+02   2.437150e-01 148200611301958280      14886      23935     0 2454070.335139  9.993115e+00  2.629385e-03  9.993115e+00  2.629385e-03 
   92002031   3.262706e+01   1.076960e-01   3.262706e+01   1.076960e-01 145200611302003030      32118       7093     0 2454070.338322  1.121605e+01  3.583829e-03  1.121605e+01  3.583829e-03 
   92002165   1.008255e+02   2.423534e-01   1.008255e+02   2.423534e-01 148200611302005180      14814      24001     0 2454070.339873  9.991074e+00  2.609784e-03  9.991074e+00  2.609784e-03 
   92087889   1.078976e+02   9.029220e-01   1.078976e+02   9.029220e-01 145200612011954040      32075       7137     0 2454071.332049  9.917471e+00  9.085828e-03  9.917471e+00  9.085828e-03 
   92089168   1.173180e+02   5.309785e-01   1.173180e+02   5.309785e-01 145200612012015240      32259       6989     0 2454071.346852  9.826589e+00  4.914032e-03  9.826589e+00  4.914032e-03 
   92089431   1.152258e+02   5.004486e-01   1.152258e+02   5.004486e-01 145200612012019460      32312       6958     0 2454071.349896  9.846126e+00  4.715585e-03  9.846126e+00  4.715585e-03 
   92089705   1.152619e+02   4.462279e-01   1.152619e+02   4.462279e-01 145200612012024210      32374       6932     0 2454071.353067  9.845785e+00  4.203361e-03  9.845785e+00  4.203361e-03 
   92089971   1.164772e+02   4.403330e-01   1.164772e+02   4.403330e-01 145200612012028470      32391       6907     0 2454071.356146  9.834397e+00  4.104556e-03  9.834397e+00  4.104556e-03 
   92090241   1.163490e+02   4.569624e-01   1.163490e+02   4.569624e-01 145200612012033170      32452       6879     0 2454071.359271  9.835593e+00  4.264260e-03  9.835593e+00  4.264260e-03 
   92090444   1.106856e+02   5.349138e-01   1.106856e+02   5.349138e-01 145200612012036390      32455       6862     0 2454071.361620  9.889772e+00  5.247090e-03  9.889772e+00  5.247090e-03 
   92090649   1.174485e+02   5.513216e-01   1.174485e+02   5.513216e-01 145200612012040050      32503       6844     0 2454071.363993  9.825381e+00  5.096634e-03  9.825381e+00  5.096634e-03 
   92091386   1.222421e+02   9.727070e-01   1.222421e+02   9.727070e-01 145200612012052210      32633       6793     0 2454071.372523  9.781947e+00  8.639466e-03  9.781947e+00  8.639466e-03 
   92091518   1.098290e+02   1.163077e+00   1.098290e+02   1.163077e+00 145200612012054330      32665       6782     0 2454071.374051  9.898208e+00  1.149787e-02  9.898208e+00  1.149787e-02 
   92091657   1.199885e+02   1.603547e+00   1.199885e+02   1.603547e+00 145200612012056520      32656       6768     0 2454071.375660  9.802151e+00  1.451001e-02  9.802151e+00  1.451001e-02 
   94505217   1.030253e+02   3.263976e-01   1.030253e+02   3.263976e-01 148200612291924370      14113      24285     0 2454099.310382  9.967640e+00  3.439766e-03  9.967640e+00  3.439766e-03 
   94505552   1.026283e+02   3.044225e-01   1.026283e+02   3.044225e-01 148200612291930110      14086      24313     0 2454099.314259  9.971832e+00  3.220591e-03  9.971832e+00  3.220591e-03 
   94505889   1.025279e+02   2.956908e-01   1.025279e+02   2.956908e-01 148200612291935490      14010      24343     0 2454099.318160  9.972895e+00  3.131277e-03  9.972895e+00  3.131277e-03 
   94506438   1.020112e+02   2.857004e-01   1.020112e+02   2.857004e-01 148200612291944580      13915      24388     0 2454099.324514  9.978380e+00  3.040807e-03  9.978380e+00  3.040807e-03 
   94506704   1.033065e+02   2.793483e-01   1.033065e+02   2.793483e-01 148200612291949240      13850      24409     0 2454099.327593  9.964681e+00  2.935920e-03  9.964681e+00  2.935920e-03 
   94506978   1.018275e+02   2.670763e-01   1.018275e+02   2.670763e-01 148200612291953570      13823      24430     0 2454099.330764  9.980337e+00  2.847712e-03  9.980337e+00  2.847712e-03 
   94507250   1.021063e+02   2.594347e-01   1.021063e+02   2.594347e-01 148200612291958290      13748      24452     0 2454099.333912  9.977368e+00  2.758681e-03  9.977368e+00  2.758681e-03 
   94507518   1.027192e+02   2.748383e-01   1.027192e+02   2.748383e-01 148200612292002580      13723      24470     0 2454099.337014  9.970871e+00  2.905036e-03  9.970871e+00  2.905036e-03 
   94507717   1.037428e+02   2.950407e-01   1.037428e+02   2.950407e-01 148200612292006170      13672      24481     0 2454099.339317  9.960105e+00  3.087804e-03  9.960105e+00  3.087804e-03 
   94507847   1.045744e+02   3.119554e-01   1.045744e+02   3.119554e-01 148200612292008270      13638      24489     0 2454099.340822  9.951436e+00  3.238865e-03  9.951436e+00  3.238865e-03 
   94507981   1.044769e+02   3.280720e-01   1.044769e+02   3.280720e-01 148200612292010400      13603      24497     0 2454099.342373  9.952450e+00  3.409376e-03  9.952450e+00  3.409376e-03 
   94508118   1.048612e+02   3.560152e-01   1.048612e+02   3.560152e-01 148200612292012570      13609      24504     0 2454099.343958  9.948462e+00  3.686205e-03  9.948462e+00  3.686205e-03 
  143526716   9.943718e+01   4.143780e-01   9.943718e+01   4.143780e-01 145200807190432210      30630       8514     0 2454666.688843  1.000613e+01  4.524533e-03  1.000613e+01  4.524533e-03 
  143526754   9.920124e+01   4.119092e-01   9.920124e+01   4.119092e-01 145200807190433000      30629       8512     0 2454666.689282  1.000871e+01  4.508274e-03  1.000871e+01  4.508274e-03 
  143526901   7.663166e+01   2.882423e-01   7.663166e+01   2.882423e-01 148200807190435260      14909      23359     0 2454666.690984  1.028898e+01  4.083903e-03  1.028898e+01  4.083903e-03 
  143526939   7.656698e+01   2.870629e-01   7.656698e+01   2.870629e-01 148200807190436050      14911      23360     0 2454666.691424  1.028990e+01  4.070628e-03  1.028990e+01  4.070628e-03 
  143528004   1.002498e+02   4.039920e-01   1.002498e+02   4.039920e-01 145200807190453500      30623       8464     0 2454666.703750  9.997292e+00  4.375373e-03  9.997292e+00  4.375373e-03 
  143528042   1.003340e+02   4.045048e-01   1.003340e+02   4.045048e-01 145200807190454280      30621       8464     0 2454666.704190  9.996380e+00  4.377251e-03  9.996380e+00  4.377251e-03 
  143528189   7.703916e+01   2.852722e-01   7.703916e+01   2.852722e-01 148200807190456540      14894      23435     0 2454666.705891  1.028322e+01  4.020442e-03  1.028322e+01  4.020442e-03 
  143528227   7.743842e+01   2.843033e-01   7.743842e+01   2.843033e-01 148200807190457320      14896      23437     0 2454666.706331  1.027761e+01  3.986128e-03  1.027761e+01  3.986128e-03 
  143529212   1.017136e+02   4.159243e-01   1.017136e+02   4.159243e-01 145200807190513580      30614       8429     0 2454666.717731  9.981552e+00  4.439775e-03  9.981552e+00  4.439775e-03 
  143529249   1.011988e+02   4.161218e-01   1.011988e+02   4.161218e-01 145200807190514350      30615       8427     0 2454666.718160  9.987062e+00  4.464481e-03  9.987062e+00  4.464481e-03 
  143529396   7.772837e+01   2.977676e-01   7.772837e+01   2.977676e-01 148200807190517010      14884      23497     0 2454666.719861  1.027355e+01  4.159334e-03  1.027355e+01  4.159334e-03 
  143529435   7.684896e+01   2.991472e-01   7.684896e+01   2.991472e-01 148200807190517400      14884      23499     0 2454666.720312  1.028590e+01  4.226421e-03  1.028590e+01  4.226421e-03 
  143698714   1.120138e+02   6.393100e-01   1.120138e+02   6.393100e-01 145200807210418490      30646       8504     0 2454668.679560  9.876822e+00  6.196777e-03  9.876822e+00  6.196777e-03 
  143698751   1.100041e+02   6.389105e-01   1.100041e+02   6.389105e-01 145200807210419270      30645       8504     0 2454668.679988  9.896478e+00  6.306044e-03  9.896478e+00  6.306044e-03 
  143698896   9.224446e+01   4.432103e-01   9.224446e+01   4.432103e-01 148200807210421510      14909      23334     0 2454668.681667  1.008765e+01  5.216694e-03  1.008765e+01  5.216694e-03 
  143698934   9.175054e+01   4.405023e-01   9.175054e+01   4.405023e-01 148200807210422290      14909      23337     0 2454668.682106  1.009348e+01  5.212732e-03  1.009348e+01  5.212732e-03 
  143699173   1.110870e+02   6.225266e-01   1.110870e+02   6.225266e-01 145200807210426290      30633       8490     0 2454668.684873  9.885841e+00  6.084437e-03  9.885841e+00  6.084437e-03 
  143699213   1.097522e+02   6.207724e-01   1.097522e+02   6.207724e-01 145200807210427080      30633       8489     0 2454668.685336  9.898967e+00  6.141082e-03  9.898967e+00  6.141082e-03 
  143699811   9.264390e+01   4.431942e-01   9.264390e+01   4.431942e-01 148200807210437070      14905      23397     0 2454668.692257  1.008296e+01  5.194013e-03  1.008296e+01  5.194013e-03 
  143699851   9.122890e+01   4.444701e-01   9.122890e+01   4.444701e-01 148200807210437460      14908      23398     0 2454668.692720  1.009967e+01  5.289760e-03  1.009967e+01  5.289760e-03 
  143699997   1.111209e+02   6.357687e-01   1.111209e+02   6.357687e-01 145200807210440130      30626       8471     0 2454668.694410  9.885510e+00  6.211970e-03  9.885510e+00  6.211970e-03 
  143700037   1.113697e+02   6.327231e-01   1.113697e+02   6.327231e-01 145200807210440520      30624       8470     0 2454668.694873  9.883082e+00  6.168401e-03  9.883082e+00  6.168401e-03 
  143700365   9.155637e+01   4.465950e-01   9.155637e+01   4.465950e-01 148200807210446210      14908      23426     0 2454668.698669  1.009578e+01  5.296038e-03  1.009578e+01  5.296038e-03 
  143700405   9.161711e+01   4.455894e-01   9.161711e+01   4.455894e-01 148200807210447000      14909      23428     0 2454668.699132  1.009506e+01  5.280610e-03  1.009506e+01  5.280610e-03 
  143700550   1.106457e+02   6.369025e-01   1.106457e+02   6.369025e-01 145200807210449250      30614       8453     0 2454668.700810  9.890163e+00  6.249771e-03  9.890163e+00  6.249771e-03 
  143700588   1.103418e+02   6.367683e-01   1.103418e+02   6.367683e-01 145200807210450030      30613       8452     0 2454668.701250  9.893150e+00  6.265666e-03  9.893150e+00  6.265666e-03 
  143701110   9.287708e+01   4.449863e-01   9.287708e+01   4.449863e-01 148200807210458460      14906      23460     0 2454668.707292  1.008023e+01  5.201923e-03  1.008023e+01  5.201923e-03 
  143701148   9.137769e+01   4.451676e-01   9.137769e+01   4.451676e-01 148200807210459240      14906      23460     0 2454668.707731  1.009790e+01  5.289434e-03  1.009790e+01  5.289434e-03 
  143701293   1.112948e+02   6.302000e-01   1.112948e+02   6.302000e-01 145200807210501490      30610       8428     0 2454668.709410  9.883813e+00  6.147938e-03  9.883813e+00  6.147938e-03 
  143701333   1.126433e+02   6.293793e-01   1.126433e+02   6.293793e-01 145200807210502280      30609       8428     0 2454668.709873  9.870737e+00  6.066428e-03  9.870737e+00  6.066428e-03 
  143701757   9.165828e+01   4.488483e-01   9.165828e+01   4.488483e-01 148200807210509320      14900      23493     0 2454668.714780  1.009457e+01  5.316841e-03  1.009457e+01  5.316841e-03 
  143701795   9.341708e+01   4.497480e-01   9.341708e+01   4.497480e-01 148200807210510100      14900      23493     0 2454668.715220  1.007393e+01  5.227196e-03  1.007393e+01  5.227196e-03 
  143702083   9.962000e+01   7.870537e-01   9.962000e+01   7.870537e-01 145200807210514590      30609       8431     0 2454668.718553  1.000413e+01  8.577953e-03  1.000413e+01  8.577953e-03 
  143702600   9.220617e+01   4.837595e-01   9.220617e+01   4.837595e-01 148200807210523360      14886      23524     0 2454668.724537  1.008810e+01  5.696333e-03  1.008810e+01  5.696333e-03 
  143702639   9.216235e+01   4.863393e-01   9.216235e+01   4.863393e-01 148200807210524140      14886      23526     0 2454668.724988  1.008862e+01  5.729433e-03  1.008862e+01  5.729433e-03 
  143785833   1.106791e+02   5.408374e-01   1.106791e+02   5.408374e-01 145200807220430440      30616       8301     0 2454669.687882  9.889835e+00  5.305507e-03  9.889835e+00  5.305507e-03 
  143785871   1.103850e+02   5.408547e-01   1.103850e+02   5.408547e-01 145200807220431220      30615       8300     0 2454669.688322  9.892725e+00  5.319815e-03  9.892725e+00  5.319815e-03 
  143785924   9.078394e+01   3.687458e-01   9.078394e+01   3.687458e-01 148200807220432150      14883      23413     0 2454669.688935  1.010498e+01  4.410054e-03  1.010498e+01  4.410054e-03 
  143785962   9.089316e+01   3.698016e-01   9.089316e+01   3.698016e-01 148200807220432540      14885      23414     0 2454669.689375  1.010367e+01  4.417366e-03  1.010367e+01  4.417366e-03 
  143787306   1.119844e+02   5.441371e-01   1.119844e+02   5.441371e-01 145200807220455170      30592       8244     0 2454669.704931  9.877107e+00  5.275660e-03  9.877107e+00  5.275660e-03 
  143787344   1.115821e+02   5.409291e-01   1.115821e+02   5.409291e-01 145200807220455560      30593       8241     0 2454669.705370  9.881014e+00  5.263465e-03  9.881014e+00  5.263465e-03 
  143787398   9.053828e+01   3.696949e-01   9.053828e+01   3.696949e-01 148200807220456500      14876      23484     0 2454669.705995  1.010792e+01  4.433402e-03  1.010792e+01  4.433402e-03 
  143787436   9.042698e+01   3.684516e-01   9.042698e+01   3.684516e-01 148200807220457270      14878      23485     0 2454669.706435  1.010925e+01  4.423930e-03  1.010925e+01  4.423930e-03 
  143787858   1.120053e+02   5.502030e-01   1.120053e+02   5.502030e-01 145200807220504300      30588       8236     0 2454669.711319  9.876904e+00  5.333473e-03  9.876904e+00  5.333473e-03 
  143787896   1.125880e+02   5.521330e-01   1.125880e+02   5.521330e-01 145200807220505080      30587       8236     0 2454669.711759  9.871270e+00  5.324484e-03  9.871270e+00  5.324484e-03 
  143787951   9.098714e+01   3.735238e-01   9.098714e+01   3.735238e-01 148200807220506020      14883      23507     0 2454669.712396  1.010255e+01  4.457220e-03  1.010255e+01  4.457220e-03 
  143787990   9.087091e+01   3.766742e-01   9.087091e+01   3.766742e-01 148200807220506400      14884      23508     0 2454669.712847  1.010394e+01  4.500563e-03  1.010394e+01  4.500563e-03 
  143788615   1.122037e+02   5.703070e-01   1.122037e+02   5.703070e-01 145200807220517050      30596       8246     0 2454669.720081  9.874982e+00  5.518581e-03  9.874982e+00  5.518581e-03 
  143788652   1.120345e+02   5.715978e-01   1.120345e+02   5.715978e-01 145200807220517430      30595       8244     0 2454669.720509  9.876621e+00  5.539426e-03  9.876621e+00  5.539426e-03 
  143788706   9.116660e+01   3.909555e-01   9.116660e+01   3.909555e-01 148200807220518360      14873      23531     0 2454669.721134  1.010041e+01  4.656048e-03  1.010041e+01  4.656048e-03 
  143788744   9.073148e+01   3.935817e-01   9.073148e+01   3.935817e-01 148200807220519150      14873      23533     0 2454669.721574  1.010561e+01  4.709803e-03  1.010561e+01  4.709803e-03 
  143789359   1.126136e+02   6.797268e-01   1.126136e+02   6.797268e-01 145200807220529300      30617       8219     0 2454669.728692  9.871023e+00  6.553443e-03  9.871023e+00  6.553443e-03 
  143789397   1.112709e+02   6.927587e-01   1.112709e+02   6.927587e-01 145200807220530080      30618       8217     0 2454669.729132  9.884046e+00  6.759679e-03  9.884046e+00  6.759679e-03 
  143872151   1.129412e+02   4.258990e-01   1.129412e+02   4.258990e-01 145200807230429170      30624       8283     0 2454670.686933  9.867869e+00  4.094305e-03  9.867869e+00  4.094305e-03 
  143872189   1.130641e+02   4.258664e-01   1.130641e+02   4.258664e-01 145200807230429560      30620       8283     0 2454670.687373  9.866689e+00  4.089541e-03  9.866689e+00  4.089541e-03 
  143872243   9.400209e+01   2.845134e-01   9.400209e+01   2.845134e-01 148200807230430490      14873      23422     0 2454670.687998  1.006716e+01  3.286177e-03  1.006716e+01  3.286177e-03 
  143872281   9.371563e+01   2.833992e-01   9.371563e+01   2.833992e-01 148200807230431280      14874      23423     0 2454670.688438  1.007047e+01  3.283314e-03  1.007047e+01  3.283314e-03 
  143873435   1.144902e+02   4.201730e-01   1.144902e+02   4.201730e-01 145200807230450410      30578       8251     0 2454670.701794  9.853080e+00  3.984610e-03  9.853080e+00  3.984610e-03 
  143873473   1.141009e+02   4.201608e-01   1.141009e+02   4.201608e-01 145200807230451200      30576       8251     0 2454670.702234  9.856778e+00  3.998090e-03  9.856778e+00  3.998090e-03 
  143873526   9.349518e+01   2.803071e-01   9.349518e+01   2.803071e-01 148200807230452130      14885      23482     0 2454670.702847  1.007303e+01  3.255148e-03  1.007303e+01  3.255148e-03 
  143873564   9.300774e+01   2.804780e-01   9.300774e+01   2.804780e-01 148200807230452510      14886      23483     0 2454670.703287  1.007870e+01  3.274203e-03  1.007870e+01  3.274203e-03 
  143874002   1.139430e+02   4.208471e-01   1.139430e+02   4.208471e-01 145200807230500090      30573       8251     0 2454670.708356  9.858280e+00  4.010167e-03  9.858280e+00  4.010167e-03 
  143874040   1.138262e+02   4.205885e-01   1.138262e+02   4.205885e-01 145200807230500470      30578       8244     0 2454670.708796  9.859395e+00  4.011817e-03  9.859395e+00  4.011817e-03 
  143874093   9.290926e+01   2.815095e-01   9.290926e+01   2.815095e-01 148200807230501390      14884      23508     0 2454670.709410  1.007985e+01  3.289727e-03  1.007985e+01  3.289727e-03 
  143874131   9.324540e+01   2.823356e-01   9.324540e+01   2.823356e-01 148200807230502180      14884      23510     0 2454670.709850  1.007593e+01  3.287487e-03  1.007593e+01  3.287487e-03 
  143874566   1.135904e+02   4.295422e-01   1.135904e+02   4.295422e-01 145200807230509320      30582       8259     0 2454670.714884  9.861647e+00  4.105727e-03  9.861647e+00  4.105727e-03 
  143874604   1.128007e+02   4.285097e-01   1.128007e+02   4.285097e-01 145200807230510110      30581       8258     0 2454670.715324  9.869221e+00  4.124534e-03  9.869221e+00  4.124534e-03 
  143874761   9.310353e+01   2.890179e-01   9.310353e+01   2.890179e-01 148200807230512480      14889      23515     0 2454670.717141  1.007758e+01  3.370423e-03  1.007758e+01  3.370423e-03 
  143874801   9.287680e+01   2.894931e-01   9.287680e+01   2.894931e-01 148200807230513270      14889      23515     0 2454670.717604  1.008023e+01  3.384207e-03  1.008023e+01  3.384207e-03 
  143875325   1.141165e+02   4.577765e-01   1.141165e+02   4.577765e-01 145200807230522110      30610       8240     0 2454670.723669  9.856628e+00  4.355427e-03  9.856628e+00  4.355427e-03 
  143875363   1.145860e+02   4.613804e-01   1.145860e+02   4.613804e-01 145200807230522490      30609       8238     0 2454670.724109  9.852171e+00  4.371730e-03  9.852171e+00  4.371730e-03 
  143875417   9.279356e+01   3.167488e-01   9.279356e+01   3.167488e-01 148200807230523430      14856      23560     0 2454670.724734  1.008121e+01  3.706150e-03  1.008121e+01  3.706150e-03 
  143875454   9.302190e+01   3.204584e-01   9.302190e+01   3.204584e-01 148200807230524210      14857      23561     0 2454670.725162  1.007854e+01  3.740350e-03  1.007854e+01  3.740350e-03 
