\OBJNAME = '1SWASP J042625.25-224339.1'
\OBSSTART = '2007-12-04T02:16:33'
\OBSSTOP = '2008-02-06T22:24:54'
\TSTART = 123819754
\TSTOP = 129421583
\JD_REF = 2453005.5
\RA_OBJ = '66.605236'
\DEC_OBJ = '-22.727547'
\WASP_MAG = 11.73017
\HJD_START = 2454438.599005
\HJD_STOP = 2454503.434988
\fixlen = T
\NUMRECORDS = 118
\
\ This file was produced by the NASA Exoplanet Archive  http://exoplanetarchive.ipac.caltech.edu 
\ Thu Sep 12, 21:24:25 2013
\ Documentation for the SuperWASP dataset can be found at http://exoplanetarchive.ipac.caltech.edu/docs/SuperWASPMission.html
\
|TMID      |FLUX2         |FLUX2_ERR     |TAMFLUX2      |TAMFLUX2_ERR  |IMAGEID           |CCDX      |CCDY      |FLAG |           HJD|         MAG2|     MAG2_ERR|      TAMMAG2|  TAMMAG2_ERR|
|int       |float         |float         |float         |float         |char              |int       |int       |int  |        double|        float|        float|        float|        float|
|sec       |micro Vega    |micro Vega    |micro Vega    |micro Vega    |                  |1/16 pixel|1/16 pixel|     |           day|          mag|          mag|          mag|          mag|
|null      |null          |null          |null          |null          |null              |null      |null      |null |          null|         null|         null|         null|         null|
  123819754   2.064469e+01   3.326001e-01   3.378802e+01   3.162239e+00 226200712040216330       4508      32664    32 2454438.599005  1.171298e+01  1.749202e-02  1.117809e+01  1.016150e-01 
  123819792   2.050983e+01   3.444912e-01   3.210740e+01   3.243529e+00 226200712040217110       4508      32661    32 2454438.599444  1.172009e+01  1.823652e-02  1.123349e+01  1.096828e-01 
  123819924   2.115974e+01   3.986768e-01   3.489544e+01   4.970442e+00 226200712040219230       4508      32647    32 2454438.600972  1.168622e+01  2.045674e-02  1.114308e+01  1.546508e-01 
  123819964   2.021860e+01   4.136160e-01   3.061423e+01   4.726117e+00 226200712040220020       4508      32643    32 2454438.601435  1.173562e+01  2.221121e-02  1.128519e+01  1.676127e-01 
  124336856   2.023209e+01   1.521558e-01   1.631105e+01   3.188806e-01 226200712100155050       4519      32669    32 2454444.583981  1.173490e+01  8.165326e-03  1.196879e+01  2.122618e-02 
  124336991   1.999975e+01   1.555639e-01   1.737085e+01   3.594817e-01 226200712100157190       4519      32660    32 2454444.585544  1.174744e+01  8.445201e-03  1.190045e+01  2.246889e-02 
  124337029   2.005051e+01   1.565217e-01   1.846049e+01   3.571808e-01 226200712100157580       4519      32656    32 2454444.585984  1.174469e+01  8.475688e-03  1.183439e+01  2.100733e-02 
  124337165   1.998433e+01   1.612714e-01   2.002178e+01   4.068629e-01 226200712100200130       4518      32648    32 2454444.587558  1.174828e+01  8.761807e-03  1.174624e+01  2.206333e-02 
  124337203   1.983792e+01   1.628646e-01   1.938949e+01   4.004427e-01 226200712100200510       4519      32644    32 2454444.587998  1.175626e+01  8.913663e-03  1.178108e+01  2.242332e-02 
  124337337   2.025827e+01   1.714645e-01   1.964173e+01   4.500743e-01 226200712100203050       4519      32636    32 2454444.589549  1.173349e+01  9.189625e-03  1.176705e+01  2.487885e-02 
  124337375   2.027520e+01   1.741074e-01   1.961852e+01   6.224595e-01 226200712100203430       4520      32633    32 2454444.589988  1.173259e+01  9.323478e-03  1.176833e+01  3.444853e-02 
  124337510   1.982019e+01   1.843809e-01   2.253393e+01   5.608366e-01 226200712100205580       4519      32624    32 2454444.591551  1.175723e+01  1.010029e-02  1.161791e+01  2.702248e-02 
  124337547   2.000270e+01   1.884708e-01   2.387035e+01   1.041225e+00 226200712100206350       4519      32620    32 2454444.591979  1.174728e+01  1.023014e-02  1.155535e+01  4.735998e-02 
  124337684   1.965893e+01   2.055250e-01   2.826090e+01   8.272377e-01 226200712100208530       4519      32612    32 2454444.593565  1.176610e+01  1.135091e-02  1.137204e+01  3.178119e-02 
  124337724   2.019455e+01   2.116351e-01   2.886483e+01   9.221429e-01 226200712100209320       4520      32608    32 2454444.594028  1.173691e+01  1.137835e-02  1.134908e+01  3.468607e-02 
  124337945   1.998163e+01   2.522756e-01   2.309376e+01   1.027042e+00 226200712100213140       4521      32641    32 2454444.596586  1.174842e+01  1.370787e-02  1.159126e+01  4.828580e-02 
  124337983   1.982741e+01   2.603057e-01   2.514463e+01   1.394735e+00 226200712100213520       4520      32638    32 2454444.597025  1.175683e+01  1.425423e-02  1.149889e+01  6.022438e-02 
  124338273   2.013710e+01   3.518900e-01   3.011539e+01   3.651552e+00 226200712100218420       4518      32618    32 2454444.600382  1.174001e+01  1.897299e-02  1.130303e+01  1.316482e-01 
  124338311   1.996002e+01   3.680656e-01   3.387520e+01   4.581583e+00 226200712100219200       4518      32612    32 2454444.600822  1.174960e+01  2.002119e-02  1.117529e+01  1.468451e-01 
  124423012   2.008203e+01   1.522617e-01   1.979383e+01   3.055990e-01 226200712110151020       4511      32671    32 2454445.581157  1.174298e+01  8.232065e-03  1.175868e+01  1.676285e-02 
  124423050   2.011160e+01   1.528322e-01   2.032336e+01   3.157866e-01 226200712110151400       4510      32669    32 2454445.581597  1.174138e+01  8.250760e-03  1.173001e+01  1.687034e-02 
  124423184   2.051381e+01   1.570073e-01   2.064382e+01   3.292466e-01 226200712110153550       4512      32662    32 2454445.583148  1.171988e+01  8.309968e-03  1.171303e+01  1.731637e-02 
  124423222   2.033017e+01   1.567401e-01   2.094242e+01   3.367072e-01 226200712110154330       4511      32659    32 2454445.583588  1.172965e+01  8.370763e-03  1.169743e+01  1.745627e-02 
  124423356   1.989974e+01   1.596367e-01   2.184118e+01   3.951207e-01 226200712110156470       4511      32651    32 2454445.585139  1.175288e+01  8.709857e-03  1.165181e+01  1.964172e-02 
  124423396   2.027935e+01   1.623236e-01   2.399251e+01   4.571725e-01 226200712110157260       4511      32647    32 2454445.585602  1.173236e+01  8.690675e-03  1.154981e+01  2.068856e-02 
  124423531   2.041609e+01   1.663472e-01   2.432858e+01   4.882270e-01 226200712110159420       4511      32637    32 2454445.587164  1.172507e+01  8.846444e-03  1.153471e+01  2.178868e-02 
  124423571   2.019605e+01   1.688559e-01   2.287017e+01   4.813720e-01 226200712110200210       4511      32634    32 2454445.587627  1.173683e+01  9.077692e-03  1.160183e+01  2.285269e-02 
  124423711   2.086510e+01   1.773254e-01   2.829088e+01   6.193392e-01 226200712110202410       4510      32624    32 2454445.589248  1.170145e+01  9.227336e-03  1.137088e+01  2.376884e-02 
  124423749   2.099943e+01   1.806646e-01   2.920801e+01   6.623931e-01 226200712110203200       4511      32621    32 2454445.589688  1.169448e+01  9.340959e-03  1.133625e+01  2.462293e-02 
  124423967   2.015292e+01   2.026016e-01   2.448070e+01   6.344427e-01 226200712110206580       4521      32643    32 2454445.592211  1.173915e+01  1.091517e-02  1.152794e+01  2.813808e-02 
  124424005   2.035523e+01   2.069703e-01   2.611108e+01   8.165495e-01 226200712110207360       4522      32639    32 2454445.592650  1.172831e+01  1.103971e-02  1.145794e+01  3.395342e-02 
  124424287   2.088249e+01   2.545544e-01   3.009216e+01   1.266041e+00 226200712110212170       4511      32625    32 2454445.595914  1.170054e+01  1.323500e-02  1.130387e+01  4.567941e-02 
  124424324   2.048979e+01   2.634928e-01   3.157486e+01   1.806518e+00 226200712110212550       4511      32621    32 2454445.596343  1.172116e+01  1.396230e-02  1.125165e+01  6.211933e-02 
  124424459   2.038556e+01   2.988831e-01   4.335052e+01   3.490071e+00 226200712110215100       4508      32576    32 2454445.597905  1.172669e+01  1.591859e-02  1.090751e+01  8.741093e-02 
  124424497   2.059534e+01   3.120966e-01   4.510549e+01   4.095848e+00 226200712110215480       4507      32573    32 2454445.598345  1.171558e+01  1.645303e-02  1.086443e+01  9.859167e-02 
  124424631   1.951091e+01   3.606784e-01   5.148209e+01   6.570442e+00 226200712110218020       4507      32558    32 2454445.599896  1.177431e+01  2.007097e-02  1.072086e+01  1.385684e-01 
  124424669   2.030582e+01   3.776858e-01   5.358744e+01   7.549992e+00 226200712110218400       4506      32554    32 2454445.600336  1.173095e+01  2.019463e-02  1.067734e+01  1.529711e-01 
  124506183   1.134530e-01   9.694872e-02   9.203844e-01   1.372195e-01 226200712120057150       4471      28457    32 2454446.543785  1.736296e+01  9.277949e-01  1.509008e+01  1.618723e-01 
  124570614   1.690216e+00   1.364702e-01   1.700367e+01   2.049510e+00 226200712121851080       4611      28570    32 2454447.289514  1.443014e+01  8.766405e-02  1.192364e+01  1.308679e-01 
  124570990   7.236840e-01   1.035118e-01   1.790145e+01   2.117725e+00 226200712121857230       4605      28599    32 2454447.293866  1.535113e+01  1.552982e-01  1.186778e+01  1.284420e-01 
  124571027   5.360289e-01   1.010187e-01   1.231242e+01   1.442777e+00 226200712121858000       4604      28600    32 2454447.294294  1.567703e+01  2.046158e-01  1.227414e+01  1.272277e-01 
  124571334   3.209444e-01   8.857931e-02   9.034817e+00   1.056018e+00 226200712121903080       4588      28613    32 2454447.297847  1.623392e+01  2.996597e-01  1.261020e+01  1.269047e-01 
  125199981   1.998680e+01   1.596455e-01   1.746593e+01   3.078845e-01 226200712200140540       4531      32623    32 2454454.573854  1.174814e+01  8.672400e-03  1.189452e+01  1.913912e-02 
  125200017   2.054394e+01   1.620186e-01   1.877177e+01   4.478239e-01 226200712200141310       4531      32617    32 2454454.574271  1.171829e+01  8.562627e-03  1.181624e+01  2.590168e-02 
  125200248   2.039210e+01   1.623639e-01   1.850162e+01   8.177890e-01 226200712200145220       4529      32607    32 2454454.576944  1.172635e+01  8.644766e-03  1.183198e+01  4.799072e-02 
  125200286   2.036648e+01   1.639677e-01   1.925677e+01   4.585898e-01 226200712200146000       4529      32602    32 2454454.577384  1.172771e+01  8.741140e-03  1.178854e+01  2.585632e-02 
  125285248   2.019424e+01   1.493628e-01   1.338633e+01   2.442854e-01 226200712210122040       4542      32667    32 2454455.560741  1.173693e+01  8.030465e-03  1.218335e+01  1.981353e-02 
  125285286   2.062915e+01   1.509035e-01   1.391138e+01   2.951638e-01 226200712210122420       4542      32663    32 2454455.561181  1.171380e+01  7.942255e-03  1.214157e+01  2.303663e-02 
  125371479   2.022716e+01   2.247212e-01   1.603030e+01   5.498473e-01 226200712220119190       4542      32670    32 2454456.558785  1.173516e+01  1.206244e-02  1.198765e+01  3.724141e-02 
  125371517   1.972372e+01   2.241839e-01   1.510970e+01   5.148273e-01 226200712220119570       4543      32665    32 2454456.559225  1.176253e+01  1.234075e-02  1.205186e+01  3.699403e-02 
  125888262   2.054796e+01   2.810805e-01   2.060215e+01   1.060719e+00 226200712280052420       4537      32671    32 2454462.540069  1.171808e+01  1.485210e-02  1.171522e+01  5.590026e-02 
  125888300   2.027004e+01   2.817712e-01   2.024999e+01   1.105849e+00 226200712280053200       4537      32666    32 2454462.540509  1.173286e+01  1.509274e-02  1.173394e+01  5.929212e-02 
  125888533   2.010036e+01   2.864459e-01   2.099701e+01   1.188108e+00 226200712280057120       4536      32652    32 2454462.543206  1.174199e+01  1.547264e-02  1.169461e+01  6.143617e-02 
  125888571   1.990290e+01   2.856885e-01   2.024950e+01   1.139856e+00 226200712280057500       4537      32648    32 2454462.543646  1.175271e+01  1.558484e-02  1.173396e+01  6.111696e-02 
  126061065   2.005033e+01   2.291255e-01   1.434368e+01   5.339501e-01 226200712300052530       4536      32660    32 2454464.540104  1.174470e+01  1.240731e-02  1.210835e+01  4.041718e-02 
  126061104   2.016282e+01   2.293690e-01   1.384499e+01   4.826460e-01 226200712300053310       4536      32654    32 2454464.540556  1.173862e+01  1.235120e-02  1.214677e+01  3.784966e-02 
  126061395   2.052122e+01   2.327200e-01   1.642488e+01   5.770399e-01 226200712300058220       4536      32641    32 2454464.543924  1.171949e+01  1.231278e-02  1.196124e+01  3.814429e-02 
  126061431   2.003234e+01   2.331220e-01   1.590235e+01   5.135553e-01 226200712300058590       4537      32636    32 2454464.544340  1.174567e+01  1.263507e-02  1.199635e+01  3.506323e-02 
  126061782   2.034661e+01   2.362449e-01   2.087235e+01   7.363369e-01 226200712300104500       4539      32611    32 2454464.548403  1.172877e+01  1.260655e-02  1.170107e+01  3.830285e-02 
  126061820   2.023059e+01   2.356113e-01   2.169656e+01   8.497422e-01 226200712300105280       4539      32606    32 2454464.548843  1.173498e+01  1.264485e-02  1.165902e+01  4.252282e-02 
  126663729   2.006386e+01   1.523886e-01   2.054590e+01   1.988664e-01 226200801060017450       4525      32669    32 2454471.515382  1.174396e+01  8.246389e-03  1.171819e+01  1.050902e-02 
  126663767   2.044759e+01   1.536030e-01   2.027639e+01   1.960465e-01 226200801060018230       4525      32664    32 2454471.515822  1.172339e+01  8.156114e-03  1.173252e+01  1.049771e-02 
  126664085   1.995000e+01   1.543305e-01   2.020797e+01   2.045113e-01 226200801060023420       4525      32645    32 2454471.519502  1.175014e+01  8.399136e-03  1.173619e+01  1.098805e-02 
  126664123   2.018985e+01   1.532944e-01   2.094135e+01   2.099622e-01 226200801060024200       4524      32641    32 2454471.519942  1.173717e+01  8.243643e-03  1.169749e+01  1.088585e-02 
  126664512   2.045086e+01   1.560391e-01   2.149225e+01   2.806998e-01 226200801060030480       4521      32624    32 2454471.524444  1.172322e+01  8.284145e-03  1.166930e+01  1.418032e-02 
  126664548   2.024161e+01   1.556609e-01   1.963213e+01   2.913216e-01 226200801060031250       4522      32619    32 2454471.524861  1.173439e+01  8.349497e-03  1.176758e+01  1.611132e-02 
  127008458   2.043873e+01   1.490167e-01   2.331230e+01   2.011729e-01 226200801100003330       4514      32653    32 2454475.505301  1.172387e+01  7.916020e-03  1.158104e+01  9.369370e-03 
  127008496   2.032661e+01   1.499274e-01   2.411959e+01   2.050114e-01 226200801100004110       4514      32649    32 2454475.505741  1.172984e+01  8.008329e-03  1.154408e+01  9.228560e-03 
  127008814   2.072439e+01   1.512565e-01   2.388361e+01   2.050592e-01 226200801100009300       4513      32629    32 2454475.509421  1.170880e+01  7.924247e-03  1.155475e+01  9.321915e-03 
  127008853   2.027945e+01   1.496986e-01   2.426779e+01   2.054316e-01 226200801100010080       4514      32624    32 2454475.509873  1.173236e+01  8.014702e-03  1.153743e+01  9.191002e-03 
  127009246   2.059093e+01   1.519701e-01   2.516499e+01   2.143686e-01 226200801100016420       4513      32599    32 2454475.514421  1.171581e+01  8.013240e-03  1.149801e+01  9.248904e-03 
  127009284   2.061560e+01   1.509374e-01   2.465431e+01   2.188840e-01 226200801100017200       4514      32594    32 2454475.514861  1.171451e+01  7.949258e-03  1.152027e+01  9.639334e-03 
  127094944   2.042428e+01   1.528358e-01   1.620541e+01   1.812133e-01 226200801110005040       4514      32656    32 2454476.506296  1.172463e+01  8.124644e-03  1.197585e+01  1.214104e-02 
  127094982   1.986197e+01   1.523764e-01   1.647574e+01   1.836207e-01 226200801110005420       4514      32651    32 2454476.506736  1.175494e+01  8.329543e-03  1.195789e+01  1.210048e-02 
  127095377   2.044695e+01   1.546167e-01   1.726533e+01   1.882410e-01 226200801110012170       4513      32625    32 2454476.511308  1.172343e+01  8.210199e-03  1.190706e+01  1.183764e-02 
  127095413   2.040312e+01   1.549472e-01   1.618886e+01   1.847816e-01 226200801110012540       4514      32620    32 2454476.511725  1.172576e+01  8.245421e-03  1.197696e+01  1.239277e-02 
  127095829   2.055516e+01   1.571315e-01   1.709907e+01   2.026453e-01 226200801110019500       4515      32593    32 2454476.516539  1.171770e+01  8.299808e-03  1.191757e+01  1.286737e-02 
  127611443   2.066391e+01   1.555024e-01   2.290525e+01   2.386805e-01 226200801162333540       4514      32660    32 2454482.484294  1.171197e+01  8.170537e-03  1.160016e+01  1.131378e-02 
  127611481   2.037096e+01   1.545901e-01   2.229925e+01   2.344643e-01 226200801162334320       4514      32654    32 2454482.484734  1.172747e+01  8.239407e-03  1.162927e+01  1.141596e-02 
  127611803   2.029047e+01   1.567526e-01   2.309198e+01   2.480823e-01 226200801162339530       4514      32633    32 2454482.488461  1.173177e+01  8.387805e-03  1.159135e+01  1.166435e-02 
  127611843   2.037037e+01   1.566702e-01   2.316405e+01   2.447249e-01 226200801162340330       4514      32629    32 2454482.488924  1.172750e+01  8.350519e-03  1.158796e+01  1.147069e-02 
  127612223   2.064777e+01   1.568436e-01   2.206815e+01   2.380744e-01 226200801162346530       4512      32610    32 2454482.493322  1.171282e+01  8.247445e-03  1.164058e+01  1.171312e-02 
  127612261   2.048565e+01   1.566316e-01   2.135992e+01   2.403965e-01 226200801162347320       4512      32605    32 2454482.493762  1.172138e+01  8.301477e-03  1.167600e+01  1.221952e-02 
  127612648   2.085641e+01   1.602748e-01   2.306079e+01   2.538746e-01 226200801162353590       4517      32572    32 2454482.498241  1.170190e+01  8.343564e-03  1.159281e+01  1.195284e-02 
  127697723   2.042027e+01   1.512326e-01   1.975282e+01   2.692601e-01 226200801172331590       4513      32669    32 2454483.482905  1.172485e+01  8.040995e-03  1.176093e+01  1.480023e-02 
  127697763   2.047740e+01   1.518906e-01   2.147157e+01   2.896997e-01 226200801172332380       4513      32663    32 2454483.483368  1.172181e+01  8.053450e-03  1.167034e+01  1.464907e-02 
  127698169   2.043247e+01   1.507257e-01   1.965208e+01   2.646196e-01 226200801172339240       4514      32638    32 2454483.488067  1.172420e+01  8.009260e-03  1.176648e+01  1.461973e-02 
  127698206   2.004365e+01   1.506969e-01   2.041095e+01   2.896920e-01 226200801172340010       4514      32632    32 2454483.488495  1.174506e+01  8.163068e-03  1.172534e+01  1.540987e-02 
  127698731   2.051707e+01   1.518610e-01   2.178313e+01   3.206519e-01 226200801172348460       4503      32606    32 2454483.494572  1.171971e+01  8.036313e-03  1.165470e+01  1.598230e-02 
  128731769   2.035641e+01   1.964873e-01   1.553489e+01   2.234622e-01 226200801292247110       4512      32671    32 2454495.451030  1.172825e+01  1.047995e-02  1.202173e+01  1.561787e-02 
  128731806   2.055622e+01   1.990881e-01   1.589279e+01   2.269188e-01 226200801292247490       4513      32666    32 2454495.451458  1.171764e+01  1.051545e-02  1.199700e+01  1.550231e-02 
  128732279   2.031774e+01   2.022261e-01   1.684122e+01   2.346075e-01 226200801292255430       4509      32640    32 2454495.456933  1.173031e+01  1.080657e-02  1.193407e+01  1.512496e-02 
  128732319   2.005206e+01   2.036177e-01   1.598752e+01   2.344783e-01 226200801292256220       4509      32635    32 2454495.457396  1.174460e+01  1.102510e-02  1.199055e+01  1.592383e-02 
  128732801   2.017290e+01   2.101535e-01   1.579346e+01   2.444433e-01 226200801292304250       4514      32597    32 2454495.462975  1.173808e+01  1.131082e-02  1.200381e+01  1.680455e-02 
  128817970   2.019547e+01   1.786156e-01   1.670236e+01   2.121279e-01 226200801302243590       4510      32664    32 2454496.448727  1.173687e+01  9.602652e-03  1.194306e+01  1.378941e-02 
  128818009   2.023437e+01   1.776328e-01   1.758253e+01   2.146267e-01 226200801302244370       4510      32658    32 2454496.449178  1.173478e+01  9.531454e-03  1.188730e+01  1.325343e-02 
  128818478   2.041641e+01   1.839784e-01   1.783538e+01   2.188033e-01 226200801302252270       4506      32636    32 2454496.454606  1.172505e+01  9.783929e-03  1.187179e+01  1.331979e-02 
  128818518   2.031662e+01   1.843547e-01   1.811313e+01   2.180592e-01 226200801302253060       4506      32630    32 2454496.455069  1.173037e+01  9.852096e-03  1.185502e+01  1.307094e-02 
  128990198   2.030376e+01   1.519711e-01   1.662726e+01   1.964149e-01 226200802012234380       4518      32670    32 2454498.442106  1.173106e+01  8.126624e-03  1.194795e+01  1.282566e-02 
  128990235   2.078978e+01   1.530185e-01   1.668380e+01   1.974937e-01 226200802012235160       4518      32665    32 2454498.442535  1.170537e+01  7.991343e-03  1.194426e+01  1.285239e-02 
  128990652   2.012047e+01   1.530873e-01   1.649791e+01   1.988725e-01 226200802012242120       4518      32641    32 2454498.447361  1.174090e+01  8.260893e-03  1.195643e+01  1.308795e-02 
  128990690   2.066823e+01   1.543335e-01   1.653069e+01   1.999937e-01 226200802012242510       4518      32636    32 2454498.447801  1.171174e+01  8.107424e-03  1.195427e+01  1.313564e-02 
  128991233   2.038247e+01   1.561015e-01   1.660975e+01   2.017460e-01 226200802012251530       4518      32596    32 2454498.454086  1.172686e+01  8.315263e-03  1.194909e+01  1.318766e-02 
  129076436   2.014621e+01   1.481340e-01   1.628028e+01   2.078918e-01 226200802022232020       4520      32662    32 2454499.440231  1.173952e+01  7.983388e-03  1.197085e+01  1.386441e-02 
  129076474   2.044011e+01   1.485721e-01   1.611944e+01   2.025187e-01 226200802022232400       4519      32656    32 2454499.440671  1.172379e+01  7.891868e-03  1.198162e+01  1.364083e-02 
  129076941   2.028319e+01   1.497157e-01   1.650048e+01   2.079740e-01 226200802022240280       4511      32632    32 2454499.446076  1.173216e+01  8.014142e-03  1.195626e+01  1.368479e-02 
  129076979   2.058224e+01   1.490073e-01   1.734452e+01   2.075142e-01 226200802022241060       4511      32626    32 2454499.446516  1.171627e+01  7.860330e-03  1.190209e+01  1.299007e-02 
  129248683   2.078606e+01   1.480131e-01   1.952964e+01   2.260522e-01 226200802042223010       4518      32664    32 2454501.433831  1.170557e+01  7.731324e-03  1.177326e+01  1.256725e-02 
  129248721   2.020276e+01   1.469460e-01   1.817347e+01   2.164979e-01 226200802042223390       4519      32659    32 2454501.434271  1.173647e+01  7.897196e-03  1.185141e+01  1.293426e-02 
  129249127   2.074262e+01   1.492557e-01   1.993700e+01   2.392832e-01 226200802042230260       4518      32634    32 2454501.438970  1.170784e+01  7.812555e-03  1.175085e+01  1.303102e-02 
  129249165   2.009746e+01   1.479531e-01   1.774193e+01   2.199094e-01 226200802042231040       4517      32629    32 2454501.439410  1.174215e+01  7.992980e-03  1.187750e+01  1.345763e-02 
  129334911   2.043436e+01   1.548261e-01   1.793539e+01   2.204345e-01 226200802052220150       4517      32664    32 2454502.431840  1.172410e+01  8.226383e-03  1.186572e+01  1.334426e-02 
  129334949   2.046463e+01   1.549349e-01   1.829439e+01   2.227567e-01 226200802052220540       4517      32659    32 2454502.432280  1.172249e+01  8.219987e-03  1.184420e+01  1.322022e-02 
  129335418   2.071447e+01   1.544685e-01   1.821613e+01   2.303516e-01 226200802052228420       4511      32638    32 2454502.437708  1.170932e+01  8.096399e-03  1.184886e+01  1.372969e-02 
  129335456   2.005470e+01   1.542081e-01   1.753347e+01   2.227819e-01 226200802052229200       4511      32632    32 2454502.438148  1.174446e+01  8.348662e-03  1.189033e+01  1.379552e-02 
  129421072   2.040273e+01   1.509524e-01   1.900442e+01   2.397736e-01 226200802062216230       4517      32667    32 2454503.429074  1.172578e+01  8.032995e-03  1.180286e+01  1.369848e-02 
  129421545   2.053496e+01   1.520663e-01   1.915393e+01   2.447647e-01 226200802062224160       4510      32645    32 2454503.434549  1.171877e+01  8.040165e-03  1.179436e+01  1.387448e-02 
  129421583   2.049960e+01   1.510448e-01   1.942272e+01   2.462516e-01 226200802062224540       4511      32640    32 2454503.434988  1.172064e+01  7.999933e-03  1.177923e+01  1.376559e-02 
