\OBJNAME = '1SWASP J003701.56+551302.0'
\OBSSTART = '2007-10-20T00:37:30'
\OBSSTOP = '2008-07-22T04:56:50'
\TSTART = 119925805
\TSTOP = 143787385
\JD_REF = 2453005.5
\RA_OBJ = '9.256531'
\DEC_OBJ = '55.217233'
\WASP_MAG = 7.896959
\HJD_START = 2454393.530150
\HJD_STOP = 2454669.705845
\fixlen = T
\NUMRECORDS = 32
\
\ This file was produced by the NASA Exoplanet Archive  http://exoplanetarchive.ipac.caltech.edu 
\ Fri Sep 13, 01:33:01 2013
\ Documentation for the SuperWASP dataset can be found at http://exoplanetarchive.ipac.caltech.edu/docs/SuperWASPMission.html
\
|TMID      |FLUX2         |FLUX2_ERR     |TAMFLUX2      |TAMFLUX2_ERR  |IMAGEID           |CCDX      |CCDY      |FLAG |           HJD|         MAG2|     MAG2_ERR|      TAMMAG2|  TAMMAG2_ERR|
|int       |float         |float         |float         |float         |char              |int       |int       |int  |        double|        float|        float|        float|        float|
|sec       |micro Vega    |micro Vega    |micro Vega    |micro Vega    |                  |1/16 pixel|1/16 pixel|     |           day|          mag|          mag|          mag|          mag|
|null      |null          |null          |null          |null          |null              |null      |null      |null |          null|         null|         null|         null|         null|
  119925805   5.168190e+02   1.330079e+00   8.316876e+02   2.948293e+02 148200710200037300      17056      18018    32 2454393.530150  8.216654e+00  2.794247e-03  7.700099e+00  3.848896e-01 
  121897716   5.874699e+02   2.744132e+00   9.576315e+02   4.100639e+02 145200711112022460      26856       9863    32 2454416.353194  8.077536e+00  5.071603e-03  7.547004e+00  4.649208e-01 
  121897754   6.345386e+02   2.362041e+00   9.695358e+02   4.155906e+02 145200711112023250      26859       9854    32 2454416.353634  7.993855e+00  4.041619e-03  7.533590e+00  4.654014e-01 
  121899338   1.502423e+02   1.281439e+00   2.325533e+02   1.571477e+02 148200711112049490      18080      16533    32 2454416.371968  9.558019e+00  9.260433e-03  9.083694e+00  7.336881e-01 
  121899378   5.498781e+02   2.004934e+00   6.529749e+02   3.683802e+02 148200711112050280      18076      16540    32 2454416.372431  8.149334e+00  3.958763e-03  7.962759e+00  6.125275e-01 
  121900416   3.770406e+01   1.308414e+00   7.661765e+01   6.555213e+01 148200711112107470      17986      16728    32 2454416.384444  1.105903e+01  3.767756e-02  1.028918e+01  9.289318e-01 
  121900994   7.866802e+02   1.529468e+00   1.001152e+03   2.734092e+02 148200711112117240      17938      16869    32 2454416.391134  7.760505e+00  2.110902e-03  7.498750e+00  2.965097e-01 
  121901521   1.109291e+02   3.601738e+00   2.428347e+02   1.437895e+02 148200711112126120      17897      17010    32 2454416.397234  9.887386e+00  3.525272e-02  9.036723e+00  6.428984e-01 
  121987703   8.761722e+02   7.085402e-01   9.389153e+02   4.688779e+01 148200711122122340      17891      17063    32 2454417.394711  7.643526e+00  8.780128e-04  7.568434e+00  5.421995e-02 
  121988937   8.194029e+02   7.150964e-01   8.775312e+02   9.260308e+01 148200711122143090      17745      17255    32 2454417.408993  7.716256e+00  9.475299e-04  7.641844e+00  1.145747e-01 
  121989520   5.236263e+02   3.610209e+00   4.953115e+02   3.603897e+02 145200711122152520      27437       8888    32 2454417.415741  8.202446e+00  7.485775e-03  8.262804e+00  7.899868e-01 
  121989558   1.460847e+02   2.405606e+00   2.476920e+02   1.942064e+02 145200711122153300      27441       8884    32 2454417.416181  9.588488e+00  1.787910e-02  9.015221e+00  8.512900e-01 
  121990101   1.053492e+03   6.254108e+00   9.016827e+02   4.116905e+02 145200711122202320      27514       8824    32 2454417.422465  7.443422e+00  6.445552e-03  7.612366e+00  4.957274e-01 
  121990139   1.623716e+03   9.766275e+00   8.873279e+02   4.647726e+02 145200711122203110      27518       8818    32 2454417.422905  6.973725e+00  6.530474e-03  7.629790e+00  5.686986e-01 
  121990201   4.141841e+02   5.641016e+00   6.774305e+02   4.489168e+02 148200711122204120      17592      17449    32 2454417.423623  8.457016e+00  1.478733e-02  7.922838e+00  7.194936e-01 
  121991548   9.670347e+02   2.155933e+00   1.065529e+03   3.818636e+02 145200711122226400      27719       8672    32 2454417.439213  7.536395e+00  2.420577e-03  7.431087e+00  3.891068e-01 
  121991586   6.179605e+02   1.714972e+00   7.822383e+02   2.658550e+02 145200711122227180      27731       8660    32 2454417.439653  8.022598e+00  3.013160e-03  7.766652e+00  3.690045e-01 
  121992298   8.244921e+02   1.110737e+00   8.873279e+02   2.703336e+02 148200711122239090      17287      17737    32 2454417.447894  7.709534e+00  1.462684e-03  7.629790e+00  3.307819e-01 
  122326863   8.668220e+02   8.437458e-01   1.027522e+03   8.395156e+01 148200711161935210      18375      18920    32 2454421.320174  7.655175e+00  1.056836e-03  7.470522e+00  8.870810e-02 
  122327103   9.820754e+02   2.581882e+00   1.105844e+03   3.000303e+02 148200711161939220      18366      18964    32 2454421.322951  7.519638e+00  2.854416e-03  7.390765e+00  2.945758e-01 
  122327143   8.274236e+02   2.655531e+00   1.214530e+03   3.451893e+02 148200711161940010      18365      18974    32 2454421.323414  7.705680e+00  3.484571e-03  7.288980e+00  3.085852e-01 
  122327296   9.046213e+02   3.137218e+00   1.670032e+03   5.008983e+02 145200711161942340      27199       7134    32 2454421.325185  7.608833e+00  3.765336e-03  6.943188e+00  3.256496e-01 
  122327333   7.502616e+02   2.786215e+00   1.633488e+03   4.491242e+02 145200711161943120      27201       7126    32 2454421.325613  7.811968e+00  4.032067e-03  6.967210e+00  2.985219e-01 
  122327395   1.159210e+03   5.888372e+00   1.335244e+03   7.753008e+02 148200711161944140      18355      19020    32 2454421.326331  7.339594e+00  5.515170e-03  7.186099e+00  6.304282e-01 
  122327433   1.420669e+03   1.098039e+01   1.437403e+03   1.049544e+03 148200711161944520      18353      19026    32 2454421.326771  7.118768e+00  8.391718e-03  7.106054e+00  7.927713e-01 
  122328447   6.782170e+02   1.945748e+01   6.065742e+02   5.848073e+02 145200711162001460      27279       6783    32 2454421.338507  7.921578e+00  3.114898e-02  8.042790e+00  1.046778e+00 
  122328485   2.438074e+02   1.803118e+01   1.798668e+02   1.785233e+02 145200711162002240      27281       6777    32 2454421.338947  9.032383e+00  8.029772e-02  9.362622e+00  1.077630e+00 
  122328576   4.518173e+02   1.627820e+01   4.825838e+02   5.512994e+02 148200711162003550      18310      19390    32 2454421.340000  8.362593e+00  3.911735e-02  8.291068e+00  1.240340e+00 
  124498620   5.797279e+02   4.590610e+00   6.326305e+02   4.948773e+02 145200712112252360      29190       8443    32 2454446.456250  8.091940e+00  8.597497e-03  7.997125e+00  8.493237e-01 
  124500191   3.337597e+01   9.610953e-01   1.295238e+02   7.450889e+01 145200712112318480      29506       8346    32 2454446.474433  1.119141e+01  3.126500e-02  9.719126e+00  6.245744e-01 
  143699836   1.030370e+03   8.483503e-01   1.030370e+03   8.483503e-01 144200807210437460      29587      13934     0 2454668.692546  7.467516e+00  8.939385e-04  7.467516e+00  8.939385e-04 
  143787385   1.031863e+03   8.012248e-01   1.031863e+03   8.012248e-01 144200807220456500      29548      13903     0 2454669.705845  7.465945e+00  8.430593e-04  7.465945e+00  8.430593e-04 
