\OBJNAME = '1SWASP J000305.85-622809.6'
\OBSSTART = '2006-05-11T04:14:48'
\OBSSTOP = '2007-12-12T19:39:44'
\TSTART = 74405688
\TSTOP = 124573070
\JD_REF = 2453005.5
\RA_OBJ = '0.774403'
\DEC_OBJ = '-62.469347'
\WASP_MAG = 13.98836
\HJD_START = 2453866.676944
\HJD_STOP = 2454447.317940
\fixlen = T
\NUMRECORDS = 362
\
\ This file was produced by the NASA Exoplanet Archive  http://exoplanetarchive.ipac.caltech.edu 
\ Sat Sep 14, 21:11:21 2013
\ Documentation for the SuperWASP dataset can be found at http://exoplanetarchive.ipac.caltech.edu/docs/SuperWASPMission.html
\
|TMID      |FLUX2         |FLUX2_ERR     |TAMFLUX2      |TAMFLUX2_ERR  |IMAGEID           |CCDX      |CCDY      |FLAG |           HJD|         MAG2|     MAG2_ERR|      TAMMAG2|  TAMMAG2_ERR|
|int       |float         |float         |float         |float         |char              |int       |int       |int  |        double|        float|        float|        float|        float|
|sec       |micro Vega    |micro Vega    |micro Vega    |micro Vega    |                  |1/16 pixel|1/16 pixel|     |           day|          mag|          mag|          mag|          mag|
|null      |null          |null          |null          |null          |null              |null      |null      |null |          null|         null|         null|         null|         null|
   74405688   2.664244e+00   1.499388e-01   2.664244e+00   1.499388e-01 226200605110414480      18278      15801     0 2453866.676944  1.393606e+01  6.110347e-02  1.393606e+01  6.110347e-02 
   74405741   2.327597e+00   1.608194e-01   2.327597e+00   1.608194e-01 226200605110415410      18280      15799     0 2453866.677558  1.408273e+01  7.501647e-02  1.408273e+01  7.501647e-02 
   74405825   2.380514e+00   1.778324e-01   2.380514e+00   1.778324e-01 226200605110417040      18284      15797     0 2453866.678530  1.405832e+01  8.110842e-02  1.405832e+01  8.110842e-02 
   74405890   2.491373e+00   1.961081e-01   2.491373e+00   1.961081e-01 226200605110418100      18296      15759     0 2453866.679282  1.400890e+01  8.546390e-02  1.400890e+01  8.546390e-02 
   74491802   2.833085e+00   1.500520e-01   2.833085e+00   1.500520e-01 226200605120409570      18317      15687     0 2453867.673634  1.386935e+01  5.750531e-02  1.386935e+01  5.750531e-02 
   74491880   2.532808e+00   1.509569e-01   2.532808e+00   1.509569e-01 226200605120411150      18319      15684     0 2453867.674537  1.399099e+01  6.471077e-02  1.399099e+01  6.471077e-02 
   74491942   2.541874e+00   1.537786e-01   2.541874e+00   1.537786e-01 226200605120412160      18322      15683     0 2453867.675255  1.398711e+01  6.568523e-02  1.398711e+01  6.568523e-02 
   74491993   2.898359e+00   1.593553e-01   2.898359e+00   1.593553e-01 226200605120413080      18325      15682     0 2453867.675845  1.384462e+01  5.969533e-02  1.384462e+01  5.969533e-02 
   74750327   2.373525e+00   2.108155e-01   2.373525e+00   2.108155e-01 226200605150358270      18310      15679     0 2453870.665822  1.406152e+01  9.643497e-02  1.406152e+01  9.643497e-02 
   74750387   2.331420e+00   2.105852e-01   2.331420e+00   2.105852e-01 226200605150359270      18314      15677     0 2453870.666516  1.408095e+01  9.806933e-02  1.408095e+01  9.806933e-02 
   74750441   2.617466e+00   2.093439e-01   2.617466e+00   2.093439e-01 226200605150400210      18316      15677     0 2453870.667141  1.395530e+01  8.683705e-02  1.395530e+01  8.683705e-02 
   74750500   2.631469e+00   2.092778e-01   2.631469e+00   2.092778e-01 226200605150401200      18318      15675     0 2453870.667824  1.394950e+01  8.634772e-02  1.394950e+01  8.634772e-02 
   75613598   2.423521e+00   8.560095e-02   2.423521e+00   8.560095e-02 226200605250345310      18351      15692     0 2453880.657384  1.403888e+01  3.834932e-02  1.403888e+01  3.834932e-02 
   75613661   2.518122e+00   8.652134e-02   2.518122e+00   8.652134e-02 226200605250346340      18362      15652     0 2453880.658113  1.399731e+01  3.730545e-02  1.399731e+01  3.730545e-02 
   75613719   2.494581e+00   8.510102e-02   2.494581e+00   8.510102e-02 226200605250347310      18365      15650     0 2453880.658785  1.400751e+01  3.703931e-02  1.400751e+01  3.703931e-02 
   75613787   2.476409e+00   8.585129e-02   2.476409e+00   8.585129e-02 226200605250348400      18359      15687     0 2453880.659572  1.401544e+01  3.764005e-02  1.401544e+01  3.764005e-02 
   75700054   2.561789e+00   8.515769e-02   2.561789e+00   8.515769e-02 226200605260346210      18362      15684     0 2453881.658032  1.397864e+01  3.609162e-02  1.397864e+01  3.609162e-02 
   75700119   2.656740e+00   8.451666e-02   2.656740e+00   8.451666e-02 226200605260347260      18374      15643     0 2453881.658785  1.393913e+01  3.453975e-02  1.393913e+01  3.453975e-02 
   75700184   2.549553e+00   8.221935e-02   2.549553e+00   8.221935e-02 226200605260348320      18368      15680     0 2453881.659537  1.398384e+01  3.501353e-02  1.398384e+01  3.501353e-02 
   75700253   2.550675e+00   8.400807e-02   2.550675e+00   8.400807e-02 226200605260349400      18380      15640     0 2453881.660336  1.398336e+01  3.575952e-02  1.398336e+01  3.575952e-02 
   76132280   2.456559e+00   7.593262e-02   2.456559e+00   7.593262e-02 226200605310349440      18408      15659     0 2453886.660648  1.402418e+01  3.356039e-02  1.402418e+01  3.356039e-02 
   76132347   2.657931e+00   7.591434e-02   2.657931e+00   7.591434e-02 226200605310350510      18419      15618     0 2453886.661424  1.393864e+01  3.101030e-02  1.393864e+01  3.101030e-02 
   76132396   2.626681e+00   7.607744e-02   2.626681e+00   7.607744e-02 226200605310351390      18421      15617     0 2453886.661991  1.395148e+01  3.144665e-02  1.395148e+01  3.144665e-02 
   76132458   2.546315e+00   7.600188e-02   2.546315e+00   7.600188e-02 226200605310352410      18423      15615     0 2453886.662708  1.398522e+01  3.240694e-02  1.398522e+01  3.240694e-02 
   76218752   2.504241e+00   7.789657e-02   2.504241e+00   7.789657e-02 226200606010350510      18426      15610     0 2453887.661481  1.400331e+01  3.377287e-02  1.400331e+01  3.377287e-02 
   76218820   2.469327e+00   7.780720e-02   2.469327e+00   7.780720e-02 226200606010351580      18421      15645     0 2453887.662269  1.401855e+01  3.421110e-02  1.401855e+01  3.421110e-02 
   76218890   2.425768e+00   7.766415e-02   2.425768e+00   7.766415e-02 226200606010353090      18424      15644     0 2453887.663079  1.403788e+01  3.476139e-02  1.403788e+01  3.476139e-02 
   76218976   2.661036e+00   7.796872e-02   2.661036e+00   7.796872e-02 226200606010354350      18436      15602     0 2453887.664074  1.393737e+01  3.181233e-02  1.393737e+01  3.181233e-02 
   76478162   2.583839e+00   7.885893e-02   2.583839e+00   7.885893e-02 226200606040354060      18431      15575     0 2453890.663912  1.396934e+01  3.313685e-02  1.396934e+01  3.313685e-02 
   76478235   2.666842e+00   7.898378e-02   2.666842e+00   7.898378e-02 226200606040355200      18427      15611     0 2453890.664757  1.393501e+01  3.215633e-02  1.393501e+01  3.215633e-02 
   76478311   2.631718e+00   7.884263e-02   2.631718e+00   7.884263e-02 226200606040356360      18440      15570     0 2453890.665637  1.394940e+01  3.252726e-02  1.394940e+01  3.252726e-02 
   76478364   2.604553e+00   7.859702e-02   2.604553e+00   7.859702e-02 226200606040357280      18441      15568     0 2453890.666250  1.396067e+01  3.276414e-02  1.396067e+01  3.276414e-02 
   76564505   2.553286e+00   1.378275e-01   2.553286e+00   1.378275e-01 226200606050353060      18453      15572     0 2453891.663252  1.398225e+01  5.860871e-02  1.398225e+01  5.860871e-02 
   76564564   2.361867e+00   1.524604e-01   2.361867e+00   1.524604e-01 226200606050354040      18457      15573     0 2453891.663935  1.406686e+01  7.008538e-02  1.406686e+01  7.008538e-02 
   76564623   2.623832e+00   1.703879e-01   2.623832e+00   1.703879e-01 226200606050355040      18458      15570     0 2453891.664618  1.395266e+01  7.050642e-02  1.395266e+01  7.050642e-02 
   76564682   2.612480e+00   1.724183e-01   2.612480e+00   1.724183e-01 226200606050356020      18461      15569     0 2453891.665301  1.395737e+01  7.165659e-02  1.395737e+01  7.165659e-02 
   76650878   2.368706e+00   7.057779e-02   2.368706e+00   7.057779e-02 226200606060352330      18443      15556     0 2453892.662940  1.406372e+01  3.235064e-02  1.406372e+01  3.235064e-02 
   76651012   2.588477e+00   7.222064e-02   2.588477e+00   7.222064e-02 226200606060354470      18446      15565     0 2453892.664491  1.396739e+01  3.029303e-02  1.396739e+01  3.029303e-02 
   76651068   2.513689e+00   7.298683e-02   2.513689e+00   7.298683e-02 226200606060355430      18449      15562     0 2453892.665139  1.399922e+01  3.152528e-02  1.399922e+01  3.152528e-02 
   76651144   2.573263e+00   7.334328e-02   2.573263e+00   7.334328e-02 226200606060357000      18442      15598     0 2453892.666019  1.397379e+01  3.094582e-02  1.397379e+01  3.094582e-02 
   76737426   2.568991e+00   7.434117e-02   2.568991e+00   7.434117e-02 226200606070354570      18454      15557     0 2453893.664653  1.397559e+01  3.141902e-02  1.397559e+01  3.141902e-02 
   76737481   2.598219e+00   7.410382e-02   2.598219e+00   7.410382e-02 226200606070355530      18455      15554     0 2453893.665289  1.396331e+01  3.096640e-02  1.396331e+01  3.096640e-02 
   76737537   2.583098e+00   7.389949e-02   2.583098e+00   7.389949e-02 226200606070356480      18457      15553     0 2453893.665938  1.396965e+01  3.106178e-02  1.396965e+01  3.106178e-02 
   76823765   2.594940e+00   7.567374e-02   2.594940e+00   7.567374e-02 226200606080353510      18476      15564     0 2453894.663947  1.396468e+01  3.166239e-02  1.396468e+01  3.166239e-02 
   76823824   2.477270e+00   7.531626e-02   2.477270e+00   7.531626e-02 226200606080354510      18480      15561     0 2453894.664630  1.401507e+01  3.300967e-02  1.401507e+01  3.300967e-02 
   76823883   2.563090e+00   7.579124e-02   2.563090e+00   7.579124e-02 226200606080355500      18482      15560     0 2453894.665313  1.397809e+01  3.210561e-02  1.397809e+01  3.210561e-02 
   76823969   2.589124e+00   7.582021e-02   2.589124e+00   7.582021e-02 226200606080357160      18476      15594     0 2453894.666308  1.396712e+01  3.179494e-02  1.396712e+01  3.179494e-02 
   76910192   2.461421e+00   7.429492e-02   2.461421e+00   7.429492e-02 226200606090354140      18472      15550     0 2453895.664259  1.402204e+01  3.277171e-02  1.402204e+01  3.277171e-02 
   76910246   2.645231e+00   7.419262e-02   2.645231e+00   7.419262e-02 226200606090355080      18475      15548     0 2453895.664884  1.394384e+01  3.045250e-02  1.394384e+01  3.045250e-02 
   76910330   2.501385e+00   7.451239e-02   2.501385e+00   7.451239e-02 226200606090356320      18469      15582     0 2453895.665856  1.400455e+01  3.234252e-02  1.400455e+01  3.234252e-02 
   76910402   2.601899e+00   7.443546e-02   2.601899e+00   7.443546e-02 226200606090357440      18479      15542     0 2453895.666690  1.396177e+01  3.106099e-02  1.396177e+01  3.106099e-02 
   76996555   2.445476e+00   1.423535e-01   2.445476e+00   1.423535e-01 226200606100353320      18476      15544     0 2453896.663831  1.402909e+01  6.320198e-02  1.402909e+01  6.320198e-02 
   76996614   2.402512e+00   1.392053e-01   2.402512e+00   1.392053e-01 226200606100354320      18480      15541     0 2453896.664514  1.404834e+01  6.290945e-02  1.404834e+01  6.290945e-02 
   76996675   2.551330e+00   1.367562e-01   2.551330e+00   1.367562e-01 226200606100355320      18482      15538     0 2453896.665220  1.398308e+01  5.819774e-02  1.398308e+01  5.819774e-02 
   76996730   2.397542e+00   1.347749e-01   2.397542e+00   1.347749e-01 226200606100356270      18483      15537     0 2453896.665856  1.405058e+01  6.103358e-02  1.405058e+01  6.103358e-02 
   77082970   2.533693e+00   2.190595e-01   2.533693e+00   2.190595e-01 226200606110353440      18483      15536     0 2453897.664005  1.399061e+01  9.387157e-02  1.399061e+01  9.387157e-02 
   77083048   2.280097e+00   2.176388e-01   2.280097e+00   2.176388e-01 226200606110355010      18479      15571     0 2453897.664907  1.410512e+01  1.036356e-01  1.410512e+01  1.036356e-01 
   77083128   2.439202e+00   2.202074e-01   2.439202e+00   2.202074e-01 226200606110356210      18490      15529     0 2453897.665833  1.403188e+01  9.801894e-02  1.403188e+01  9.801894e-02 
   77083182   2.623897e+00   2.209435e-01   2.623897e+00   2.209435e-01 226200606110357160      18491      15528     0 2453897.666458  1.395263e+01  9.142402e-02  1.395263e+01  9.142402e-02 
   77169237   2.581091e+00   2.715068e-01   2.581091e+00   2.715068e-01 226200606120351270      18478      15566     0 2453898.662465  1.397049e+01  1.142098e-01  1.397049e+01  1.142098e-01 
   77169299   2.463184e+00   2.764722e-01   2.463184e+00   2.764722e-01 226200606120352290      18489      15526     0 2453898.663183  1.402126e+01  1.218654e-01  1.402126e+01  1.218654e-01 
   77169357   2.624106e+00   2.749872e-01   2.624106e+00   2.749872e-01 226200606120353260      18491      15524     0 2453898.663854  1.395255e+01  1.137776e-01  1.395255e+01  1.137776e-01 
   77169417   2.805320e+00   2.729682e-01   2.805320e+00   2.729682e-01 226200606120354260      18492      15521     0 2453898.664549  1.388004e+01  1.056466e-01  1.388004e+01  1.056466e-01 
   77601425   2.420208e+00   1.266388e-01   2.420208e+00   1.266388e-01 226200606170354120      18482      15505     0 2453903.664641  1.404037e+01  5.681195e-02  1.404037e+01  5.681195e-02 
   77601495   2.589188e+00   1.268936e-01   2.589188e+00   1.268936e-01 226200606170355220      18482      15503     0 2453903.665451  1.396709e+01  5.321108e-02  1.396709e+01  5.321108e-02 
   77601552   2.661126e+00   1.290209e-01   2.661126e+00   1.290209e-01 226200606170356190      18491      15463     0 2453903.666111  1.393734e+01  5.264053e-02  1.393734e+01  5.264053e-02 
   77687700   2.258327e+00   1.111381e-01   2.258327e+00   1.111381e-01 226200606180352030      18507      15453     0 2453904.663194  1.411553e+01  5.343206e-02  1.411553e+01  5.343206e-02 
   77687743   2.340195e+00   1.109458e-01   2.340195e+00   1.109458e-01 226200606180352470      18507      15453     0 2453904.663692  1.407687e+01  5.147361e-02  1.407687e+01  5.147361e-02 
   77687811   2.605506e+00   1.113818e-01   2.605506e+00   1.113818e-01 226200606180353550      18506      15453     0 2453904.664479  1.396027e+01  4.641389e-02  1.396027e+01  4.641389e-02 
   77687864   2.637449e+00   1.116719e-01   2.637449e+00   1.116719e-01 226200606180354470      18506      15453     0 2453904.665093  1.394704e+01  4.597121e-02  1.394704e+01  4.597121e-02 
   77774338   2.616640e+00   9.473949e-02   2.616640e+00   9.473949e-02 226200606190355580      18543      15432     0 2453905.665949  1.395564e+01  3.931089e-02  1.395564e+01  3.931089e-02 
   77774394   2.585131e+00   9.479041e-02   2.585131e+00   9.479041e-02 226200606190356530      18542      15433     0 2453905.666597  1.396879e+01  3.981142e-02  1.396879e+01  3.981142e-02 
   77774456   2.549261e+00   9.485828e-02   2.549261e+00   9.485828e-02 226200606190357560      18540      15434     0 2453905.667315  1.398396e+01  4.040050e-02  1.398396e+01  4.040050e-02 
   77774521   2.683470e+00   9.354152e-02   2.683470e+00   9.354152e-02 226200606190359000      18529      15472     0 2453905.668067  1.392826e+01  3.784717e-02  1.392826e+01  3.784717e-02 
   77860753   2.467395e+00   8.179764e-02   2.467395e+00   8.179764e-02 226200606200356090      18528      15428     0 2453906.666123  1.401940e+01  3.599382e-02  1.401940e+01  3.599382e-02 
   77860812   2.621482e+00   8.225020e-02   2.621482e+00   8.225020e-02 226200606200357080      18527      15429     0 2453906.666806  1.395363e+01  3.406559e-02  1.395363e+01  3.406559e-02 
   77860876   2.620319e+00   8.286362e-02   2.620319e+00   8.286362e-02 226200606200358110      18524      15431     0 2453906.667546  1.395411e+01  3.433489e-02  1.395411e+01  3.433489e-02 
   77860941   2.628124e+00   8.157617e-02   2.628124e+00   8.157617e-02 226200606200359170      18514      15470     0 2453906.668299  1.395089e+01  3.370105e-02  1.395089e+01  3.370105e-02 
   77947065   2.640688e+00   8.368482e-02   2.640688e+00   8.368482e-02 226200606210354370      18524      15434     0 2453907.665104  1.394571e+01  3.440769e-02  1.394571e+01  3.440769e-02 
   77947119   2.491539e+00   8.339982e-02   2.491539e+00   8.339982e-02 226200606210355310      18521      15436     0 2453907.665729  1.400883e+01  3.634322e-02  1.400883e+01  3.634322e-02 
   77947197   2.551328e+00   8.238522e-02   2.551328e+00   8.238522e-02 226200606210356480      18512      15475     0 2453907.666632  1.398308e+01  3.505975e-02  1.398308e+01  3.505975e-02 
   77947264   2.592021e+00   8.296347e-02   2.592021e+00   8.296347e-02 226200606210357560      18520      15437     0 2453907.667407  1.396590e+01  3.475155e-02  1.396590e+01  3.475155e-02 
   78119977   2.622534e+00   6.693163e-02   2.622534e+00   6.693163e-02 226200606230356220      18510      15388     0 2453909.666400  1.395320e+01  2.770997e-02  1.395320e+01  2.770997e-02 
   78120031   2.463471e+00   6.690020e-02   2.463471e+00   6.690020e-02 226200606230357150      18506      15393     0 2453909.667025  1.402113e+01  2.948532e-02  1.402113e+01  2.948532e-02 
   78120181   2.575358e+00   6.659833e-02   2.575358e+00   6.659833e-02 226200606230359450      18502      15424     0 2453909.668762  1.397291e+01  2.807705e-02  1.397291e+01  2.807705e-02 
   78120241   2.578315e+00   6.650738e-02   2.578315e+00   6.650738e-02 226200606230400460      18506      15391     0 2453909.669456  1.397166e+01  2.800656e-02  1.397166e+01  2.800656e-02 
   78206440   2.695267e+00   7.356367e-02   2.695267e+00   7.356367e-02 226200606240357200      18530      15388     0 2453910.667130  1.392350e+01  2.963381e-02  1.392350e+01  2.963381e-02 
   78206497   2.539783e+00   7.299943e-02   2.539783e+00   7.299943e-02 226200606240358180      18525      15393     0 2453910.667789  1.398801e+01  3.120676e-02  1.398801e+01  3.120676e-02 
   78206572   2.580882e+00   7.398885e-02   2.580882e+00   7.398885e-02 226200606240359320      18517      15429     0 2453910.668657  1.397058e+01  3.112605e-02  1.397058e+01  3.112605e-02 
   78206631   2.554368e+00   7.340194e-02   2.554368e+00   7.340194e-02 226200606240400310      18526      15387     0 2453910.669340  1.398179e+01  3.119966e-02  1.398179e+01  3.119966e-02 
   78292879   2.529521e+00   6.815720e-02   2.529521e+00   6.815720e-02 226200606250357560      18529      15375     0 2453911.667581  1.399240e+01  2.925495e-02  1.399240e+01  2.925495e-02 
   78292933   2.494434e+00   6.773271e-02   2.494434e+00   6.773271e-02 226200606250358500      18526      15378     0 2453911.668206  1.400757e+01  2.948168e-02  1.400757e+01  2.948168e-02 
   78292984   2.459435e+00   6.711980e-02   2.459435e+00   6.711980e-02 226200606250359400      18527      15375     0 2453911.668796  1.402291e+01  2.963064e-02  1.402291e+01  2.963064e-02 
   78293046   2.583525e+00   6.819290e-02   2.583525e+00   6.819290e-02 226200606250400430      18528      15371     0 2453911.669514  1.396947e+01  2.865842e-02  1.396947e+01  2.865842e-02 
   78724954   2.575318e+00   6.874419e-02   2.575318e+00   6.874419e-02 226200606300358520      18544      15348     0 2453916.668449  1.397292e+01  2.898217e-02  1.397292e+01  2.898217e-02 
   78725032   2.628120e+00   6.985810e-02   2.628120e+00   6.985810e-02 226200606300400100      18554      15306     0 2453916.669352  1.395089e+01  2.886007e-02  1.395089e+01  2.886007e-02 
   78725078   2.605826e+00   7.006764e-02   2.605826e+00   7.006764e-02 226200606300400570      18554      15303     0 2453916.669884  1.396014e+01  2.919429e-02  1.396014e+01  2.919429e-02 
   78725142   2.548836e+00   6.976514e-02   2.548836e+00   6.976514e-02 226200606300402000      18554      15299     0 2453916.670625  1.398415e+01  2.971820e-02  1.398415e+01  2.971820e-02 
   78811391   2.528757e+00   7.089902e-02   2.528757e+00   7.089902e-02 226200607010359260      18546      15297     0 2453917.668877  1.399273e+01  3.044100e-02  1.399273e+01  3.044100e-02 
   78811535   2.503069e+00   7.167961e-02   2.503069e+00   7.167961e-02 226200607010401510      18547      15289     0 2453917.670544  1.400382e+01  3.109200e-02  1.400382e+01  3.109200e-02 
   78811586   2.553812e+00   7.140296e-02   2.553812e+00   7.140296e-02 226200607010402420      18548      15286     0 2453917.671134  1.398203e+01  3.035660e-02  1.398203e+01  3.035660e-02 
   78897804   2.788046e+00   1.171823e-01   2.788046e+00   1.171823e-01 226200607020359350      18556      15284     0 2453918.669028  1.388675e+01  4.563395e-02  1.388675e+01  4.563395e-02 
   78897863   2.670538e+00   1.777212e-01   2.670538e+00   1.777212e-01 226200607020400340      18557      15282     0 2453918.669711  1.393350e+01  7.225475e-02  1.393350e+01  7.225475e-02 
   78897917   2.292273e+00   1.529960e-01   2.292273e+00   1.529960e-01 226200607020401280      18556      15278     0 2453918.670336  1.409933e+01  7.246690e-02  1.409933e+01  7.246690e-02 
   78897992   2.612278e+00   9.406146e-02   2.612278e+00   9.406146e-02 226200607020402430      18548      15312     0 2453918.671204  1.395745e+01  3.909473e-02  1.395745e+01  3.909473e-02 
   78984207   2.452404e+00   6.618712e-02   2.452404e+00   6.618712e-02 226200607030359350      18559      15263     0 2453919.669062  1.402602e+01  2.930268e-02  1.402602e+01  2.930268e-02 
   78984261   2.532287e+00   6.636620e-02   2.532287e+00   6.636620e-02 226200607030400290      18561      15259     0 2453919.669688  1.399122e+01  2.845509e-02  1.399122e+01  2.845509e-02 
   78984319   2.585079e+00   6.724473e-02   2.585079e+00   6.724473e-02 226200607030401270      18561      15256     0 2453919.670359  1.396881e+01  2.824296e-02  1.396881e+01  2.824296e-02 
   78984374   2.566826e+00   6.739203e-02   2.566826e+00   6.739203e-02 226200607030402220      18561      15254     0 2453919.670995  1.397651e+01  2.850611e-02  1.397651e+01  2.850611e-02 
   79070532   2.620415e+00   6.790569e-02   2.620415e+00   6.790569e-02 226200607040358180      18562      15244     0 2453920.668194  1.395407e+01  2.813597e-02  1.395407e+01  2.813597e-02 
   79070578   2.639167e+00   6.839083e-02   2.639167e+00   6.839083e-02 226200607040359040      18562      15242     0 2453920.668727  1.394633e+01  2.813564e-02  1.394633e+01  2.813564e-02 
   79070644   2.431775e+00   6.805047e-02   2.431775e+00   6.805047e-02 226200607040400090      18563      15239     0 2453920.669491  1.403519e+01  3.038321e-02  1.403519e+01  3.038321e-02 
   79070698   2.348737e+00   6.765475e-02   2.348737e+00   6.765475e-02 226200607040401030      18563      15236     0 2453920.670116  1.407291e+01  3.127445e-02  1.407291e+01  3.127445e-02 
   79415967   2.499951e+00   6.679580e-02   2.499951e+00   6.679580e-02 226200607080355190      18562      15218     0 2453924.666285  1.400517e+01  2.900972e-02  1.400517e+01  2.900972e-02 
   79416126   2.450614e+00   6.790739e-02   2.450614e+00   6.790739e-02 226200607080357580      18550      15251     0 2453924.668125  1.402681e+01  3.008624e-02  1.402681e+01  3.008624e-02 
   79416191   2.587259e+00   6.802418e-02   2.587259e+00   6.802418e-02 226200607080359030      18559      15209     0 2453924.668877  1.396790e+01  2.854626e-02  1.396790e+01  2.854626e-02 
   79416249   2.492692e+00   6.739961e-02   2.492692e+00   6.739961e-02 226200607080400010      18560      15205     0 2453924.669549  1.400833e+01  2.935720e-02  1.400833e+01  2.935720e-02 
   79502456   2.476170e+00   1.035914e-01   2.476170e+00   1.035914e-01 226200607090356450      18566      15209     0 2453925.667315  1.401555e+01  4.542230e-02  1.401555e+01  4.542230e-02 
   79502508   2.488660e+00   1.025689e-01   2.488660e+00   1.025689e-01 226200607090357380      18567      15205     0 2453925.667917  1.401009e+01  4.474825e-02  1.401009e+01  4.474825e-02 
   79502577   2.565683e+00   1.001840e-01   2.565683e+00   1.001840e-01 226200607090358470      18567      15201     0 2453925.668715  1.397699e+01  4.239564e-02  1.397699e+01  4.239564e-02 
   79502731   2.584988e+00   9.759512e-02   2.584988e+00   9.759512e-02 226200607090401200      18569      15185     0 2453925.670498  1.396885e+01  4.099165e-02  1.396885e+01  4.099165e-02 
   80278221   2.612790e+00   1.368064e-01   2.612790e+00   1.368064e-01 226200607180325470      18579      15177     0 2453934.646076  1.395724e+01  5.684965e-02  1.395724e+01  5.684965e-02 
   80278283   2.503901e+00   1.286678e-01   2.503901e+00   1.286678e-01 226200607180326500      18587      15136     0 2453934.646794  1.400346e+01  5.579286e-02  1.400346e+01  5.579286e-02 
   80278358   2.870974e+00   1.500416e-01   2.870974e+00   1.500416e-01 226200607180328050      18579      15171     0 2453934.647662  1.385493e+01  5.674249e-02  1.385493e+01  5.674249e-02 
   80278436   2.379282e+00   1.310850e-01   2.379282e+00   1.310850e-01 226200607180329220      18589      15129     0 2453934.648565  1.405889e+01  5.981814e-02  1.405889e+01  5.981814e-02 
   80364314   2.526438e+00   8.341244e-02   2.526438e+00   8.341244e-02 226200607190320380      18580      15142     0 2453935.642523  1.399373e+01  3.584661e-02  1.399373e+01  3.584661e-02 
   80364370   2.516367e+00   8.311035e-02   2.516367e+00   8.311035e-02 226200607190321350      18580      15140     0 2453935.643171  1.399806e+01  3.585973e-02  1.399806e+01  3.585973e-02 
   80364430   2.651480e+00   8.316693e-02   2.651480e+00   8.316693e-02 226200607190322340      18580      15137     0 2453935.643866  1.394128e+01  3.405557e-02  1.394128e+01  3.405557e-02 
   80364491   2.454628e+00   8.327859e-02   2.454628e+00   8.327859e-02 226200607190323360      18581      15134     0 2453935.644572  1.402504e+01  3.683608e-02  1.402504e+01  3.683608e-02 
   80450531   2.529081e+00   7.613896e-02   2.529081e+00   7.613896e-02 226200607200317340      18583      15138     0 2453936.640405  1.399259e+01  3.268662e-02  1.399259e+01  3.268662e-02 
   80450592   2.506939e+00   7.598446e-02   2.506939e+00   7.598446e-02 226200607200318350      18583      15136     0 2453936.641111  1.400214e+01  3.290841e-02  1.400214e+01  3.290841e-02 
   80450656   2.459704e+00   7.637800e-02   2.459704e+00   7.637800e-02 226200607200319380      18583      15133     0 2453936.641852  1.402279e+01  3.371407e-02  1.402279e+01  3.371407e-02 
   80450713   2.642517e+00   7.688413e-02   2.642517e+00   7.688413e-02 226200607200320360      18583      15130     0 2453936.642512  1.394496e+01  3.158965e-02  1.394496e+01  3.158965e-02 
   80967470   2.501690e+00   6.609812e-02   2.501690e+00   6.609812e-02 226200607260253020      18558      15169     0 2453942.623495  1.400442e+01  2.868675e-02  1.400442e+01  2.868675e-02 
   80967529   2.520754e+00   6.565678e-02   2.520754e+00   6.565678e-02 226200607260254000      18559      15165     0 2453942.624178  1.399617e+01  2.827971e-02  1.399617e+01  2.827971e-02 
   80967589   2.522057e+00   6.622321e-02   2.522057e+00   6.622321e-02 226200607260255010      18559      15162     0 2453942.624873  1.399561e+01  2.850895e-02  1.399561e+01  2.850895e-02 
   80967645   2.550591e+00   6.669661e-02   2.550591e+00   6.669661e-02 226200607260255560      18560      15159     0 2453942.625521  1.398340e+01  2.839154e-02  1.398340e+01  2.839154e-02 
   81053692   2.454984e+00   7.130536e-02   2.454984e+00   7.130536e-02 226200607270250020      18553      15166     0 2453943.621435  1.402488e+01  3.153548e-02  1.402488e+01  3.153548e-02 
   81053754   2.463377e+00   7.438312e-02   2.463377e+00   7.438312e-02 226200607270251040      18555      15162     0 2453943.622153  1.402117e+01  3.278456e-02  1.402117e+01  3.278456e-02 
   81053810   2.573939e+00   7.261346e-02   2.573939e+00   7.261346e-02 226200607270251590      18555      15159     0 2453943.622801  1.397350e+01  3.062984e-02  1.397350e+01  3.062984e-02 
   81053872   2.512545e+00   7.155082e-02   2.512545e+00   7.155082e-02 226200607270253010      18556      15155     0 2453943.623519  1.399972e+01  3.091908e-02  1.399972e+01  3.091908e-02 
   81139871   2.735474e+00   2.822827e-01   2.735474e+00   2.822827e-01 226200607280246190      18568      15164     0 2453944.618877  1.390742e+01  1.120411e-01  1.390742e+01  1.120411e-01 
   81139930   2.263515e+00   3.369919e-01   2.263515e+00   3.369919e-01 226200607280247170      18569      15160     0 2453944.619560  1.411304e+01  1.616449e-01  1.411304e+01  1.616449e-01 
   81139984   2.393864e+00   3.102176e-01   2.393864e+00   3.102176e-01 226200607280248110      18569      15158     0 2453944.620185  1.405225e+01  1.406996e-01  1.405225e+01  1.406996e-01 
   81140038   2.194894e+00   2.558193e-01   2.194894e+00   2.558193e-01 226200607280249060      18570      15155     0 2453944.620810  1.414647e+01  1.265452e-01  1.414647e+01  1.265452e-01 
   82346122   2.119967e+00   2.508020e-01   2.119967e+00   2.508020e-01 226200608110150170      18548      15240     0 2453958.580116  1.418418e+01  1.284481e-01  1.418418e+01  1.284481e-01 
   82346178   2.600251e+00   2.506531e-01   2.600251e+00   2.506531e-01 226200608110151120      18550      15237     0 2453958.580764  1.396246e+01  1.046607e-01  1.396246e+01  1.046607e-01 
   82346233   3.024620e+00   2.514946e-01   3.024620e+00   2.514946e-01 226200608110152070      18550      15233     0 2453958.581400  1.379832e+01  9.027838e-02  1.379832e+01  9.027838e-02 
   82346292   2.766943e+00   2.496388e-01   2.766943e+00   2.496388e-01 226200608110153070      18550      15230     0 2453958.582083  1.389500e+01  9.795750e-02  1.389500e+01  9.795750e-02 
   82518479   2.511449e+00   1.645250e-01   2.511449e+00   1.645250e-01 226200608130142530      18571      15171     0 2453960.574988  1.400019e+01  7.112680e-02  1.400019e+01  7.112680e-02 
   82518538   2.692638e+00   1.627863e-01   2.692638e+00   1.627863e-01 226200608130143530      18572      15167     0 2453960.575671  1.392455e+01  6.563956e-02  1.392455e+01  6.563956e-02 
   82518600   2.474758e+00   1.643835e-01   2.474758e+00   1.643835e-01 226200608130144550      18573      15163     0 2453960.576389  1.401617e+01  7.211925e-02  1.401617e+01  7.211925e-02 
   82518678   3.054110e+00   1.655642e-01   3.054110e+00   1.655642e-01 226200608130146120      18565      15197     0 2453960.577292  1.378779e+01  5.885830e-02  1.378779e+01  5.885830e-02 
   82604661   2.400391e+00   1.331960e-01   2.400391e+00   1.331960e-01 226200608140139160      18605      15175     0 2453961.572465  1.404930e+01  6.024695e-02  1.404930e+01  6.024695e-02 
   82604717   2.220123e+00   1.335523e-01   2.220123e+00   1.335523e-01 226200608140140120      18607      15171     0 2453961.573113  1.413406e+01  6.531307e-02  1.413406e+01  6.531307e-02 
   82604774   2.442732e+00   1.362464e-01   2.442732e+00   1.362464e-01 226200608140141080      18620      15171     0 2453961.573773  1.403031e+01  6.055850e-02  1.403031e+01  6.055850e-02 
   82604828   2.523853e+00   1.382344e-01   2.523853e+00   1.382344e-01 226200608140142030      18619      15168     0 2453961.574398  1.399484e+01  5.946726e-02  1.399484e+01  5.946726e-02 
   82863138   2.610485e+00   8.673101e-02   2.610485e+00   8.673101e-02 226200608170127130      18586      15195     0 2453964.564097  1.395820e+01  3.607273e-02  1.395820e+01  3.607273e-02 
   82863205   2.591717e+00   8.633711e-02   2.591717e+00   8.633711e-02 226200608170128190      18597      15152     0 2453964.564873  1.396603e+01  3.616893e-02  1.396603e+01  3.616893e-02 
   82863261   2.425034e+00   8.646867e-02   2.425034e+00   8.646867e-02 226200608170129160      18597      15150     0 2453964.565521  1.403821e+01  3.871389e-02  1.403821e+01  3.871389e-02 
   82863321   2.607635e+00   8.663283e-02   2.607635e+00   8.663283e-02 226200608170130160      18598      15146     0 2453964.566215  1.395938e+01  3.607128e-02  1.395938e+01  3.607128e-02 
   82949311   2.479319e+00   6.782576e-02   2.479319e+00   6.782576e-02 226200608180123250      18572      15187     0 2453965.561470  1.401417e+01  2.970217e-02  1.401417e+01  2.970217e-02 
   82949373   2.617411e+00   6.909932e-02   2.617411e+00   6.909932e-02 226200608180124270      18574      15189     0 2453965.562187  1.395532e+01  2.866340e-02  1.395532e+01  2.866340e-02 
   82949436   2.574131e+00   6.802499e-02   2.574131e+00   6.802499e-02 226200608180125310      18572      15185     0 2453965.562917  1.397342e+01  2.869219e-02  1.397342e+01  2.869219e-02 
   82949529   2.502617e+00   6.902851e-02   2.502617e+00   6.902851e-02 226200608180127030      18564      15218     0 2453965.563993  1.400401e+01  2.994746e-02  1.400401e+01  2.994746e-02 
   83724745   2.626505e+00   6.878330e-02   2.626505e+00   6.878330e-02 226200608270047250      18538      15255     0 2453974.536400  1.395155e+01  2.843352e-02  1.395155e+01  2.843352e-02 
   83724809   2.574920e+00   6.854425e-02   2.574920e+00   6.854425e-02 226200608270048280      18546      15211     0 2453974.537141  1.397309e+01  2.890235e-02  1.397309e+01  2.890235e-02 
   83724884   2.606050e+00   6.864719e-02   2.606050e+00   6.864719e-02 226200608270049440      18538      15246     0 2453974.538009  1.396004e+01  2.859999e-02  1.396004e+01  2.859999e-02 
   83724946   2.608874e+00   6.863310e-02   2.608874e+00   6.863310e-02 226200608270050460      18546      15204     0 2453974.538727  1.395887e+01  2.856316e-02  1.395887e+01  2.856316e-02 
   83810912   2.591735e+00   6.562255e-02   2.591735e+00   6.562255e-02 226200608280043330      18548      15252     0 2453975.533704  1.396602e+01  2.749086e-02  1.396602e+01  2.749086e-02 
   83810964   2.378278e+00   6.499042e-02   2.378278e+00   6.499042e-02 226200608280044250      18548      15250     0 2453975.534306  1.405934e+01  2.966966e-02  1.405934e+01  2.966966e-02 
   83811036   2.508000e+00   6.481762e-02   2.508000e+00   6.481762e-02 226200608280045360      18547      15245     0 2453975.535139  1.400168e+01  2.806024e-02  1.400168e+01  2.806024e-02 
   83811092   2.517653e+00   6.514817e-02   2.517653e+00   6.514817e-02 226200608280046320      18546      15244     0 2453975.535787  1.399751e+01  2.809521e-02  1.399751e+01  2.809521e-02 
   84328748   2.891124e+00   1.699070e-01   2.891124e+00   1.699070e-01 226200609030034170      18531      15155     0 2453981.527176  1.384733e+01  6.380728e-02  1.384733e+01  6.380728e-02 
   84328820   2.936533e+00   1.731877e-01   2.936533e+00   1.731877e-01 226200609030035290      18522      15189     0 2453981.528009  1.383041e+01  6.403360e-02  1.383041e+01  6.403360e-02 
   84328887   2.638188e+00   1.725255e-01   2.638188e+00   1.725255e-01 226200609030036350      18528      15146     0 2453981.528785  1.394674e+01  7.100245e-02  1.394674e+01  7.100245e-02 
   84328944   2.673860e+00   1.728768e-01   2.673860e+00   1.728768e-01 226200609030037320      18529      15144     0 2453981.529444  1.393215e+01  7.019786e-02  1.393215e+01  7.019786e-02 
   84500256   2.797562e+00   2.871415e-01   2.797562e+00   2.871415e-01 226200609050012480      18531      15255     0 2453983.512222  1.388305e+01  1.114403e-01  1.388305e+01  1.114403e-01 
   84500316   2.627777e+00   2.829666e-01   2.627777e+00   2.829666e-01 226200609050013480      18532      15250     0 2453983.512917  1.395103e+01  1.169156e-01  1.395103e+01  1.169156e-01 
   84500378   2.790228e+00   2.822146e-01   2.790228e+00   2.822146e-01 226200609050014500      18532      15247     0 2453983.513634  1.388590e+01  1.098160e-01  1.388590e+01  1.098160e-01 
   84500456   1.765368e+00   2.831489e-01   1.765368e+00   2.831489e-01 226200609050016080      18523      15281     0 2453983.514537  1.438291e+01  1.741427e-01  1.438291e+01  1.741427e-01 
   84844932   3.275934e+00   4.181986e-01   3.275934e+00   4.181986e-01 226200609082357310      18539      15274     0 2453987.501528  1.371166e+01  1.386032e-01  1.371166e+01  1.386032e-01 
   84844988   2.413274e+00   4.186066e-01   2.413274e+00   4.186066e-01 226200609082358260      18539      15269     0 2453987.502176  1.404348e+01  1.883325e-01  1.404348e+01  1.883325e-01 
   84845043   2.683962e+00   4.155546e-01   2.683962e+00   4.155546e-01 226200609082359220      18539      15266     0 2453987.502813  1.392806e+01  1.681038e-01  1.392806e+01  1.681038e-01 
   84845107   1.965375e+00   4.122785e-01   1.965375e+00   4.122785e-01 226200609090000260      18539      15264     0 2453987.503553  1.426639e+01  2.277566e-01  1.426639e+01  2.277566e-01 
   85017233   2.448217e+00   2.039472e-01   2.448217e+00   2.039472e-01 226200609102349160      18524      15205     0 2453989.495752  1.402787e+01  9.044693e-02  1.402787e+01  9.044693e-02 
   85017300   2.326844e+00   2.213063e-01   2.326844e+00   2.213063e-01 226200609102350220      18524      15202     0 2453989.496528  1.408308e+01  1.032648e-01  1.408308e+01  1.032648e-01 
   85017357   2.808536e+00   2.255660e-01   2.808536e+00   2.255660e-01 226200609102351200      18524      15200     0 2453989.497187  1.387880e+01  8.720060e-02  1.387880e+01  8.720060e-02 
   85017417   2.416696e+00   2.300237e-01   2.416696e+00   2.300237e-01 226200609102352200      18523      15197     0 2453989.497882  1.404194e+01  1.033419e-01  1.404194e+01  1.033419e-01 
   85361827   2.571681e+00   6.799726e-02   2.571681e+00   6.799726e-02 226200609142332380      18550      15192     0 2453993.484109  1.397446e+01  2.870781e-02  1.397446e+01  2.870781e-02 
   85361884   2.447210e+00   6.761786e-02   2.447210e+00   6.761786e-02 226200609142333360      18551      15189     0 2453993.484769  1.402832e+01  2.999964e-02  1.402832e+01  2.999964e-02 
   85361945   2.517302e+00   6.757905e-02   2.517302e+00   6.757905e-02 226200609142334370      18552      15184     0 2453993.485475  1.399766e+01  2.914759e-02  1.399766e+01  2.914759e-02 
   85362020   2.518358e+00   6.721554e-02   2.518358e+00   6.721554e-02 226200609142335520      18543      15219     0 2453993.486343  1.399721e+01  2.897865e-02  1.399721e+01  2.897865e-02 
   85620725   2.500958e+00   7.135488e-02   2.500958e+00   7.135488e-02 226200609172327440      18543      15206     0 2453996.480613  1.400473e+01  3.097727e-02  1.400473e+01  3.097727e-02 
   85620846   2.472979e+00   7.121538e-02   2.472979e+00   7.121538e-02 226200609172329450      18543      15195     0 2453996.482014  1.401695e+01  3.126650e-02  1.401695e+01  3.126650e-02 
   85620901   2.484291e+00   7.194143e-02   2.484291e+00   7.194143e-02 226200609172330410      18543      15191     0 2453996.482650  1.401199e+01  3.144144e-02  1.401199e+01  3.144144e-02 
   85706521   2.600580e+00   6.869123e-02   2.600580e+00   6.869123e-02 226200609182317440      18535      15221     0 2453997.473623  1.396232e+01  2.867853e-02  1.396232e+01  2.867853e-02 
   85706584   2.681032e+00   6.819460e-02   2.681032e+00   6.819460e-02 226200609182318460      18544      15181     0 2453997.474352  1.392924e+01  2.761683e-02  1.392924e+01  2.761683e-02 
   85706639   2.540460e+00   6.840241e-02   2.540460e+00   6.840241e-02 226200609182319420      18545      15176     0 2453997.474988  1.398772e+01  2.923378e-02  1.398772e+01  2.923378e-02 
   85706716   2.533412e+00   6.866526e-02   2.533412e+00   6.866526e-02 226200609182320580      18537      15210     0 2453997.475880  1.399074e+01  2.942776e-02  1.399074e+01  2.942776e-02 
   85878836   2.646919e+00   6.970297e-02   2.646919e+00   6.970297e-02 226200609202309430      18542      15234     0 2453999.468009  1.394315e+01  2.859147e-02  1.394315e+01  2.859147e-02 
   85878893   2.617009e+00   6.950251e-02   2.617009e+00   6.950251e-02 226200609202310410      18543      15229     0 2453999.468669  1.395549e+01  2.883507e-02  1.395549e+01  2.883507e-02 
   85878954   2.644159e+00   7.048280e-02   2.644159e+00   7.048280e-02 226200609202311410      18544      15225     0 2453999.469375  1.394428e+01  2.894153e-02  1.394428e+01  2.894153e-02 
   85879014   2.487178e+00   7.028350e-02   2.487178e+00   7.028350e-02 226200609202312420      18544      15221     0 2453999.470069  1.401073e+01  3.068120e-02  1.401073e+01  3.068120e-02 
   85964959   2.564865e+00   7.040252e-02   2.564865e+00   7.040252e-02 226200609212305090      18550      15248     0 2454000.464803  1.397734e+01  2.980228e-02  1.397734e+01  2.980228e-02 
   85965112   2.600417e+00   7.100020e-02   2.600417e+00   7.100020e-02 226200609212307420      18552      15236     0 2454000.466574  1.396239e+01  2.964438e-02  1.396239e+01  2.964438e-02 
   85965174   2.569091e+00   7.067215e-02   2.569091e+00   7.067215e-02 226200609212308450      18552      15233     0 2454000.467292  1.397555e+01  2.986722e-02  1.397555e+01  2.986722e-02 
   85965231   2.668873e+00   7.098193e-02   2.668873e+00   7.098193e-02 226200609212309410      18552      15230     0 2454000.467951  1.393418e+01  2.887658e-02  1.393418e+01  2.887658e-02 
   86405073   2.511003e+00   7.424308e-02   2.511003e+00   7.424308e-02 226200609270120390      18454      14709     0 2454005.558715  1.400038e+01  3.210219e-02  1.400038e+01  3.210219e-02 
   86405132   2.593949e+00   7.369118e-02   2.593949e+00   7.369118e-02 226200609270121390      18462      14667     0 2454005.559398  1.396510e+01  3.084465e-02  1.396510e+01  3.084465e-02 
   86405202   2.544662e+00   7.394385e-02   2.544662e+00   7.394385e-02 226200609270122490      18461      14664     0 2454005.560208  1.398592e+01  3.154988e-02  1.398592e+01  3.154988e-02 
   86405261   2.560650e+00   7.402541e-02   2.560650e+00   7.402541e-02 226200609270123480      18460      14661     0 2454005.560891  1.397913e+01  3.138748e-02  1.397913e+01  3.138748e-02 
   87688171   2.527712e+00   6.072952e-02   2.527712e+00   6.072952e-02 226200610112146330      18690      14929     0 2454020.409387  1.399318e+01  2.608543e-02  1.399318e+01  2.608543e-02 
   87688242   2.516302e+00   6.189941e-02   2.516302e+00   6.189941e-02 226200610112147440      18683      14964     0 2454020.410208  1.399809e+01  2.670851e-02  1.399809e+01  2.670851e-02 
   87688316   2.473692e+00   6.148811e-02   2.473692e+00   6.148811e-02 226200610112148580      18692      14922     0 2454020.411065  1.401664e+01  2.698804e-02  1.401664e+01  2.698804e-02 
   87688371   2.499008e+00   6.191228e-02   2.499008e+00   6.191228e-02 226200610112149530      18692      14919     0 2454020.411701  1.400558e+01  2.689892e-02  1.400558e+01  2.689892e-02 
   87860586   2.458111e+00   6.740487e-02   2.458111e+00   6.740487e-02 226200610132140170      18723      14924     0 2454022.404931  1.402350e+01  2.977252e-02  1.402350e+01  2.977252e-02 
   87860653   2.606699e+00   6.816934e-02   2.606699e+00   6.816934e-02 226200610132141240      18723      14922     0 2454022.405706  1.395977e+01  2.839383e-02  1.395977e+01  2.839383e-02 
   87860709   2.487619e+00   6.798930e-02   2.487619e+00   6.798930e-02 226200610132142200      18723      14918     0 2454022.406354  1.401054e+01  2.967445e-02  1.401054e+01  2.967445e-02 
   87860769   2.495829e+00   6.736661e-02   2.495829e+00   6.736661e-02 226200610132143190      18723      14915     0 2454022.407049  1.400696e+01  2.930595e-02  1.400696e+01  2.930595e-02 
   88033259   2.586845e+00   6.586507e-02   2.586845e+00   6.586507e-02 226200610152138180      18722      14941     0 2454024.403461  1.396807e+01  2.764462e-02  1.396807e+01  2.764462e-02 
   88033314   2.557840e+00   6.645795e-02   2.557840e+00   6.645795e-02 226200610152139130      18722      14936     0 2454024.404097  1.398032e+01  2.820976e-02  1.398032e+01  2.820976e-02 
   88033373   2.508623e+00   6.558271e-02   2.508623e+00   6.558271e-02 226200610152140120      18722      14932     0 2454024.404780  1.400141e+01  2.838441e-02  1.400141e+01  2.838441e-02 
   88377518   2.582886e+00   6.461911e-02   2.582886e+00   6.461911e-02 226200610192116140      18716      14975     0 2454028.387940  1.396974e+01  2.716323e-02  1.396974e+01  2.716323e-02 
   88377570   2.493161e+00   6.531490e-02   2.493161e+00   6.531490e-02 226200610192117070      18716      14971     0 2454028.388542  1.400812e+01  2.844381e-02  1.400812e+01  2.844381e-02 
   88377655   2.505682e+00   6.542716e-02   2.505682e+00   6.542716e-02 226200610192118310      18708      15005     0 2454028.389525  1.400268e+01  2.835031e-02  1.400268e+01  2.835031e-02 
   88377717   2.478789e+00   6.554382e-02   2.478789e+00   6.554382e-02 226200610192119340      18708      15002     0 2454028.390243  1.401440e+01  2.870900e-02  1.401440e+01  2.870900e-02 
   88463683   2.453103e+00   6.806044e-02   2.453103e+00   6.806044e-02 226200610202112230      18726      14928     0 2454029.385220  1.402571e+01  3.012346e-02  1.402571e+01  3.012346e-02 
   88463755   2.407940e+00   6.755573e-02   2.407940e+00   6.755573e-02 226200610202113350      18726      14927     0 2454029.386053  1.404589e+01  3.046087e-02  1.404589e+01  3.046087e-02 
   88463818   2.481401e+00   6.768864e-02   2.481401e+00   6.768864e-02 226200610202114380      18726      14925     0 2454029.386782  1.401326e+01  2.961724e-02  1.401326e+01  2.961724e-02 
   88463877   2.627607e+00   6.805430e-02   2.627607e+00   6.805430e-02 226200610202115380      18727      14922     0 2454029.387465  1.395110e+01  2.812037e-02  1.395110e+01  2.812037e-02 
   88551630   2.619523e+00   7.137975e-02   2.619523e+00   7.137975e-02 226200610212138150      18723      14845     0 2454030.403125  1.395444e+01  2.958548e-02  1.395444e+01  2.958548e-02 
   88551691   2.649787e+00   7.118761e-02   2.649787e+00   7.118761e-02 226200610212139160      18714      14879     0 2454030.403831  1.394197e+01  2.916885e-02  1.394197e+01  2.916885e-02 
   88551762   2.482353e+00   7.145357e-02   2.482353e+00   7.145357e-02 226200610212140270      18721      14837     0 2454030.404653  1.401284e+01  3.125260e-02  1.401284e+01  3.125260e-02 
   88551834   2.439516e+00   7.178333e-02   2.439516e+00   7.178333e-02 226200610212141400      18712      14871     0 2454030.405486  1.403174e+01  3.194815e-02  1.403174e+01  3.194815e-02 
   88637692   2.343856e+00   4.969936e-01   2.343856e+00   4.969936e-01 226200610222132410      18713      14890     0 2454031.399213  1.407517e+01  2.302215e-01  1.407517e+01  2.302215e-01 
   88637765   1.631488e+00   6.771441e-01   1.631488e+00   6.771441e-01 226200610222133550      18721      14849     0 2454031.400058  1.446854e+01  4.506331e-01  1.446854e+01  4.506331e-01 
   88637840   1.627527e+00   8.339329e-01   1.627527e+00   8.339329e-01 226200610222135100      18712      14884     0 2454031.400926  1.447118e+01  5.563254e-01  1.447118e+01  5.563254e-01 
   88637902   2.426321e+00   9.078810e-01   2.426321e+00   9.078810e-01 226200610222136110      18712      14881     0 2454031.401644  1.403763e+01  4.062624e-01  1.403763e+01  4.062624e-01 
   88722181   2.631155e+00   6.874231e-02   2.631155e+00   6.874231e-02 226200610232100550      18720      14965     0 2454032.377095  1.394963e+01  2.836635e-02  1.394963e+01  2.836635e-02 
   88722235   2.472623e+00   6.781808e-02   2.472623e+00   6.781808e-02 226200610232101500      18720      14962     0 2454032.377720  1.401711e+01  2.977923e-02  1.401711e+01  2.977923e-02 
   88722299   2.635194e+00   6.833058e-02   2.635194e+00   6.833058e-02 226200610232102530      18719      14960     0 2454032.378461  1.394797e+01  2.815324e-02  1.394797e+01  2.815324e-02 
   88722364   2.566460e+00   6.883303e-02   2.566460e+00   6.883303e-02 226200610232103590      18720      14956     0 2454032.379213  1.397666e+01  2.911979e-02  1.397666e+01  2.911979e-02 
   88980624   2.608893e+00   7.275128e-02   2.608893e+00   7.275128e-02 226200610262048320      18724      15055     0 2454035.368333  1.395886e+01  3.027682e-02  1.395886e+01  3.027682e-02 
   88980678   2.476049e+00   7.275345e-02   2.476049e+00   7.275345e-02 226200610262049260      18724      15051     0 2454035.368958  1.401560e+01  3.190216e-02  1.401560e+01  3.190216e-02 
   88980738   2.634854e+00   7.277665e-02   2.634854e+00   7.277665e-02 226200610262050270      18724      15048     0 2454035.369653  1.394811e+01  2.998896e-02  1.394811e+01  2.998896e-02 
   88980802   2.520807e+00   7.216430e-02   2.520807e+00   7.216430e-02 226200610262051300      18724      15042     0 2454035.370394  1.399615e+01  3.108199e-02  1.399615e+01  3.108199e-02 
   89066739   2.580726e+00   8.596728e-02   2.580726e+00   8.596728e-02 226200610272043520      18728      15033     0 2454036.365035  1.397064e+01  3.616738e-02  1.397064e+01  3.616738e-02 
   89066802   2.607733e+00   8.603793e-02   2.607733e+00   8.603793e-02 226200610272044550      18728      15029     0 2454036.365764  1.395934e+01  3.582223e-02  1.395934e+01  3.582223e-02 
   89066858   2.468874e+00   8.593545e-02   2.468874e+00   8.593545e-02 226200610272045520      18728      15026     0 2454036.366412  1.401875e+01  3.779195e-02  1.401875e+01  3.779195e-02 
   89066923   2.469192e+00   8.577181e-02   2.469192e+00   8.577181e-02 226200610272046560      18728      15023     0 2454036.367164  1.401861e+01  3.771512e-02  1.401861e+01  3.771512e-02 
   89152872   2.410060e+00   1.123302e-01   2.410060e+00   1.123302e-01 226200610282039300      18733      14988     0 2454037.361944  1.404493e+01  5.060514e-02  1.404493e+01  5.060514e-02 
   89153010   2.773686e+00   1.197633e-01   2.773686e+00   1.197633e-01 226200610282041480      18735      14973     0 2454037.363542  1.389236e+01  4.688051e-02  1.389236e+01  4.688051e-02 
   89153071   2.499689e+00   1.078987e-01   2.499689e+00   1.078987e-01 226200610282042490      18735      14971     0 2454037.364248  1.400529e+01  4.686581e-02  1.400529e+01  4.686581e-02 
   89239055   2.505594e+00   1.090603e-01   2.505594e+00   1.090603e-01 226200610292035580      18736      14960     0 2454038.359433  1.400272e+01  4.725870e-02  1.400272e+01  4.725870e-02 
   89239112   2.468335e+00   1.096198e-01   2.468335e+00   1.096198e-01 226200610292036550      18736      14957     0 2454038.360093  1.401899e+01  4.821820e-02  1.401899e+01  4.821820e-02 
   89239159   2.514966e+00   1.113203e-01   2.514966e+00   1.113203e-01 226200610292037410      18737      14951     0 2454038.360637  1.399867e+01  4.805826e-02  1.399867e+01  4.805826e-02 
   89239237   2.732608e+00   1.110239e-01   2.732608e+00   1.110239e-01 226200610292038590      18737      14948     0 2454038.361539  1.390856e+01  4.411286e-02  1.390856e+01  4.411286e-02 
   89411428   2.543722e+00   1.584152e-01   2.543722e+00   1.584152e-01 226200610312029010      18727      14970     0 2454040.354491  1.398633e+01  6.761653e-02  1.398633e+01  6.761653e-02 
   89411503   2.704226e+00   1.581064e-01   2.704226e+00   1.581064e-01 226200610312030160      18719      15002     0 2454040.355359  1.391989e+01  6.347934e-02  1.391989e+01  6.347934e-02 
   89411573   2.642445e+00   1.609220e-01   2.642445e+00   1.609220e-01 226200610312031250      18728      14959     0 2454040.356169  1.394499e+01  6.612038e-02  1.394499e+01  6.612038e-02 
   89411630   2.496862e+00   1.621536e-01   2.496862e+00   1.621536e-01 226200610312032220      18728      14954     0 2454040.356829  1.400651e+01  7.051113e-02  1.400651e+01  7.051113e-02 
   89506361   2.637459e+00   1.864700e-01   2.637459e+00   1.864700e-01 226200611012251190      18659      14423     0 2454041.453252  1.394704e+01  7.676250e-02  1.394704e+01  7.676250e-02 
   89506418   2.345197e+00   1.859123e-01   2.345197e+00   1.859123e-01 226200611012252160      18660      14421     0 2454041.453912  1.407455e+01  8.607054e-02  1.407455e+01  8.607054e-02 
   89506480   2.415721e+00   1.846160e-01   2.415721e+00   1.846160e-01 226200611012253170      18659      14418     0 2454041.454630  1.404238e+01  8.297522e-02  1.404238e+01  8.297522e-02 
   89842186   2.772264e+00   2.300830e-01   2.772264e+00   2.300830e-01 226200611052008420      18745      14953     0 2454045.340116  1.389291e+01  9.011056e-02  1.389291e+01  9.011056e-02 
   89842244   2.719100e+00   2.303764e-01   2.719100e+00   2.303764e-01 226200611052009400      18745      14949     0 2454045.340787  1.391394e+01  9.198959e-02  1.391394e+01  9.198959e-02 
   89842315   2.580356e+00   2.300380e-01   2.580356e+00   2.300380e-01 226200611052010520      18745      14944     0 2454045.341609  1.397080e+01  9.679339e-02  1.397080e+01  9.679339e-02 
   89842374   3.018109e+00   2.309324e-01   3.018109e+00   2.309324e-01 226200611052011510      18745      14940     0 2454045.342292  1.380066e+01  8.307604e-02  1.380066e+01  8.307604e-02 
   89928369   2.694682e+00   1.792323e-01   2.694682e+00   1.792323e-01 226200611062005110      18738      14989     0 2454046.337604  1.392373e+01  7.221618e-02  1.392373e+01  7.221618e-02 
   89928438   2.789991e+00   1.821515e-01   2.789991e+00   1.821515e-01 226200611062006190      18738      14984     0 2454046.338403  1.388599e+01  7.088525e-02  1.388599e+01  7.088525e-02 
   89928492   2.532011e+00   1.818134e-01   2.532011e+00   1.818134e-01 226200611062007140      18739      14982     0 2454046.339028  1.399134e+01  7.796255e-02  1.399134e+01  7.796255e-02 
   89928556   2.773630e+00   1.799183e-01   2.773630e+00   1.799183e-01 226200611062008180      18739      14977     0 2454046.339769  1.389238e+01  7.042918e-02  1.389238e+01  7.042918e-02 
   90014556   2.394814e+00   1.055704e-01   2.394814e+00   1.055704e-01 226200611072001430      18744      15009     0 2454047.335139  1.405182e+01  4.786259e-02  1.405182e+01  4.786259e-02 
   90014610   2.587508e+00   1.078565e-01   2.587508e+00   1.078565e-01 226200611072002370      18743      15005     0 2454047.335764  1.396780e+01  4.525748e-02  1.396780e+01  4.525748e-02 
   90014699   2.588712e+00   1.088539e-01   2.588712e+00   1.088539e-01 226200611072004050      18735      15039     0 2454047.336794  1.396729e+01  4.565476e-02  1.396729e+01  4.565476e-02 
   90014761   2.550451e+00   1.116430e-01   2.550451e+00   1.116430e-01 226200611072005080      18734      15035     0 2454047.337512  1.398346e+01  4.752700e-02  1.398346e+01  4.752700e-02 
   90273042   2.475275e+00   7.571556e-02   2.475275e+00   7.571556e-02 226200611101950030      18742      14981     0 2454050.326875  1.401594e+01  3.321143e-02  1.401594e+01  3.321143e-02 
   90273096   2.481064e+00   7.418512e-02   2.481064e+00   7.418512e-02 226200611101950570      18741      14978     0 2454050.327500  1.401340e+01  3.246420e-02  1.401340e+01  3.246420e-02 
   90273144   2.533615e+00   7.354161e-02   2.533615e+00   7.354161e-02 226200611101951450      18741      14974     0 2454050.328056  1.399065e+01  3.151508e-02  1.399065e+01  3.151508e-02 
   90273209   2.572482e+00   7.481532e-02   2.572482e+00   7.481532e-02 226200611101952500      18740      14970     0 2454050.328808  1.397412e+01  3.157650e-02  1.397412e+01  3.157650e-02 
   90617653   2.512862e+00   7.061433e-02   2.512862e+00   7.061433e-02 226200611141933540      18725      15017     0 2454054.315428  1.399958e+01  3.051055e-02  1.399958e+01  3.051055e-02 
   90617715   2.519906e+00   7.034554e-02   2.519906e+00   7.034554e-02 226200611141934560      18724      15013     0 2454054.316146  1.399654e+01  3.030945e-02  1.399654e+01  3.030945e-02 
   90617775   2.569831e+00   7.025231e-02   2.569831e+00   7.025231e-02 226200611141935570      18733      14971     0 2454054.316840  1.397524e+01  2.968123e-02  1.397524e+01  2.968123e-02 
   90617826   2.519349e+00   7.063751e-02   2.519349e+00   7.063751e-02 226200611141936470      18733      14969     0 2454054.317431  1.399678e+01  3.044198e-02  1.399678e+01  3.044198e-02 
   93120159   2.816231e+00   1.479181e-01   2.816231e+00   1.479181e-01 226200612131844400      19358      14813     0 2454083.279618  1.387583e+01  5.702676e-02  1.387583e+01  5.702676e-02 
   93120218   2.642134e+00   1.399422e-01   2.642134e+00   1.399422e-01 226200612131845380      19358      14811     0 2454083.280301  1.394511e+01  5.750684e-02  1.394511e+01  5.750684e-02 
   93120294   2.739005e+00   1.313023e-01   2.739005e+00   1.313023e-01 226200612131846550      19350      14844     0 2454083.281181  1.390602e+01  5.204817e-02  1.390602e+01  5.204817e-02 
   93120358   2.688190e+00   1.228173e-01   2.688190e+00   1.228173e-01 226200612131847580      19359      14803     0 2454083.281921  1.392635e+01  4.960500e-02  1.392635e+01  4.960500e-02 
   93292991   2.398736e+00   1.798486e-01   2.398736e+00   1.798486e-01 226200612151845190      19339      14757     0 2454085.279988  1.405004e+01  8.140489e-02  1.405004e+01  8.140489e-02 
   93293045   2.441953e+00   1.691104e-01   2.441953e+00   1.691104e-01 226200612151846130      19339      14755     0 2454085.280613  1.403066e+01  7.518979e-02  1.403066e+01  7.518979e-02 
   93293153   2.453718e+00   1.507024e-01   2.453718e+00   1.507024e-01 226200612151848010      19341      14750     0 2454085.281863  1.402544e+01  6.668395e-02  1.402544e+01  6.668395e-02 
   93467331   2.620432e+00   8.129381e-02   2.620432e+00   8.129381e-02 226200612171911080      19717      14489     0 2454087.297813  1.395407e+01  3.368297e-02  1.395407e+01  3.368297e-02 
   93467385   2.536664e+00   8.037887e-02   2.536664e+00   8.037887e-02 226200612171912030      19715      14485     0 2454087.298437  1.398934e+01  3.440367e-02  1.398934e+01  3.440367e-02 
   93467445   2.530172e+00   7.867090e-02   2.530172e+00   7.867090e-02 226200612171913020      19714      14482     0 2454087.299132  1.399212e+01  3.375903e-02  1.399212e+01  3.375903e-02 
   93467515   2.557810e+00   7.911312e-02   2.557810e+00   7.911312e-02 226200612171914130      19705      14516     0 2454087.299942  1.398033e+01  3.358197e-02  1.398033e+01  3.358197e-02 
   93556683   2.637344e+00   7.498974e-02   2.637344e+00   7.498974e-02 226200612182000250      18762      14415     0 2454088.331979  1.394708e+01  3.087172e-02  1.394708e+01  3.087172e-02 
   93556743   2.386556e+00   7.408036e-02   2.386556e+00   7.408036e-02 226200612182001250      18762      14413     0 2454088.332674  1.405557e+01  3.370212e-02  1.405557e+01  3.370212e-02 
   93556810   2.405296e+00   7.410745e-02   2.405296e+00   7.410745e-02 226200612182002320      18761      14410     0 2454088.333449  1.404708e+01  3.345178e-02  1.404708e+01  3.345178e-02 
   93556876   2.473178e+00   7.383335e-02   2.473178e+00   7.383335e-02 226200612182003370      18760      14407     0 2454088.334213  1.401686e+01  3.241328e-02  1.401686e+01  3.241328e-02 
   93725441   2.603194e+00   1.414293e-01   2.603194e+00   1.414293e-01 226200612201853100      18782      14651     0 2454090.285197  1.396123e+01  5.898734e-02  1.396123e+01  5.898734e-02 
   93725498   2.490525e+00   1.353597e-01   2.490525e+00   1.353597e-01 226200612201854080      18782      14648     0 2454090.285856  1.400927e+01  5.900982e-02  1.400927e+01  5.900982e-02 
   93725560   2.472920e+00   1.281985e-01   2.472920e+00   1.281985e-01 226200612201855100      18782      14645     0 2454090.286574  1.401697e+01  5.628579e-02  1.401697e+01  5.628579e-02 
   94935166   2.160037e+00   2.761225e-01   2.160037e+00   2.761225e-01 226200701031856070      18728      14468     0 2454104.286644  1.416385e+01  1.387926e-01  1.416385e+01  1.387926e-01 
   94935232   2.531240e+00   2.718779e-01   2.531240e+00   2.718779e-01 226200701031857140      18729      14466     0 2454104.287407  1.399167e+01  1.166182e-01  1.399167e+01  1.166182e-01 
   94935290   2.663463e+00   2.681708e-01   2.663463e+00   2.681708e-01 226200701031858120      18728      14464     0 2454104.288079  1.393638e+01  1.093177e-01  1.393638e+01  1.093177e-01 
   94935355   2.412829e+00   2.653082e-01   2.412829e+00   2.653082e-01 226200701031859170      18727      14461     0 2454104.288831  1.404368e+01  1.193850e-01  1.404368e+01  1.193850e-01 
   95021594   2.880537e+00   2.089652e-01   2.880537e+00   2.089652e-01 226200701041856390      18715      14491     0 2454105.286968  1.385132e+01  7.876374e-02  1.385132e+01  7.876374e-02 
   95021660   2.416128e+00   1.970172e-01   2.416128e+00   1.970172e-01 226200701041857440      18723      14450     0 2454105.287731  1.404220e+01  8.853398e-02  1.404220e+01  8.853398e-02 
   95021731   2.383259e+00   1.882271e-01   2.383259e+00   1.882271e-01 226200701041858560      18722      14448     0 2454105.288553  1.405707e+01  8.575052e-02  1.405707e+01  8.575052e-02 
   95021779   2.394939e+00   1.830394e-01   2.394939e+00   1.830394e-01 226200701041859440      18722      14446     0 2454105.289109  1.405176e+01  8.298050e-02  1.405176e+01  8.298050e-02 
   95107893   2.468444e+00   1.798801e-01   2.468444e+00   1.798801e-01 226200701051855020      18704      14443     0 2454106.285799  1.401894e+01  7.911990e-02  1.401894e+01  7.911990e-02 
   95107939   2.671162e+00   1.715234e-01   2.671162e+00   1.715234e-01 226200701051855480      18704      14440     0 2454106.286331  1.393325e+01  6.971866e-02  1.393325e+01  6.971866e-02 
   95108003   2.616981e+00   1.622276e-01   2.616981e+00   1.622276e-01 226200701051856510      18703      14438     0 2454106.287072  1.395550e+01  6.730541e-02  1.395550e+01  6.730541e-02 
   95108057   2.364308e+00   1.529388e-01   2.364308e+00   1.529388e-01 226200701051857460      18702      14436     0 2454106.287697  1.406574e+01  7.023273e-02  1.406574e+01  7.023273e-02 
   95280679   2.486983e+00   1.605113e-01   2.486983e+00   1.605113e-01 226200701071854540      18690      14414     0 2454108.285637  1.401082e+01  7.007429e-02  1.401082e+01  7.007429e-02 
   95280800   2.336290e+00   1.427503e-01   2.336290e+00   1.427503e-01 226200701071856550      18717      14454     0 2454108.287037  1.407868e+01  6.634009e-02  1.407868e+01  6.634009e-02 
   95280864   2.508315e+00   1.349643e-01   2.508315e+00   1.349643e-01 226200701071857590      18716      14450     0 2454108.287778  1.400154e+01  5.842013e-02  1.400154e+01  5.842013e-02 
   95280920   2.459209e+00   1.279753e-01   2.459209e+00   1.279753e-01 226200701071858540      18715      14448     0 2454108.288426  1.402301e+01  5.650107e-02  1.402301e+01  5.650107e-02 
   95367140   2.115802e+00   1.841809e-01   2.115802e+00   1.841809e-01 226200701081855580      18669      14406     0 2454109.286343  1.418631e+01  9.451380e-02  1.418631e+01  9.451380e-02 
   95367196   2.368001e+00   1.735440e-01   2.368001e+00   1.735440e-01 226200701081856530      18669      14405     0 2454109.286991  1.406404e+01  7.957079e-02  1.406404e+01  7.957079e-02 
   95367251   2.633255e+00   1.637842e-01   2.633255e+00   1.637842e-01 226200701081857490      18668      14403     0 2454109.287627  1.394877e+01  6.753129e-02  1.394877e+01  6.753129e-02 
   95367307   2.658051e+00   1.542055e-01   2.658051e+00   1.542055e-01 226200701081858450      18668      14402     0 2454109.288275  1.393859e+01  6.298869e-02  1.393859e+01  6.298869e-02 
   95453525   2.677368e+00   1.809455e-01   2.677368e+00   1.809455e-01 226200701091855450      18659      14398     0 2454110.286169  1.393073e+01  7.337792e-02  1.393073e+01  7.337792e-02 
   95453581   2.724447e+00   1.710618e-01   2.724447e+00   1.710618e-01 226200701091856400      18659      14397     0 2454110.286817  1.391180e+01  6.817111e-02  1.391180e+01  6.817111e-02 
   95453635   2.502411e+00   1.620288e-01   2.502411e+00   1.620288e-01 226200701091857350      18658      14395     0 2454110.287442  1.400410e+01  7.030064e-02  1.400410e+01  7.030064e-02 
   95453691   2.630841e+00   1.548327e-01   2.630841e+00   1.548327e-01 226200701091858300      18658      14394     0 2454110.288090  1.394976e+01  6.389898e-02  1.394976e+01  6.389898e-02 
   95539913   2.660189e+00   1.818192e-01   2.660189e+00   1.818192e-01 226200701101855350      18647      14391     0 2454111.286030  1.393772e+01  7.420839e-02  1.393772e+01  7.420839e-02 
   95539967   2.894200e+00   1.724423e-01   2.894200e+00   1.724423e-01 226200701101856300      18646      14390     0 2454111.286655  1.384618e+01  6.469060e-02  1.384618e+01  6.469060e-02 
   95540021   2.352936e+00   1.633709e-01   2.352936e+00   1.633709e-01 226200701101857240      18646      14389     0 2454111.287280  1.407097e+01  7.538594e-02  1.407097e+01  7.538594e-02 
   95540077   2.593232e+00   1.550548e-01   2.593232e+00   1.550548e-01 226200701101858190      18645      14388     0 2454111.287928  1.396540e+01  6.491868e-02  1.396540e+01  6.491868e-02 
   95626295   2.518345e+00   1.910927e-01   2.518345e+00   1.910927e-01 226200701111855210      18661      14377     0 2454112.285822  1.399721e+01  8.238627e-02  1.399721e+01  8.238627e-02 
   95626351   2.540966e+00   1.804594e-01   2.540966e+00   1.804594e-01 226200701111856160      18660      14377     0 2454112.286470  1.398750e+01  7.710927e-02  1.398750e+01  7.710927e-02 
   95626405   2.367431e+00   1.710272e-01   2.367431e+00   1.710272e-01 226200701111857110      18659      14374     0 2454112.287095  1.406431e+01  7.843570e-02  1.406431e+01  7.843570e-02 
   95712678   2.665465e+00   1.795398e-01   2.665465e+00   1.795398e-01 226200701121855060      18678      14361     0 2454113.285625  1.393557e+01  7.313303e-02  1.393557e+01  7.313303e-02 
   95712732   2.689610e+00   1.704692e-01   2.689610e+00   1.704692e-01 226200701121856000      18677      14361     0 2454113.286250  1.392578e+01  6.881488e-02  1.392578e+01  6.881488e-02 
   95712786   2.667282e+00   1.617815e-01   2.667282e+00   1.617815e-01 226200701121856550      18676      14360     0 2454113.286875  1.393483e+01  6.585456e-02  1.393483e+01  6.585456e-02 
   95712842   2.552613e+00   1.536249e-01   2.552613e+00   1.536249e-01 226200701121857500      18676      14359     0 2454113.287523  1.398254e+01  6.534351e-02  1.398254e+01  6.534351e-02 
   95799097   2.691146e+00   1.582162e-01   2.691146e+00   1.582162e-01 226200701131855270      18664      14365     0 2454114.285845  1.392516e+01  6.383216e-02  1.392516e+01  6.383216e-02 
   95799151   2.785226e+00   1.508069e-01   2.785226e+00   1.508069e-01 226200701131856210      18664      14364     0 2454114.286470  1.388785e+01  5.878773e-02  1.388785e+01  5.878773e-02 
   95799275   2.479436e+00   1.350492e-01   2.479436e+00   1.350492e-01 226200701131858250      18662      14362     0 2454114.287905  1.401412e+01  5.913777e-02  1.401412e+01  5.913777e-02 
   95799329   2.444201e+00   1.292025e-01   2.444201e+00   1.292025e-01 226200701131859200      18661      14360     0 2454114.288530  1.402966e+01  5.739313e-02  1.402966e+01  5.739313e-02 
   95885565   2.494983e+00   1.475248e-01   2.494983e+00   1.475248e-01 226200701141856390      18657      14336     0 2454115.286632  1.400733e+01  6.419825e-02  1.400733e+01  6.419825e-02 
   95885621   2.701558e+00   1.405516e-01   2.701558e+00   1.405516e-01 226200701141857340      18657      14335     0 2454115.287280  1.392096e+01  5.648682e-02  1.392096e+01  5.648682e-02 
   95885675   2.683772e+00   1.341685e-01   2.683772e+00   1.341685e-01 226200701141858290      18657      14334     0 2454115.287905  1.392814e+01  5.427888e-02  1.392814e+01  5.427888e-02 
   95885807   2.673651e+00   1.205135e-01   2.673651e+00   1.205135e-01 226200701141900410      18655      14335     0 2454115.289433  1.393224e+01  4.893921e-02  1.393224e+01  4.893921e-02 
  105941692   2.919805e+00   1.877594e-01   2.919805e+00   1.877594e-01 226200705110414520      18613      15515     0 2454231.676991  1.383662e+01  6.981899e-02  1.383662e+01  6.981899e-02 
  105941748   2.146186e+00   1.962833e-01   2.146186e+00   1.962833e-01 226200705110415490      18615      15514     0 2454231.677639  1.417083e+01  9.929829e-02  1.417083e+01  9.929829e-02 
  105941807   2.620645e+00   2.055154e-01   2.620645e+00   2.055154e-01 226200705110416470      18616      15513     0 2454231.678322  1.395398e+01  8.514557e-02  1.395398e+01  8.514557e-02 
  105941862   2.484987e+00   2.183155e-01   2.484987e+00   2.183155e-01 226200705110417430      18619      15512     0 2454231.678958  1.401169e+01  9.538636e-02  1.401169e+01  9.538636e-02 
  106027748   2.470499e+00   1.203339e-01   2.470499e+00   1.203339e-01 226200705120409040      18645      15508     0 2454232.673009  1.401804e+01  5.288460e-02  1.401804e+01  5.288460e-02 
  106027874   2.522965e+00   1.282481e-01   2.522965e+00   1.282481e-01 226200705120411090      18622      15508     0 2454232.674468  1.399522e+01  5.519065e-02  1.399522e+01  5.519065e-02 
  106027928   2.388059e+00   1.325276e-01   2.388059e+00   1.325276e-01 226200705120412040      18626      15507     0 2454232.675093  1.405489e+01  6.025415e-02  1.405489e+01  6.025415e-02 
  106027982   2.550311e+00   1.392351e-01   2.550311e+00   1.392351e-01 226200705120412580      18628      15506     0 2454232.675718  1.398352e+01  5.927632e-02  1.398352e+01  5.927632e-02 
  106114004   2.551183e+00   1.188071e-01   2.551183e+00   1.188071e-01 226200705130406340      18612      15522     0 2454233.671343  1.398315e+01  5.056228e-02  1.398315e+01  5.056228e-02 
  106114058   2.475459e+00   1.214144e-01   2.475459e+00   1.214144e-01 226200705130407290      18615      15520     0 2454233.671968  1.401586e+01  5.325255e-02  1.401586e+01  5.325255e-02 
  106114114   2.454818e+00   1.243800e-01   2.454818e+00   1.243800e-01 226200705130408240      18616      15520     0 2454233.672616  1.402495e+01  5.501194e-02  1.402495e+01  5.501194e-02 
  106114168   2.606093e+00   1.274444e-01   2.606093e+00   1.274444e-01 226200705130409190      18618      15519     0 2454233.673241  1.396002e+01  5.309536e-02  1.396002e+01  5.309536e-02 
  124569744   8.275347e+00   6.428126e-01   8.275347e+00   6.428126e-01 226200712121844190      15835      16522     0 2454447.279444  1.270553e+01  8.433814e-02  1.270553e+01  8.433814e-02 
  124571674   1.799151e+00   8.775549e-02   1.799151e+00   8.775549e-02 223200712121916280      30008       5054     0 2454447.301782  1.436233e+01  5.295812e-02  1.436233e+01  5.295812e-02 
  124573009   1.690628e+00   8.588357e-02   1.690628e+00   8.588357e-02 223200712121938430      29987       4971     0 2454447.317234  1.442988e+01  5.515538e-02  1.442988e+01  5.515538e-02 
  124573070   8.819176e+00   2.964202e-01   8.819176e+00   2.964202e-01 226200712121939440      15823      20774     0 2454447.317940  1.263643e+01  3.649267e-02  1.263643e+01  3.649267e-02 
