\OBJNAME = '1SWASP J203327.72+504100.0'
\OBSSTART = '2006-06-15T04:45:30'
\OBSSTOP = '2007-07-11T05:19:53'
\TSTART = 77431597
\TSTOP = 111216141
\JD_REF = 2453005.5
\RA_OBJ = '308.365506'
\DEC_OBJ = '50.683353'
\WASP_MAG = 9.110756
\HJD_START = 2453901.699039
\HJD_STOP = 2454292.723854
\fixlen = T
\NUMRECORDS = 384
\
\ This file was produced by the NASA Exoplanet Archive  http://exoplanetarchive.ipac.caltech.edu 
\ Thu Sep 19, 03:53:36 2013
\ Documentation for the SuperWASP dataset can be found at http://exoplanetarchive.ipac.caltech.edu/docs/SuperWASPMission.html
\
|TMID      |FLUX2         |FLUX2_ERR     |TAMFLUX2      |TAMFLUX2_ERR  |IMAGEID           |CCDX      |CCDY      |FLAG |           HJD|         MAG2|     MAG2_ERR|      TAMMAG2|  TAMMAG2_ERR|
|int       |float         |float         |float         |float         |char              |int       |int       |int  |        double|        float|        float|        float|        float|
|sec       |micro Vega    |micro Vega    |micro Vega    |micro Vega    |                  |1/16 pixel|1/16 pixel|     |           day|          mag|          mag|          mag|          mag|
|null      |null          |null          |null          |null          |null              |null      |null      |null |          null|         null|         null|         null|         null|
   77431597   2.298889e+02   4.745848e-01   2.298889e+02   4.745848e-01 144200606150445300      14981       6252     0 2453901.699039  9.096205e+00  2.241411e-03  9.096205e+00  2.241411e-03 
   77432312   2.442550e+02   4.143866e-01   2.442550e+02   4.143866e-01 144200606150457240      15097       6227     0 2453901.707315  9.030392e+00  1.841994e-03  9.030392e+00  1.841994e-03 
   77433229   2.445679e+02   4.721031e-01   2.445679e+02   4.721031e-01 144200606150512410      15244       6170     0 2453901.717928  9.029001e+00  2.095864e-03  9.029001e+00  2.095864e-03 
   77516442   2.590894e+02   3.864080e-01   2.590894e+02   3.864080e-01 144200606160419310      14790       6349     0 2453902.681042  8.966376e+00  1.619282e-03  8.966376e+00  1.619282e-03 
   77517276   2.603380e+02   3.880763e-01   2.603380e+02   3.880763e-01 144200606160433250      14921       6299     0 2453902.690694  8.961156e+00  1.618473e-03  8.961156e+00  1.618473e-03 
   77517999   2.589787e+02   3.877230e-01   2.589787e+02   3.877230e-01 144200606160445280      15001       6255     0 2453902.699063  8.966840e+00  1.625487e-03  8.966840e+00  1.625487e-03 
   77518640   2.617431e+02   3.927519e-01   2.617431e+02   3.927519e-01 144200606160456100      15100       6236     0 2453902.706481  8.955312e+00  1.629179e-03  8.955312e+00  1.629179e-03 
   77519584   2.598636e+02   4.449586e-01   2.598636e+02   4.449586e-01 144200606160511540      15284       6193     0 2453902.717407  8.963136e+00  1.859088e-03  8.963136e+00  1.859088e-03 
   77774450   2.564519e+02   3.472715e-01   2.564519e+02   3.472715e-01 144200606190359300      14781       6378     0 2453905.667245  8.977485e+00  1.470242e-03  8.977485e+00  1.470242e-03 
   77774903   2.550318e+02   3.470993e-01   2.550318e+02   3.470993e-01 144200606190407030      14823       6342     0 2453905.672488  8.983514e+00  1.477696e-03  8.983514e+00  1.477696e-03 
   77776005   2.547194e+02   3.477344e-01   2.547194e+02   3.477344e-01 144200606190425250      14983       6288     0 2453905.685243  8.984845e+00  1.482216e-03  8.984845e+00  1.482216e-03 
   77776853   2.542721e+02   3.484490e-01   2.542721e+02   3.484490e-01 144200606190439320      15123       6249     0 2453905.695058  8.986753e+00  1.487875e-03  8.986753e+00  1.487875e-03 
   77777969   2.556979e+02   3.565751e-01   2.556979e+02   3.565751e-01 144200606190458070      15319       6196     0 2453905.707975  8.980682e+00  1.514083e-03  8.980682e+00  1.514083e-03 
   77778886   2.548202e+02   4.217760e-01   2.548202e+02   4.217760e-01 144200606190513250      15466       6160     0 2453905.718588  8.984415e+00  1.797107e-03  8.984415e+00  1.797107e-03 
   77864092   2.437805e+02   3.242547e-01   2.437805e+02   3.242547e-01 144200606200453270      12646      10419     0 2453906.704769  9.032502e+00  1.444153e-03  9.032502e+00  1.444153e-03 
   77865069   2.467155e+02   3.613303e-01   2.467155e+02   3.613303e-01 144200606200509450      12811      10383     0 2453906.716076  9.019509e+00  1.590134e-03  9.019509e+00  1.590134e-03 
  109471730   2.000034e+02   2.900424e-01   1.943115e+02   1.845751e+00 145200706210047240       8339      10374    32 2454272.533912  9.247406e+00  1.574526e-03  9.278754e+00  1.031337e-02 
  109471770   2.008987e+02   2.888908e-01   1.955697e+02   1.572797e+00 145200706210048030       8338      10369    32 2454272.534375  9.242558e+00  1.561286e-03  9.271746e+00  8.731660e-03 
  109472551   1.982151e+02   2.858091e-01   1.929142e+02   1.312533e+00 145200706210101050       8352      10248    32 2454272.543414  9.257158e+00  1.565543e-03  9.286590e+00  7.387067e-03 
  109643945   2.309508e+02   3.144602e-01   2.239058e+02   2.451111e+00 145200706230037320       8361      10280    32 2454274.527141  9.091201e+00  1.478332e-03  9.124837e+00  1.188566e-02 
  109643982   2.322560e+02   3.156655e-01   2.251632e+02   2.558990e+00 145200706230038100       8360      10276    32 2454274.527569  9.085083e+00  1.475659e-03  9.118756e+00  1.233948e-02 
  109644588   2.322137e+02   3.104517e-01   2.259627e+02   1.813080e+00 145200706230048160       8362      10180    32 2454274.534583  9.085280e+00  1.451550e-03  9.114908e+00  8.711762e-03 
  109729281   2.289624e+02   3.270208e-01   2.218237e+02   4.897590e+00 145200706240019440       8380      10063    32 2454275.514826  9.100590e+00  1.550733e-03  9.134980e+00  2.397178e-02 
  109729319   2.274122e+02   3.267737e-01   2.202160e+02   4.491751e+00 145200706240020230       8381      10056    32 2454275.515266  9.107965e+00  1.560125e-03  9.142878e+00  2.214586e-02 
  109729848   2.263709e+02   3.186894e-01   2.184537e+02   3.720844e+00 145200706240029110       8387       9980    32 2454275.521389  9.112948e+00  1.528526e-03  9.151602e+00  1.849302e-02 
  109729886   2.257176e+02   3.188242e-01   2.178066e+02   3.618424e+00 145200706240029490       8386       9975    32 2454275.521829  9.116086e+00  1.533598e-03  9.154822e+00  1.803742e-02 
  109730518   2.242384e+02   3.159937e-01   2.165181e+02   3.551467e+00 145200706240040220       8395       9878    32 2454275.529144  9.123225e+00  1.530010e-03  9.161264e+00  1.780900e-02 
  109730558   2.262217e+02   3.150713e-01   2.185244e+02   3.492280e+00 145200706240041010       8395       9872    32 2454275.529606  9.113665e+00  1.512169e-03  9.151250e+00  1.735142e-02 
  109731277   2.264399e+02   3.122681e-01   2.188041e+02   3.542410e+00 145200706240053000       8420       9761    32 2454275.537928  9.112617e+00  1.497271e-03  9.149861e+00  1.757799e-02 
  109731316   2.263265e+02   3.131632e-01   2.186825e+02   3.632371e+00 145200706240053390       8419       9751    32 2454275.538380  9.113162e+00  1.502316e-03  9.150465e+00  1.803441e-02 
  109731944   2.269875e+02   3.102231e-01   2.193874e+02   3.551602e+00 145200706240104080       8435       9661    32 2454275.545648  9.109995e+00  1.483877e-03  9.146971e+00  1.757674e-02 
  109731984   2.278075e+02   3.115599e-01   2.200875e+02   3.747869e+00 145200706240104470       8437       9654    32 2454275.546111  9.106080e+00  1.484907e-03  9.143512e+00  1.848906e-02 
  109732806   2.283087e+02   3.077855e-01   2.205804e+02   3.802243e+00 145200706240118290       8469       9528    32 2454275.555625  9.103694e+00  1.463698e-03  9.141083e+00  1.871538e-02 
  109732844   2.271055e+02   3.065094e-01   2.194679e+02   3.736973e+00 145200706240119080       8470       9521    32 2454275.556065  9.109431e+00  1.465352e-03  9.146572e+00  1.848736e-02 
  109733468   2.251383e+02   3.020039e-01   2.176632e+02   3.523188e+00 145200706240129320       8502       9432    32 2454275.563287  9.118876e+00  1.456428e-03  9.155538e+00  1.757425e-02 
  109733508   2.261906e+02   3.023435e-01   2.184782e+02   4.041316e+00 145200706240130110       8504       9423    32 2454275.563750  9.113813e+00  1.451282e-03  9.151480e+00  2.008355e-02 
  109814463   2.322115e+02   4.042391e-01   2.296033e+02   3.347261e+01 145200706242359230       8403      10225    32 2454276.500729  9.085291e+00  1.890081e-03  9.097554e+00  1.582841e-01 
  109814501   2.332279e+02   4.000458e-01   2.301073e+02   3.218782e+01 145200706250000020       8402      10218    32 2454276.501169  9.080548e+00  1.862323e-03  9.095174e+00  1.518753e-01 
  109815127   2.294621e+02   3.421834e-01   2.254951e+02   9.062106e+00 145200706250010270       8395      10112    32 2454276.508414  9.098223e+00  1.619101e-03  9.117157e+00  4.363327e-02 
  109815165   2.271622e+02   3.388971e-01   2.235305e+02   7.664823e+00 145200706250011060       8395      10109    32 2454276.508854  9.109159e+00  1.619786e-03  9.126658e+00  3.722984e-02 
  109815784   2.294001e+02   3.333271e-01   2.247239e+02   2.415469e+00 145200706250021240       8392      10012    32 2454276.516019  9.098516e+00  1.577622e-03  9.120877e+00  1.167019e-02 
  109815821   2.294603e+02   3.329759e-01   2.247764e+02   2.275270e+00 145200706250022020       8392      10008    32 2454276.516447  9.098231e+00  1.575546e-03  9.120624e+00  1.099026e-02 
  109816356   2.305425e+02   3.322002e-01   2.257914e+02   2.050036e+00 145200706250030570       8406       9875    32 2454276.522639  9.093122e+00  1.564497e-03  9.115732e+00  9.857802e-03 
  109816394   2.294688e+02   3.313694e-01   2.247102e+02   2.180686e+00 145200706250031350       8405       9865    32 2454276.523079  9.098190e+00  1.567886e-03  9.120943e+00  1.053650e-02 
  109817115   2.281948e+02   3.270409e-01   2.238214e+02   1.567944e+00 145200706250043360       8422       9755    32 2454276.531424  9.104236e+00  1.556045e-03  9.125246e+00  7.605977e-03 
  109819312   2.291810e+02   3.186012e-01   2.252334e+02   1.114818e+00 145200706250120130       8497       9427    32 2454276.556852  9.099553e+00  1.509366e-03  9.118418e+00  5.373991e-03 
  109819352   2.291515e+02   3.185905e-01   2.253680e+02   1.206791e+00 145200706250120520       8499       9419    32 2454276.557315  9.099693e+00  1.509510e-03  9.117769e+00  5.813877e-03 
  109820761   2.285349e+02   3.109393e-01   2.248494e+02   1.525135e+00 145200706250144210       8596       9220    32 2454276.573623  9.102618e+00  1.477232e-03  9.120271e+00  7.364484e-03 
  109899871   2.266905e+02   5.454593e-01   2.260620e+02   6.112085e+01 145200706252342480       8389      10730    32 2454277.489248  9.111417e+00  2.612491e-03  9.114431e+00  2.935537e-01 
  109899909   2.260891e+02   5.275892e-01   2.258040e+02   6.043204e+01 145200706252343270       8387      10723    32 2454277.489688  9.114301e+00  2.533623e-03  9.115671e+00  2.905771e-01 
  109900422   2.229714e+02   4.081610e-01   2.203094e+02   4.224186e+01 145200706252352000       8375      10639    32 2454277.495625  9.129377e+00  1.987505e-03  9.142417e+00  2.081784e-01 
  109900460   2.233885e+02   4.019880e-01   2.206239e+02   4.132555e+01 145200706252352380       8373      10637    32 2454277.496065  9.127348e+00  1.953791e-03  9.140868e+00  2.033723e-01 
  109901097   2.222909e+02   3.493317e-01   2.174341e+02   1.565717e+01 145200706260003150       8359      10527    32 2454277.503437  9.132695e+00  1.706248e-03  9.156681e+00  7.818284e-02 
  109901137   2.203853e+02   3.470228e-01   2.155534e+02   1.434063e+01 145200706260003540       8358      10523    32 2454277.503900  9.142044e+00  1.709627e-03  9.166113e+00  7.223360e-02 
  109901761   2.226142e+02   3.347439e-01   2.162519e+02   2.011116e+00 145200706260014180       8354      10430    32 2454277.511123  9.131118e+00  1.632622e-03  9.162601e+00  1.009725e-02 
  109901799   2.216146e+02   3.362563e-01   2.153330e+02   2.092611e+00 145200706260014560       8353      10421    32 2454277.511563  9.136004e+00  1.647396e-03  9.167224e+00  1.055125e-02 
  109902313   2.221094e+02   3.342890e-01   2.156700e+02   1.648262e+00 145200706260023300       8358      10345    32 2454277.517512  9.133583e+00  1.634109e-03  9.165525e+00  8.297787e-03 
  109902351   2.208760e+02   3.343340e-01   2.144304e+02   1.639188e+00 145200706260024080       8358      10340    32 2454277.517951  9.139628e+00  1.643455e-03  9.171784e+00  8.299812e-03 
  109903688   2.205580e+02   3.296007e-01   2.146578e+02   1.331121e+00 145200706260046260       8376      10132    32 2454277.533426  9.141193e+00  1.622524e-03  9.170633e+00  6.732816e-03 
  109904351   2.207454e+02   3.253192e-01   2.149724e+02   1.288003e+00 145200706260057280       8399      10035    32 2454277.541100  9.140271e+00  1.600088e-03  9.169044e+00  6.505190e-03 
  109905841   2.197480e+02   3.196360e-01   2.142816e+02   8.109887e-01 145200706260122190       8467       9810    32 2454277.558345  9.145187e+00  1.579271e-03  9.172538e+00  4.109185e-03 
  109907731   2.202649e+02   3.119948e-01   2.149555e+02   7.273695e-01 145200706260153480       8595       9540    32 2454277.580220  9.142636e+00  1.537899e-03  9.169128e+00  3.673944e-03 
  109908953   2.194759e+02   3.036604e-01   2.146202e+02   5.638174e-01 145200706260214100       8708       9378    32 2454277.594363  9.146533e+00  1.502197e-03  9.170823e+00  2.852291e-03 
  109910486   2.189268e+02   2.908189e-01   2.145223e+02   3.826755e-01 145200706260239420       8882       9135    32 2454277.612106  9.149253e+00  1.442280e-03  9.171319e+00  1.936797e-03 
  109988703   2.031916e+02   3.288718e-01   1.981355e+02   8.397906e-01 145200706270023170       8371      10096    32 2454278.517396  9.230236e+00  1.757303e-03  9.257594e+00  4.601873e-03 
  110250644   2.279922e+02   4.092821e-01   2.209312e+02   1.344591e+00 145200706300108480       8564       9126    32 2454281.549120  9.105200e+00  1.949076e-03  9.139358e+00  6.607834e-03 
  110332664   2.285451e+02   4.506638e-01   2.181274e+02   1.364141e+01 145200706302355450       8446       9750    32 2454282.498426  9.102571e+00  2.140951e-03  9.153225e+00  6.790081e-02 
  110332702   2.293402e+02   4.471177e-01   2.189048e+02   1.387434e+01 145200706302356240       8445       9743    32 2454282.498866  9.098800e+00  2.116740e-03  9.149362e+00  6.881499e-02 
  110333151   2.309565e+02   4.434649e-01   2.204852e+02   1.276648e+01 145200707010003520       8448       9677    32 2454282.504062  9.091175e+00  2.084755e-03  9.141552e+00  6.286626e-02 
  110333189   2.305400e+02   4.453030e-01   2.201739e+02   1.247023e+01 145200707010004310       8448       9674    32 2454282.504502  9.093134e+00  2.097178e-03  9.143085e+00  6.149423e-02 
  110333721   2.318778e+02   4.407859e-01   2.217714e+02   1.176618e+01 145200707010013230       8457       9536    32 2454282.510660  9.086852e+00  2.063928e-03  9.135237e+00  5.760444e-02 
  110333759   2.304048e+02   4.434409e-01   2.198557e+02   1.203530e+01 145200707010014010       8458       9525    32 2454282.511100  9.093771e+00  2.089633e-03  9.144655e+00  5.943537e-02 
  110334278   2.287868e+02   4.378573e-01   2.184973e+02   1.145451e+01 145200707010022400       8470       9450    32 2454282.517106  9.101422e+00  2.077913e-03  9.151385e+00  5.691890e-02 
  110334318   2.286031e+02   4.382924e-01   2.182869e+02   1.204132e+01 145200707010023190       8471       9439    32 2454282.517569  9.102295e+00  2.081650e-03  9.152431e+00  5.989250e-02 
  110334837   2.292881e+02   4.376865e-01   2.187579e+02   1.243595e+01 145200707010031580       8486       9362    32 2454282.523576  9.099046e+00  2.072562e-03  9.150090e+00  6.172215e-02 
  110334875   2.293522e+02   4.351068e-01   2.189275e+02   1.212263e+01 145200707010032370       8487       9359    32 2454282.524016  9.098742e+00  2.059770e-03  9.149249e+00  6.012045e-02 
  110335499   2.303259e+02   4.317194e-01   2.203498e+02   1.090143e+01 145200707010043010       8505       9257    32 2454282.531238  9.094143e+00  2.035095e-03  9.142219e+00  5.371513e-02 
  110335539   2.303016e+02   4.333007e-01   2.204334e+02   1.044132e+01 145200707010043400       8506       9254    32 2454282.531701  9.094257e+00  2.042764e-03  9.141807e+00  5.142849e-02 
  110336163   2.299864e+02   4.250484e-01   2.203149e+02   9.089770e+00 145200707010054040       8537       9168    32 2454282.538924  9.095745e+00  2.006606e-03  9.142390e+00  4.479556e-02 
  110336201   2.304899e+02   4.280866e-01   2.210443e+02   9.166491e+00 145200707010054430       8539       9159    32 2454282.539363  9.093370e+00  2.016534e-03  9.138802e+00  4.502458e-02 
  110336731   2.305465e+02   4.201054e-01   2.216384e+02   7.884053e+00 145200707010103320       8570       9087    32 2454282.545498  9.093103e+00  1.978452e-03  9.135887e+00  3.862161e-02 
  110336768   2.292578e+02   4.229960e-01   2.202261e+02   7.926837e+00 145200707010104100       8571       9079    32 2454282.545926  9.099190e+00  2.003263e-03  9.142828e+00  3.908021e-02 
  110337390   2.307322e+02   4.136356e-01   2.220958e+02   7.105215e+00 145200707010114320       8608       8988    32 2454282.553125  9.092230e+00  1.946416e-03  9.133649e+00  3.473463e-02 
  110337429   2.315229e+02   4.157951e-01   2.230665e+02   6.573035e+00 145200707010115100       8610       8988    32 2454282.553576  9.088515e+00  1.949895e-03  9.128914e+00  3.199319e-02 
  110338051   2.315969e+02   4.117724e-01   2.232257e+02   6.483540e+00 145200707010125330       8652       8892    32 2454282.560775  9.088168e+00  1.930414e-03  9.128139e+00  3.153507e-02 
  110338089   2.302558e+02   4.118026e-01   2.218336e+02   6.349931e+00 145200707010126110       8656       8888    32 2454282.561215  9.094473e+00  1.941799e-03  9.134932e+00  3.107903e-02 
  110338802   2.297633e+02   4.079272e-01   2.221577e+02   5.097692e+00 145200707010138040       8718       8789    32 2454282.569468  9.096799e+00  1.927649e-03  9.133347e+00  2.491368e-02 
  110338842   2.306280e+02   4.075996e-01   2.231020e+02   5.588139e+00 145200707010138430       8721       8779    32 2454282.569931  9.092720e+00  1.918879e-03  9.128741e+00  2.719503e-02 
  110339756   2.296696e+02   4.036446e-01   2.231797e+02   4.511181e+00 145200707010153580       8809       8661    32 2454282.580509  9.097241e+00  1.908190e-03  9.128364e+00  2.194631e-02 
  110339794   2.306832e+02   4.004073e-01   2.243961e+02   4.346844e+00 145200707010154360       8812       8657    32 2454282.580949  9.092460e+00  1.884568e-03  9.122461e+00  2.103219e-02 
  110340429   2.298912e+02   3.984796e-01   2.242176e+02   4.060914e+00 145200707010205110       8881       8570    32 2454282.588299  9.096194e+00  1.881956e-03  9.123326e+00  1.966437e-02 
  110340466   2.308293e+02   3.991306e-01   2.254995e+02   3.611180e+00 145200707010205480       8883       8569    32 2454282.588727  9.091772e+00  1.877370e-03  9.117136e+00  1.738719e-02 
  110341006   2.306220e+02   3.987530e-01   2.252456e+02   3.654322e+00 145200707010214470       8944       8502    32 2454282.594977  9.092748e+00  1.877280e-03  9.118360e+00  1.761474e-02 
  110341044   2.297824e+02   3.946168e-01   2.249049e+02   3.271589e+00 145200707010215260       8945       8494    32 2454282.595417  9.096708e+00  1.864596e-03  9.120003e+00  1.579377e-02 
  110341646   2.297175e+02   3.943722e-01   2.247605e+02   2.987473e+00 145200707010225270       9017       8430    32 2454282.602384  9.097014e+00  1.863966e-03  9.120700e+00  1.443145e-02 
  110341684   2.297842e+02   3.967783e-01   2.253129e+02   2.618868e+00 145200707010226060       9020       8424    32 2454282.602824  9.096700e+00  1.874794e-03  9.118034e+00  1.261983e-02 
  110342217   2.300542e+02   3.943554e-01   2.259767e+02   2.296900e+00 145200707010234580       9089       8359    32 2454282.608993  9.095425e+00  1.861159e-03  9.114841e+00  1.103581e-02 
  110342255   2.310837e+02   3.960548e-01   2.269391e+02   2.306685e+00 145200707010235370       9092       8358    32 2454282.609433  9.090577e+00  1.860852e-03  9.110227e+00  1.103583e-02 
  110351670   2.294738e+02   4.145349e-01   2.274104e+02   9.285626e+00 145200707010512310      10653       7725    32 2454282.718403  9.098167e+00  1.961344e-03  9.107974e+00  4.433296e-02 
  110504459   2.067630e+02   3.668671e-01   2.006492e+02   9.714426e+00 145200707022338540       8345      10657    32 2454284.486794  9.211318e+00  1.926468e-03  9.243907e+00  5.256608e-02 
  110504497   2.063617e+02   3.660386e-01   1.999308e+02   9.342728e+00 145200707022339320       8345      10647    32 2454284.487234  9.213428e+00  1.925855e-03  9.247801e+00  5.073643e-02 
  110505032   2.073131e+02   3.522294e-01   2.001426e+02   4.423084e+00 145200707022348270       8340      10573    32 2454284.493426  9.208433e+00  1.844696e-03  9.246651e+00  2.399448e-02 
  110505070   2.074720e+02   3.536896e-01   2.002518e+02   4.383517e+00 145200707022349060       8339      10568    32 2454284.493866  9.207602e+00  1.850925e-03  9.246058e+00  2.376688e-02 
  110505497   2.088336e+02   3.540646e-01   2.014802e+02   4.410261e+00 145200707022356120       8341      10503    32 2454284.498808  9.200499e+00  1.840805e-03  9.239419e+00  2.376609e-02 
  110505535   2.075280e+02   3.524500e-01   2.000345e+02   4.420728e+00 145200707022356500       8341      10493    32 2454284.499248  9.207308e+00  1.843939e-03  9.247237e+00  2.399466e-02 
  110506086   2.080117e+02   3.510120e-01   2.006476e+02   4.265424e+00 145200707030006020       8345      10409    32 2454284.505625  9.204781e+00  1.832146e-03  9.243915e+00  2.308097e-02 
  110506124   2.083878e+02   3.524294e-01   2.011369e+02   4.191375e+00 145200707030006400       8344      10404    32 2454284.506065  9.202819e+00  1.836224e-03  9.241271e+00  2.262510e-02 
  110506753   2.095425e+02   3.511393e-01   2.024001e+02   3.919842e+00 145200707030017090       8362      10307    32 2454284.513345  9.196820e+00  1.819421e-03  9.234473e+00  2.102731e-02 
  110506793   2.078919e+02   3.486248e-01   2.008386e+02   4.016130e+00 145200707030017480       8362      10302    32 2454284.513808  9.205406e+00  1.820734e-03  9.242882e+00  2.171133e-02 
  110507329   2.089283e+02   3.498963e-01   2.018618e+02   4.036548e+00 145200707030026440       8375      10218    32 2454284.520012  9.200006e+00  1.818310e-03  9.237365e+00  2.171110e-02 
  110507366   2.097904e+02   3.511680e-01   2.027201e+02   4.096272e+00 145200707030027210       8377      10210    32 2454284.520440  9.195536e+00  1.817419e-03  9.232758e+00  2.193904e-02 
  110508092   2.097290e+02   3.485282e-01   2.028711e+02   3.800871e+00 145200707030039270       8398      10099    32 2454284.528843  9.195853e+00  1.804285e-03  9.231950e+00  2.034177e-02 
  110508130   2.109908e+02   3.476893e-01   2.041739e+02   3.782151e+00 145200707030040050       8400      10094    32 2454284.529282  9.189342e+00  1.789179e-03  9.224999e+00  2.011243e-02 
  110508660   2.095213e+02   3.467851e-01   2.027028e+02   3.542363e+00 145200707030048560       8426      10016    32 2454284.535417  9.196930e+00  1.797042e-03  9.232850e+00  1.897401e-02 
  110508698   2.099727e+02   3.494937e-01   2.030334e+02   3.931862e+00 145200707030049340       8428      10006    32 2454284.535856  9.194593e+00  1.807184e-03  9.231081e+00  2.102600e-02 
  110509593   2.106715e+02   3.468049e-01   2.041336e+02   3.524299e+00 145200707030104290       8480       9888    32 2454284.546215  9.190986e+00  1.787332e-03  9.225214e+00  1.874494e-02 
  110509631   2.106508e+02   3.472614e-01   2.041317e+02   3.438669e+00 145200707030105070       8482       9885    32 2454284.546655  9.191092e+00  1.789860e-03  9.225224e+00  1.828967e-02 
  110510251   2.117347e+02   3.483330e-01   2.051489e+02   3.455738e+00 145200707030115260       8528       9791    32 2454284.553831  9.185520e+00  1.786193e-03  9.219827e+00  1.828932e-02 
  110510289   2.111611e+02   3.492720e-01   2.046012e+02   3.532537e+00 145200707030116050       8530       9786    32 2454284.554271  9.188465e+00  1.795873e-03  9.222730e+00  1.874582e-02 
  110511021   2.129636e+02   3.498697e-01   2.060907e+02   3.558063e+00 145200707030128160       8590       9684    32 2454284.562743  9.179236e+00  1.783720e-03  9.214854e+00  1.874481e-02 
  110511059   2.112975e+02   3.482201e-01   2.046871e+02   3.362173e+00 145200707030128550       8594       9684    32 2454284.563183  9.187764e+00  1.789309e-03  9.222274e+00  1.783427e-02 
  110511776   2.122353e+02   3.491806e-01   2.056468e+02   3.334766e+00 145200707030140510       8652       9574    32 2454284.571481  9.182956e+00  1.786316e-03  9.217195e+00  1.760634e-02 
  110511814   2.122285e+02   3.470897e-01   2.057186e+02   3.249442e+00 145200707030141300       8655       9571    32 2454284.571921  9.182990e+00  1.775676e-03  9.216816e+00  1.714988e-02 
  110512446   2.118371e+02   3.465435e-01   2.053776e+02   3.244058e+00 145200707030152020       8723       9490    32 2454284.579236  9.184996e+00  1.776158e-03  9.218617e+00  1.714989e-02 
  110512486   2.123364e+02   3.464742e-01   2.058818e+02   3.079367e+00 145200707030152410       8726       9488    32 2454284.579699  9.182439e+00  1.771627e-03  9.215955e+00  1.623937e-02 
  110513100   2.129765e+02   3.466940e-01   2.063178e+02   3.302009e+00 145200707030202550       8786       9410    32 2454284.586806  9.179171e+00  1.767423e-03  9.213658e+00  1.737670e-02 
  110513138   2.123074e+02   3.467203e-01   2.058261e+02   3.035459e+00 145200707030203340       8788       9404    32 2454284.587245  9.182588e+00  1.773128e-03  9.216249e+00  1.601215e-02 
  110513661   2.125867e+02   3.463908e-01   2.059598e+02   3.296311e+00 145200707030212160       8850       9341    32 2454284.593299  9.181160e+00  1.769116e-03  9.215544e+00  1.737687e-02 
  110513697   2.118415e+02   3.476192e-01   2.055162e+02   3.031051e+00 145200707030212530       8853       9335    32 2454284.593715  9.184972e+00  1.781634e-03  9.217885e+00  1.601301e-02 
  110514326   2.133629e+02   3.460499e-01   2.068852e+02   2.877546e+00 145200707030223210       8927       9261    32 2454284.600995  9.177202e+00  1.760944e-03  9.210676e+00  1.510145e-02 
  110514364   2.123736e+02   3.469259e-01   2.059531e+02   3.123618e+00 145200707030224000       8931       9251    32 2454284.601435  9.182249e+00  1.773626e-03  9.215579e+00  1.646704e-02 
  110514893   2.123245e+02   3.455390e-01   2.060613e+02   2.650709e+00 145200707030232490       9005       9202    32 2454284.607558  9.182500e+00  1.766944e-03  9.215009e+00  1.396662e-02 
  110514931   2.119450e+02   3.451769e-01   2.057449e+02   2.689654e+00 145200707030233270       9008       9198    32 2454284.607998  9.184443e+00  1.768253e-03  9.216678e+00  1.419362e-02 
  110515558   2.136195e+02   3.458187e-01   2.074714e+02   2.451885e+00 145200707030243540       9091       9121    32 2454284.615255  9.175898e+00  1.757655e-03  9.207604e+00  1.283121e-02 
  110515598   2.129185e+02   3.462804e-01   2.069343e+02   2.316260e+00 145200707030244330       9095       9115    32 2454284.615718  9.179466e+00  1.765795e-03  9.210419e+00  1.215292e-02 
  110516115   2.133435e+02   3.455562e-01   2.076221e+02   2.107523e+00 145200707030253110       9168       9067    32 2454284.621701  9.177301e+00  1.758592e-03  9.206816e+00  1.102109e-02 
  110516154   2.122351e+02   3.466018e-01   2.064671e+02   2.311195e+00 145200707030253490       9176       9058    32 2454284.622153  9.182957e+00  1.773125e-03  9.212873e+00  1.215379e-02 
  110516711   2.138059e+02   3.485169e-01   2.081968e+02   1.897586e+00 145200707030303060       9257       9012    32 2454284.628600  9.174951e+00  1.769823e-03  9.203815e+00  9.895850e-03 
  110517148   2.120188e+02   3.457429e-01   2.061771e+02   2.136164e+00 145200707030310230       9314       8971    32 2454284.633657  9.184064e+00  1.770536e-03  9.214399e+00  1.124916e-02 
  110517188   2.108347e+02   3.454765e-01   2.053738e+02   1.787134e+00 145200707030311020       9324       8964    32 2454284.634120  9.190145e+00  1.779108e-03  9.218637e+00  9.447957e-03 
  110517567   2.121608e+02   3.471020e-01   2.067771e+02   1.927684e+00 145200707030317210       9385       8932    32 2454284.638507  9.183337e+00  1.776307e-03  9.211244e+00  1.012183e-02 
  110517946   2.116876e+02   3.469789e-01   2.064488e+02   1.839152e+00 145200707030323400       9443       8904    32 2454284.642894  9.185761e+00  1.779646e-03  9.212969e+00  9.672330e-03 
  110518285   2.117336e+02   3.459359e-01   2.065103e+02   1.796744e+00 145200707030329190       9494       8880    32 2454284.646817  9.185525e+00  1.773910e-03  9.212646e+00  9.446485e-03 
  110518665   2.119809e+02   3.471881e-01   2.071867e+02   1.546322e+00 145200707030335390       9555       8856    32 2454284.651215  9.184258e+00  1.778254e-03  9.209095e+00  8.103339e-03 
  110519049   2.106266e+02   3.467955e-01   2.058813e+02   1.452552e+00 145200707030342040       9610       8885    32 2454284.655660  9.191216e+00  1.787664e-03  9.215958e+00  7.660210e-03 
  110519089   2.130256e+02   3.456313e-01   2.082751e+02   1.298178e+00 145200707030342430       9619       8880    32 2454284.656123  9.178921e+00  1.761599e-03  9.203406e+00  6.767417e-03 
  110519563   2.123798e+02   3.475401e-01   2.076191e+02   1.592150e+00 145200707030350380       9700       8840    32 2454284.661609  9.182217e+00  1.776714e-03  9.206832e+00  8.326119e-03 
  110520429   2.119382e+02   3.469346e-01   2.071827e+02   1.716934e+00 145200707030405040       9845       8793    32 2454284.671632  9.184477e+00  1.777314e-03  9.209116e+00  8.997585e-03 
  110520771   2.138055e+02   3.499560e-01   2.086532e+02   2.335620e+00 145200707030410460       9905       8773    32 2454284.675590  9.174953e+00  1.777135e-03  9.201437e+00  1.215354e-02 
  110520810   2.128262e+02   3.490220e-01   2.081841e+02   1.854446e+00 145200707030411240       9912       8772    32 2454284.676042  9.179937e+00  1.780547e-03  9.203881e+00  9.671470e-03 
  110521149   2.111445e+02   3.476430e-01   2.065467e+02   2.054317e+00 145200707030417030       9973       8751    32 2454284.679965  9.188551e+00  1.787638e-03  9.212454e+00  1.079878e-02 
  110523084   2.126304e+02   3.528404e-01   2.084933e+02   3.643180e+00 145200707030449190      10346       8659    32 2454284.702361  9.180937e+00  1.801685e-03  9.202270e+00  1.897205e-02 
  110523637   2.126872e+02   3.561001e-01   2.087474e+02   1.947084e+00 145200707030458320      10468       8644    32 2454284.708762  9.180647e+00  1.817844e-03  9.200948e+00  1.012720e-02 
  110523677   2.107963e+02   3.547604e-01   2.069270e+02   2.016246e+00 145200707030459110      10474       8642    32 2454284.709225  9.190343e+00  1.827250e-03  9.210457e+00  1.057918e-02 
  110524029   2.098665e+02   3.610007e-01   2.062802e+02   1.797780e+00 145200707030505030      10517       8661    32 2454284.713299  9.195142e+00  1.867629e-03  9.213857e+00  9.462479e-03 
  110592182   2.251322e+02   3.419203e-01   2.173032e+02   2.928915e+00 145200707040000540       8339      10450    32 2454285.502106  9.118906e+00  1.648971e-03  9.157334e+00  1.463411e-02 
  110592220   2.250170e+02   3.421357e-01   2.171532e+02   3.017899e+00 145200707040001320       8341      10444    32 2454285.502546  9.119462e+00  1.650855e-03  9.158084e+00  1.508913e-02 
  110592852   2.262721e+02   3.432150e-01   2.187767e+02   2.582552e+00 145200707040012040       8364      10360    32 2454285.509861  9.113422e+00  1.646877e-03  9.149998e+00  1.281663e-02 
  110592890   2.233590e+02   3.394732e-01   2.158978e+02   2.593790e+00 145200707040012430       8365      10351    32 2454285.510301  9.127491e+00  1.650167e-03  9.164379e+00  1.304405e-02 
  110593425   2.252111e+02   3.412198e-01   2.179307e+02   2.481448e+00 145200707040021370       8377      10273    32 2454285.516493  9.118526e+00  1.645016e-03  9.154204e+00  1.236268e-02 
  110593463   2.268267e+02   3.422847e-01   2.195313e+02   2.499476e+00 145200707040022160       8378      10266    32 2454285.516933  9.110765e+00  1.638397e-03  9.146258e+00  1.236170e-02 
  110594200   2.248374e+02   3.400019e-01   2.178668e+02   2.207921e+00 145200707040034320       8403      10144    32 2454285.525463  9.120329e+00  1.641870e-03  9.154522e+00  1.100318e-02 
  110594237   2.244734e+02   3.392982e-01   2.177630e+02   1.980297e+00 145200707040035100       8405      10144    32 2454285.525891  9.122087e+00  1.641128e-03  9.155040e+00  9.873518e-03 
  110594775   2.271205e+02   3.393834e-01   2.204533e+02   1.775488e+00 145200707040044080       8432      10065    32 2454285.532118  9.109359e+00  1.622408e-03  9.141708e+00  8.744337e-03 
  110594815   2.264592e+02   3.402940e-01   2.197815e+02   1.815939e+00 145200707040044470       8434      10058    32 2454285.532581  9.112525e+00  1.631511e-03  9.145022e+00  8.970900e-03 
  110677131   2.308584e+02   3.231744e-01   2.213980e+02   1.043630e+01 145200707042336400       8341      10643    32 2454286.485313  9.091636e+00  1.519908e-03  9.137066e+00  5.117982e-02 
  110677168   2.313030e+02   3.234274e-01   2.215233e+02   1.072228e+01 145200707042337180       8341      10634    32 2454286.485741  9.089547e+00  1.518174e-03  9.136451e+00  5.255250e-02 
  110677609   2.311806e+02   3.234998e-01   2.211321e+02   8.187581e+00 145200707042344380       8343      10568    32 2454286.490845  9.090121e+00  1.519318e-03  9.138371e+00  4.020033e-02 
  110677647   2.300717e+02   3.230737e-01   2.203500e+02   7.740920e+00 145200707042345170       8343      10566    32 2454286.491285  9.095342e+00  1.524629e-03  9.142218e+00  3.814217e-02 
  110678077   2.313598e+02   3.266260e-01   2.212681e+02   8.099509e+00 145200707042352260       8344      10498    32 2454286.496262  9.089280e+00  1.532811e-03  9.137703e+00  3.974346e-02 
  110678115   2.315967e+02   3.252746e-01   2.219042e+02   7.328163e+00 145200707042353050       8344      10494    32 2454286.496701  9.088169e+00  1.524908e-03  9.134586e+00  3.585546e-02 
  110678653   2.323999e+02   3.273648e-01   2.227697e+02   6.934577e+00 145200707050002020       8355      10413    32 2454286.502928  9.084411e+00  1.529403e-03  9.130360e+00  3.379790e-02 
  110678691   2.323588e+02   3.286117e-01   2.225632e+02   7.256280e+00 145200707050002400       8355      10404    32 2454286.503368  9.084602e+00  1.535499e-03  9.131367e+00  3.539864e-02 
  110679325   2.316252e+02   3.297386e-01   2.220834e+02   6.726311e+00 145200707050013150       8372      10312    32 2454286.510706  9.088036e+00  1.545645e-03  9.133710e+00  3.288415e-02 
  110679363   2.309019e+02   3.278970e-01   2.215233e+02   6.336191e+00 145200707050013530       8373      10304    32 2454286.511146  9.091432e+00  1.541828e-03  9.136452e+00  3.105522e-02 
  110679903   2.327394e+02   3.299510e-01   2.234064e+02   6.013772e+00 145200707050022520       8390      10226    32 2454286.517396  9.082825e+00  1.539237e-03  9.127261e+00  2.922653e-02 
  110679941   2.314711e+02   3.291011e-01   2.222483e+02   5.935883e+00 145200707050023300       8391      10219    32 2454286.517836  9.088758e+00  1.543684e-03  9.132904e+00  2.899831e-02 
  110680675   2.304761e+02   3.289498e-01   2.214678e+02   5.402402e+00 145200707050035450       8422      10107    32 2454286.526331  9.093435e+00  1.549635e-03  9.136724e+00  2.648514e-02 
  110680713   2.306672e+02   3.289625e-01   2.218543e+02   5.085055e+00 145200707050036230       8422      10103    32 2454286.526771  9.092536e+00  1.548412e-03  9.134830e+00  2.488592e-02 
  110681250   2.302245e+02   3.291105e-01   2.213839e+02   4.794933e+00 145200707050045190       8453      10021    32 2454286.532986  9.094621e+00  1.552087e-03  9.137135e+00  2.351594e-02 
  110681288   2.317677e+02   3.287674e-01   2.228960e+02   5.015034e+00 145200707050045570       8454      10018    32 2454286.533426  9.087368e+00  1.540145e-03  9.129745e+00  2.442853e-02 
  110682009   2.302492e+02   3.277922e-01   2.217944e+02   4.290718e+00 145200707050057590       8497       9925    32 2454286.541771  9.094504e+00  1.545704e-03  9.135123e+00  2.100416e-02 
  110682049   2.314037e+02   3.283761e-01   2.226910e+02   4.776221e+00 145200707050058380       8499       9916    32 2454286.542234  9.089074e+00  1.540732e-03  9.130743e+00  2.328668e-02 
  110682682   2.300596e+02   3.272479e-01   2.218104e+02   4.244359e+00 145200707050109120       8543       9817    32 2454286.549560  9.095399e+00  1.544409e-03  9.135045e+00  2.077572e-02 
  110682721   2.324601e+02   3.291059e-01   2.240809e+02   4.476103e+00 145200707050109500       8544       9814    32 2454286.550012  9.084129e+00  1.537139e-03  9.123988e+00  2.168808e-02 
  110683437   2.281858e+02   3.249513e-01   2.200445e+02   4.025628e+00 145200707050121470       8608       9712    32 2454286.558299  9.104279e+00  1.546163e-03  9.143723e+00  1.986319e-02 
  110683475   2.302655e+02   3.262642e-01   2.223321e+02   4.815178e+00 145200707050122250       8610       9713    32 2454286.558738  9.094428e+00  1.538389e-03  9.132495e+00  2.351452e-02 
  110684204   2.308675e+02   3.271294e-01   2.230477e+02   3.611899e+00 145200707050134340       8676       9610    32 2454286.567176  9.091593e+00  1.538447e-03  9.129005e+00  1.758182e-02 
  110684244   2.297312e+02   3.257794e-01   2.219158e+02   3.314162e+00 145200707050135130       8679       9610    32 2454286.567639  9.096950e+00  1.539677e-03  9.134529e+00  1.621479e-02 
  110685120   2.293192e+02   3.238343e-01   2.220532e+02   2.478800e+00 145200707050149500       8766       9500    32 2454286.577778  9.098899e+00  1.533234e-03  9.133858e+00  1.212022e-02 
  110685158   2.291837e+02   3.246638e-01   2.219852e+02   2.570985e+00 145200707050150280       8769       9494    32 2454286.578218  9.099541e+00  1.538070e-03  9.134190e+00  1.257481e-02 
  110685672   2.296963e+02   3.253793e-01   2.222152e+02   2.945818e+00 145200707050159020       8825       9427    32 2454286.584167  9.097116e+00  1.538019e-03  9.133065e+00  1.439322e-02 
  110685710   2.316514e+02   3.252471e-01   2.243517e+02   2.504206e+00 145200707050159400       8827       9418    32 2454286.584606  9.087913e+00  1.524419e-03  9.122677e+00  1.211899e-02 
  110686326   2.314530e+02   3.265335e-01   2.237416e+02   3.106623e+00 145200707050209560       8901       9349    32 2454286.591736  9.088843e+00  1.531760e-03  9.125633e+00  1.507536e-02 
  110686366   2.309214e+02   3.247153e-01   2.233867e+02   3.007902e+00 145200707050210350       8905       9341    32 2454286.592199  9.091340e+00  1.526738e-03  9.127357e+00  1.461949e-02 
  110686885   2.290212e+02   3.227402e-01   2.215050e+02   2.750661e+00 145200707050219140       8970       9280    32 2454286.598206  9.100310e+00  1.530041e-03  9.136541e+00  1.348278e-02 
  110686923   2.306585e+02   3.251000e-01   2.230667e+02   2.910200e+00 145200707050219530       8973       9271    32 2454286.598646  9.092577e+00  1.530289e-03  9.128913e+00  1.416491e-02 
  110687439   2.295030e+02   3.235939e-01   2.218962e+02   3.127481e+00 145200707050228280       9042       9211    32 2454286.604618  9.098029e+00  1.530869e-03  9.134625e+00  1.530279e-02 
  110687477   2.315888e+02   3.241913e-01   2.243468e+02   2.504015e+00 145200707050229070       9047       9211    32 2454286.605058  9.088206e+00  1.519881e-03  9.122701e+00  1.211833e-02 
  110688211   2.292787e+02   3.216872e-01   2.218804e+02   2.615812e+00 145200707050241210       9168       9136    32 2454286.613553  9.099091e+00  1.523336e-03  9.134703e+00  1.280010e-02 
  110688250   2.313968e+02   3.231944e-01   2.239228e+02   2.639713e+00 145200707050241590       9172       9135    32 2454286.614005  9.089107e+00  1.516465e-03  9.124754e+00  1.279924e-02 
  110688772   2.300769e+02   3.233150e-01   2.226837e+02   2.532207e+00 145200707050250420       9231       9078    32 2454286.620046  9.095318e+00  1.525734e-03  9.130778e+00  1.234629e-02 
  110688812   2.282488e+02   3.211970e-01   2.211694e+02   2.376327e+00 145200707050251210       9240       9070    32 2454286.620509  9.103978e+00  1.527878e-03  9.138187e+00  1.166560e-02 
  110689757   2.286064e+02   3.215861e-01   2.218796e+02   1.737275e+00 145200707050307060       9381       8997    32 2454286.631447  9.102280e+00  1.527337e-03  9.134706e+00  8.501137e-03 
  110690478   2.288126e+02   3.197958e-01   2.220965e+02   1.738585e+00 145200707050319070       9491       8944    32 2454286.639792  9.101300e+00  1.517465e-03  9.133646e+00  8.499238e-03 
  110690863   2.295615e+02   3.206098e-01   2.231750e+02   1.562281e+00 145200707050325320       9555       8912    32 2454286.644248  9.097753e+00  1.516364e-03  9.128386e+00  7.600454e-03 
  110691821   2.299621e+02   3.215686e-01   2.242202e+02   1.293205e+00 145200707050341300       9717       8785    32 2454286.655336  9.095860e+00  1.518250e-03  9.123313e+00  6.262078e-03 
  110693482   2.308510e+02   3.229758e-01   2.251715e+02   1.576154e+00 145200707050409100      10005       8683    32 2454286.674560  9.091671e+00  1.519022e-03  9.118716e+00  7.599957e-03 
  110693819   2.305835e+02   3.238543e-01   2.251570e+02   1.344860e+00 145200707050414480      10069       8664    32 2454286.678461  9.092929e+00  1.524920e-03  9.118787e+00  6.485112e-03 
  110764738   2.303566e+02   3.053977e-01   2.212306e+02   1.504359e+01 145200707052356440       8366      10315    32 2454287.499282  9.093998e+00  1.439431e-03  9.137887e+00  7.382986e-02 
  110764776   2.304109e+02   3.059789e-01   2.213474e+02   1.528480e+01 145200707052357230       8366      10306    32 2454287.499722  9.093742e+00  1.441830e-03  9.137314e+00  7.497408e-02 
  110765408   2.294962e+02   3.090554e-01   2.211620e+02   1.084418e+01 145200707060007550       8385      10212    32 2454287.507037  9.098062e+00  1.462132e-03  9.138224e+00  5.323682e-02 
  110765448   2.298801e+02   3.086673e-01   2.216009e+02   1.072559e+01 145200707060008340       8386      10207    32 2454287.507500  9.096247e+00  1.457857e-03  9.136071e+00  5.255035e-02 
  110765979   2.301183e+02   3.117782e-01   2.214265e+02   1.137048e+01 145200707060017260       8405      10124    32 2454287.513646  9.095122e+00  1.471026e-03  9.136926e+00  5.575386e-02 
  110766019   2.294825e+02   3.117834e-01   2.209363e+02   1.004177e+01 145200707060018050       8405      10119    32 2454287.514109  9.098126e+00  1.475127e-03  9.139332e+00  4.934796e-02 
  110766740   2.293257e+02   3.128614e-01   2.209537e+02   6.133104e+00 145200707060030070       8434      10005    32 2454287.522454  9.098868e+00  1.481239e-03  9.139247e+00  3.013734e-02 
  110766779   2.287896e+02   3.120382e-01   2.204624e+02   5.980211e+00 145200707060030450       8434       9997    32 2454287.522905  9.101409e+00  1.480803e-03  9.141664e+00  2.945152e-02 
  110767299   2.296644e+02   3.132482e-01   2.215446e+02   4.937145e+00 145200707060039250       8470       9872    32 2454287.528924  9.097265e+00  1.480883e-03  9.136347e+00  2.419583e-02 
  110767336   2.303732e+02   3.136578e-01   2.220847e+02   4.622159e+00 145200707060040030       8472       9868    32 2454287.529352  9.093921e+00  1.478257e-03  9.133703e+00  2.259707e-02 
  110767855   2.298340e+02   3.138514e-01   2.216644e+02   3.635035e+00 145200707060048410       8500       9789    32 2454287.535359  9.096464e+00  1.482640e-03  9.135760e+00  1.780485e-02 
  110767893   2.311620e+02   3.147558e-01   2.230320e+02   3.704221e+00 145200707060049190       8502       9785    32 2454287.535799  9.090209e+00  1.478370e-03  9.129082e+00  1.803248e-02 
  110768629   2.287777e+02   3.122779e-01   2.208213e+02   3.482073e+00 145200707060101350       8559       9681    32 2454287.544317  9.101466e+00  1.482017e-03  9.139897e+00  1.712075e-02 
  110768667   2.305229e+02   3.131513e-01   2.225315e+02   3.322053e+00 145200707060102130       8561       9678    32 2454287.544757  9.093215e+00  1.474911e-03  9.131521e+00  1.620843e-02 
  110769394   2.293262e+02   3.125604e-01   2.215360e+02   3.167808e+00 145200707060114200       8607       9569    32 2454287.553171  9.098866e+00  1.479811e-03  9.136389e+00  1.552531e-02 
  110769432   2.296245e+02   3.144552e-01   2.218021e+02   3.357938e+00 145200707060114590       8611       9560    32 2454287.553611  9.097454e+00  1.486848e-03  9.135086e+00  1.643739e-02 
  110770053   2.299233e+02   3.134727e-01   2.223237e+02   2.852776e+00 145200707060125200       8670       9481    32 2454287.560799  9.096043e+00  1.480276e-03  9.132535e+00  1.393181e-02 
  110770093   2.294464e+02   3.123077e-01   2.217830e+02   2.985237e+00 145200707060125590       8673       9474    32 2454287.561262  9.098297e+00  1.477840e-03  9.135180e+00  1.461425e-02 
  110770829   2.298888e+02   3.127130e-01   2.222016e+02   2.851145e+00 145200707060138150       8744       9384    32 2454287.569780  9.096206e+00  1.476909e-03  9.133132e+00  1.393150e-02 
  110770867   2.288429e+02   3.125379e-01   2.212757e+02   2.793026e+00 145200707060138530       8747       9382    32 2454287.570220  9.101156e+00  1.482829e-03  9.137666e+00  1.370462e-02 
  110771483   2.306131e+02   3.124570e-01   2.230539e+02   2.815181e+00 145200707060149090       8812       9293    32 2454287.577350  9.092790e+00  1.471066e-03  9.128976e+00  1.370321e-02 
  110772037   2.290388e+02   3.122754e-01   2.218037e+02   2.520972e+00 145200707060158240       8871       9228    32 2454287.583762  9.100227e+00  1.480316e-03  9.135078e+00  1.234028e-02 
  110772077   2.307862e+02   3.134922e-01   2.235573e+02   2.307096e+00 145200707060159030       8873       9221    32 2454287.584225  9.091975e+00  1.474832e-03  9.126528e+00  1.120476e-02 
  110772677   2.298567e+02   3.123190e-01   2.226434e+02   2.297679e+00 145200707060209030       8952       9157    32 2454287.591169  9.096357e+00  1.475255e-03  9.130976e+00  1.120483e-02 
  110773252   2.298204e+02   3.108343e-01   2.228240e+02   2.066835e+00 145200707060218380       9025       9089    32 2454287.597824  9.096529e+00  1.468474e-03  9.130095e+00  1.007094e-02 
  110773290   2.288294e+02   3.110140e-01   2.218606e+02   2.104366e+00 145200707060219170       9029       9086    32 2454287.598264  9.101220e+00  1.475686e-03  9.134800e+00  1.029833e-02 
  110773812   2.296678e+02   3.120600e-01   2.227392e+02   1.927118e+00 145200707060227580       9097       9026    32 2454287.604306  9.097250e+00  1.475244e-03  9.130508e+00  9.393719e-03 
  110774613   2.299068e+02   3.119867e-01   2.229017e+02   1.974862e+00 145200707060241200       9207       8930    32 2454287.613576  9.096121e+00  1.473364e-03  9.129717e+00  9.619431e-03 
  110775617   2.303334e+02   3.118223e-01   2.237103e+02   1.749353e+00 145200707060258030       9347       8850    32 2454287.625197  9.094108e+00  1.469860e-03  9.125785e+00  8.490187e-03 
  110776003   2.301152e+02   3.120109e-01   2.238211e+02   1.518670e+00 145200707060304290       9412       8821    32 2454287.629664  9.095137e+00  1.472144e-03  9.125248e+00  7.366960e-03 
  110776807   2.309843e+02   3.113907e-01   2.247795e+02   1.571189e+00 145200707060317530       9540       8749    32 2454287.638970  9.091043e+00  1.463690e-03  9.120608e+00  7.589226e-03 
  110781434   2.295708e+02   3.133677e-01   2.249395e+02   1.021352e+00 145200707060434590      10355       8497    32 2454287.692523  9.097708e+00  1.482052e-03  9.119836e+00  4.929871e-03 
  110934325   2.219637e+02   3.305439e-01   2.130071e+02   3.352211e+01 145200707072303050       8409      10498    32 2454289.462095  9.134295e+00  1.616862e-03  9.179015e+00  1.708689e-01 
  110943176   2.172738e+02   2.919787e-01   2.119625e+02   5.910180e-01 145200707080130370       8769       9203    32 2454289.564537  9.157482e+00  1.459049e-03  9.184352e+00  3.027384e-03 
  110945036   2.168396e+02   2.925881e-01   2.116347e+02   4.119507e-01 145200707080201360       8978       8974    32 2454289.586065  9.159654e+00  1.465021e-03  9.186033e+00  2.113412e-03 
  110946156   2.177298e+02   2.933127e-01   2.128060e+02   4.810802e-01 145200707080220170       9122       8849    32 2454289.599028  9.155206e+00  1.462645e-03  9.180040e+00  2.454479e-03 
  111037402   2.140072e+02   2.899417e-01   2.080241e+02   2.843353e+00 145200707090340590       9946       8279    32 2454290.655116  9.173929e+00  1.470985e-03  9.204716e+00  1.484031e-02 
  111037440   2.155903e+02   2.900188e-01   2.098208e+02   2.691709e+00 145200707090341380       9954       8273    32 2454290.655556  9.165927e+00  1.460572e-03  9.195378e+00  1.392853e-02 
  111037779   2.154302e+02   2.898852e-01   2.095438e+02   2.600360e+00 145200707090347170      10014       8256    32 2454290.659479  9.166734e+00  1.460983e-03  9.196814e+00  1.347363e-02 
  111037818   2.159435e+02   2.911305e-01   2.101941e+02   2.520414e+00 145200707090347550      10022       8252    32 2454290.659931  9.164149e+00  1.463772e-03  9.193449e+00  1.301899e-02 
  111038160   2.168356e+02   2.922932e-01   2.110783e+02   2.619435e+00 145200707090353380      10083       8234    32 2454290.663889  9.159674e+00  1.463572e-03  9.188891e+00  1.347379e-02 
  111038198   2.151562e+02   2.911959e-01   2.094563e+02   2.775009e+00 145200707090354160      10091       8228    32 2454290.664329  9.168116e+00  1.469458e-03  9.197267e+00  1.438456e-02 
  111038553   2.176380e+02   2.920235e-01   2.121181e+02   2.498862e+00 145200707090400110      10157       8211    32 2454290.668438  9.155663e+00  1.456830e-03  9.183556e+00  1.279058e-02 
  111038591   2.154971e+02   2.909311e-01   2.100241e+02   2.254717e+00 145200707090400490      10163       8212    32 2454290.668877  9.166396e+00  1.465799e-03  9.194327e+00  1.165598e-02 
  111039018   2.152177e+02   2.907147e-01   2.095604e+02   2.820264e+00 145200707090407550      10243       8192    32 2454290.673819  9.167805e+00  1.466611e-03  9.196727e+00  1.461189e-02 
  111039056   2.156203e+02   2.910006e-01   2.102190e+02   2.344710e+00 145200707090408340      10251       8195    32 2454290.674259  9.165776e+00  1.465312e-03  9.193320e+00  1.210997e-02 
  111039394   2.157744e+02   2.910256e-01   2.101142e+02   2.211780e+00 145200707090414110      10315       8179    32 2454290.678171  9.165000e+00  1.464391e-03  9.193861e+00  1.142911e-02 
  111039432   2.150184e+02   2.904467e-01   2.094513e+02   2.161082e+00 145200707090414500      10323       8178    32 2454290.678611  9.168811e+00  1.466617e-03  9.197292e+00  1.120248e-02 
  111039766   2.145530e+02   2.896439e-01   2.091270e+02   1.983069e+00 145200707090420240      10384       8163    32 2454290.682477  9.171164e+00  1.465735e-03  9.198975e+00  1.029565e-02 
  111039804   2.143801e+02   2.900600e-01   2.088146e+02   2.198210e+00 145200707090421020      10392       8156    32 2454290.682917  9.172039e+00  1.469025e-03  9.200598e+00  1.142968e-02 
  111041820   2.156409e+02   2.926869e-01   2.107569e+02   1.516884e+00 145200707090454380      10777       8131    32 2454290.706250  9.165672e+00  1.473662e-03  9.190546e+00  7.814415e-03 
  111042100   2.158047e+02   2.935997e-01   2.112539e+02   1.259386e+00 145200707090459180      10834       8130    32 2454290.709491  9.164847e+00  1.477136e-03  9.187988e+00  6.472620e-03 
  111042345   2.150830e+02   2.957315e-01   2.105999e+02   9.569626e-01 145200707090503230      10884       8125    32 2454290.712326  9.168485e+00  1.492854e-03  9.191355e+00  4.933586e-03 
  111119820   2.279709e+02   3.237685e-01   2.179679e+02   1.408721e+01 145200707100234350       9337       8503    32 2454291.609028  9.105302e+00  1.541988e-03  9.154018e+00  7.017108e-02 
  111119859   2.287088e+02   3.240099e-01   2.187940e+02   1.321835e+01 145200707100235130       9347       8491    32 2454291.609479  9.101793e+00  1.538159e-03  9.149912e+00  6.559454e-02 
  111120287   2.311196e+02   3.251551e-01   2.211604e+02   1.368752e+01 145200707100242220       9405       8465    32 2454291.614433  9.090408e+00  1.527495e-03  9.138231e+00  6.719600e-02 
  111120325   2.305022e+02   3.259273e-01   2.208291e+02   1.315512e+01 145200707100243000       9416       8456    32 2454291.614873  9.093312e+00  1.535223e-03  9.139859e+00  6.467918e-02 
  111120683   2.296297e+02   3.251913e-01   2.199883e+02   1.199243e+01 145200707100248580       9475       8434    32 2454291.619016  9.097430e+00  1.537577e-03  9.144001e+00  5.918797e-02 
  111120721   2.277834e+02   3.246789e-01   2.182330e+02   1.148290e+01 145200707100249360       9483       8430    32 2454291.619456  9.106194e+00  1.547597e-03  9.152699e+00  5.712904e-02 
  111121057   2.291662e+02   3.274587e-01   2.195384e+02   1.247688e+01 145200707100255120       9532       8406    32 2454291.623345  9.099624e+00  1.551429e-03  9.146224e+00  6.170516e-02 
  111121097   2.297687e+02   3.272303e-01   2.201069e+02   1.260192e+01 145200707100255510       9541       8400    32 2454291.623808  9.096773e+00  1.546282e-03  9.143416e+00  6.216258e-02 
  111121441   2.296396e+02   3.283910e-01   2.197997e+02   1.364976e+01 145200707100301350       9593       8370    32 2454291.627789  9.097383e+00  1.552638e-03  9.144933e+00  6.742546e-02 
  111121479   2.299402e+02   3.266936e-01   2.203052e+02   1.270612e+01 145200707100302140       9599       8368    32 2454291.628229  9.095963e+00  1.542594e-03  9.142438e+00  6.262012e-02 
  111121823   2.301934e+02   3.306808e-01   2.205382e+02   1.290555e+01 145200707100307570       9653       8341    32 2454291.632211  9.094768e+00  1.559703e-03  9.141291e+00  6.353578e-02 
  111121860   2.307068e+02   3.307986e-01   2.208378e+02   1.371425e+01 145200707100308350       9662       8330    32 2454291.632639  9.092349e+00  1.556786e-03  9.139816e+00  6.742556e-02 
  111122388   2.290185e+02   3.315591e-01   2.194642e+02   1.376776e+01 145200707100317220       9748       8300    32 2454291.638750  9.100324e+00  1.571868e-03  9.146590e+00  6.811230e-02 
  111122426   2.302085e+02   3.321926e-01   2.207026e+02   1.272916e+01 145200707100318010       9757       8294    32 2454291.639190  9.094697e+00  1.566731e-03  9.140481e+00  6.262074e-02 
  111122775   2.303062e+02   3.321677e-01   2.208148e+02   1.268909e+01 145200707100323490       9805       8329    32 2454291.643229  9.094235e+00  1.565949e-03  9.139930e+00  6.239190e-02 
  111122812   2.304426e+02   3.321360e-01   2.213444e+02   1.127357e+01 145200707100324270       9814       8325    32 2454291.643657  9.093594e+00  1.564873e-03  9.137329e+00  5.529920e-02 
  111123246   2.289134e+02   3.321177e-01   2.196917e+02   1.359685e+01 145200707100331410       9879       8300    32 2454291.648681  9.100822e+00  1.575240e-03  9.145466e+00  6.719708e-02 
  111123286   2.315509e+02   3.326132e-01   2.222706e+02   1.258535e+01 145200707100332200       9888       8292    32 2454291.649144  9.088384e+00  1.559620e-03  9.132794e+00  6.147648e-02 
  111123624   2.312656e+02   3.342041e-01   2.225094e+02   1.095782e+01 145200707100337580       9951       8279    32 2454291.653056  9.089723e+00  1.569014e-03  9.131629e+00  5.346896e-02 
  111123662   2.318927e+02   3.346342e-01   2.231576e+02   1.089568e+01 145200707100338370       9959       8276    32 2454291.653495  9.086782e+00  1.566784e-03  9.128470e+00  5.301129e-02 
  111124170   2.307895e+02   3.366027e-01   2.218274e+02   1.129828e+01 145200707100347040      10051       8248    32 2454291.659375  9.091960e+00  1.583534e-03  9.134962e+00  5.529974e-02 
  111124208   2.327397e+02   3.382076e-01   2.237860e+02   1.196386e+01 145200707100347430      10057       8244    32 2454291.659815  9.082824e+00  1.577752e-03  9.125418e+00  5.804490e-02 
  111124550   2.325128e+02   3.378691e-01   2.234364e+02   1.152143e+01 145200707100353250      10120       8220    32 2454291.663773  9.083883e+00  1.577711e-03  9.127115e+00  5.598588e-02 
  111124590   2.314563e+02   3.359117e-01   2.226096e+02   1.096281e+01 145200707100354040      10127       8224    32 2454291.664236  9.088828e+00  1.575731e-03  9.131140e+00  5.346920e-02 
  111125025   2.309250e+02   3.379760e-01   2.221493e+02   1.154876e+01 145200707100401190      10213       8210    32 2454291.669271  9.091323e+00  1.589062e-03  9.133388e+00  5.644377e-02 
  111125063   2.324063e+02   3.390246e-01   2.236307e+02   1.148435e+01 145200707100401580      10221       8210    32 2454291.669711  9.084380e+00  1.583832e-03  9.126171e+00  5.575719e-02 
  111125397   2.299628e+02   3.395334e-01   2.211843e+02   1.107921e+01 145200707100407310      10284       8187    32 2454291.673576  9.095856e+00  1.603063e-03  9.138114e+00  5.438513e-02 
  111125434   2.310210e+02   3.406377e-01   2.221169e+02   1.107913e+01 145200707100408090      10292       8186    32 2454291.674005  9.090872e+00  1.600911e-03  9.133546e+00  5.415639e-02 
  111125771   2.318770e+02   3.407448e-01   2.225633e+02   1.269592e+01 145200707100413460      10353       8169    32 2454291.677905  9.086856e+00  1.595502e-03  9.131366e+00  6.193503e-02 
  111125811   2.315568e+02   3.408256e-01   2.224402e+02   1.250141e+01 145200707100414250      10362       8168    32 2454291.678368  9.088356e+00  1.598087e-03  9.131967e+00  6.101989e-02 
  111127989   2.314290e+02   3.475047e-01   2.215927e+02   1.516252e+01 145200707100450440      10782       8136    32 2454291.703576  9.088956e+00  1.630304e-03  9.136111e+00  7.429197e-02 
  111128027   2.306393e+02   3.473991e-01   2.210299e+02   1.558986e+01 145200707100451220      10788       8135    32 2454291.704016  9.092667e+00  1.635389e-03  9.138872e+00  7.658028e-02 
  111128272   2.319364e+02   3.534073e-01   2.219075e+02   2.098385e+01 145200707100455270      10837       8134    32 2454291.706852  9.086577e+00  1.654369e-03  9.134570e+00  1.026689e-01 
  111128557   2.319635e+02   3.649926e-01   2.207706e+02   1.827067e+01 145200707100500110      10894       8123    32 2454291.710150  9.086451e+00  1.708403e-03  9.140147e+00  8.985434e-02 
  111128595   2.358258e+02   3.790209e-01   2.247892e+02   1.713472e+01 145200707100500500      10900       8125    32 2454291.710590  9.068521e+00  1.745009e-03  9.120562e+00  8.276134e-02 
  111128839   2.440812e+02   4.081074e-01   2.351371e+02   2.342488e+01 145200707100504530      10950       8128    32 2454291.713414  9.031164e+00  1.815374e-03  9.071697e+00  1.081638e-01 
  111129159   2.348174e+02   3.986740e-01   2.261286e+02   1.747549e+01 145200707100510130      11012       8124    32 2454291.717118  9.073174e+00  1.843375e-03  9.114112e+00  8.390733e-02 
  111129404   1.935464e+02   4.135234e-01   1.868248e+02   1.959803e+01 145200707100514190      11062       8124    32 2454291.719954  9.283037e+00  2.319748e-03  9.321413e+00  1.138948e-01 
  111129444   2.360715e+02   4.306340e-01   2.281557e+02   1.695966e+01 145200707100514580      11068       8120    32 2454291.720417  9.067390e+00  1.980572e-03  9.104422e+00  8.070711e-02 
  111129810   2.444320e+02   5.175887e-01   2.380188e+02   1.985147e+01 145200707100521050      11144       8121    32 2454291.724653  9.029605e+00  2.299072e-03  9.058472e+00  9.055391e-02 
  111129850   2.321892e+02   4.495588e-01   2.245253e+02   7.562793e+00 145200707100521440      11150       8124    32 2454291.725116  9.085395e+00  2.102182e-03  9.121837e+00  3.657150e-02 
  111194765   2.288719e+02   3.679316e-01   2.064494e+02   5.242252e+01 145200707102323370       8411      10048    32 2454292.476447  9.101019e+00  1.745422e-03  9.212966e+00  2.756957e-01 
  111194805   2.262741e+02   3.658237e-01   2.102086e+02   4.961045e+01 145200707102324170       8411      10041    32 2454292.476910  9.113413e+00  1.755346e-03  9.193374e+00  2.562409e-01 
  111195344   2.270725e+02   3.643348e-01   1.998587e+02   5.272928e+01 145200707102333170       8415       9956    32 2454292.483148  9.109589e+00  1.742055e-03  9.248193e+00  2.864539e-01 
  111195384   2.284403e+02   3.674118e-01   1.978952e+02   5.429713e+01 145200707102333560       8416       9945    32 2454292.483611  9.103068e+00  1.746249e-03  9.258912e+00  2.978979e-01 
  111195994   2.273521e+02   3.613860e-01   2.010325e+02   5.515783e+01 145200707102344070       8431       9859    32 2454292.490671  9.108253e+00  1.725831e-03  9.241835e+00  2.978975e-01 
  111196034   2.290759e+02   3.632275e-01   1.941503e+02   5.965425e+01 145200707102344460       8432       9849    32 2454292.491134  9.100051e+00  1.721572e-03  9.279655e+00  3.336023e-01 
  111196561   2.282399e+02   3.603002e-01   2.129277e+02   4.652663e+01 145200707102353330       8441       9772    32 2454292.497234  9.104021e+00  1.713952e-03  9.179420e+00  2.372440e-01 
  111196599   2.284812e+02   3.607179e-01   2.093369e+02   4.658052e+01 145200707102354120       8443       9766    32 2454292.497674  9.102874e+00  1.714127e-03  9.197886e+00  2.415931e-01 
  111197229   2.292814e+02   3.573981e-01   2.163845e+02   3.820481e+01 145200707110004420       8462       9668    32 2454292.504965  9.099078e+00  1.692424e-03  9.161935e+00  1.916981e-01 
  111197268   2.267713e+02   3.538767e-01   2.131853e+02   3.948245e+01 145200707110005200       8464       9663    32 2454292.505417  9.111030e+00  1.694298e-03  9.178107e+00  2.010818e-01 
  111197898   2.289668e+02   3.513303e-01   2.174072e+02   2.866963e+01 145200707110015510       8492       9568    32 2454292.512708  9.100569e+00  1.665977e-03  9.156816e+00  1.431773e-01 
  111197936   2.282279e+02   3.527809e-01   2.167901e+02   3.247262e+01 145200707110016290       8494       9563    32 2454292.513148  9.104078e+00  1.678272e-03  9.159902e+00  1.626312e-01 
  111197990   2.268485e+02   3.511380e-01   2.154095e+02   2.763431e+01 145200707110017230       8497       9552    32 2454292.513773  9.110660e+00  1.680613e-03  9.166838e+00  1.392867e-01 
  111198049   2.297465e+02   3.526431e-01   2.181772e+02   2.734535e+01 145200707110018210       8500       9547    32 2454292.514456  9.096878e+00  1.666527e-03  9.152977e+00  1.360818e-01 
  111198138   2.276871e+02   3.530723e-01   2.161242e+02   2.863703e+01 145200707110019510       8506       9530    32 2454292.515486  9.106654e+00  1.683647e-03  9.163241e+00  1.438634e-01 
  111198686   2.292140e+02   3.510606e-01   2.176019e+02   2.754860e+01 145200707110028580       8538       9458    32 2454292.521829  9.099397e+00  1.662902e-03  9.155843e+00  1.374557e-01 
  111198724   2.269848e+02   3.481856e-01   2.156782e+02   2.730506e+01 145200707110029360       8541       9452    32 2454292.522269  9.110008e+00  1.665481e-03  9.165484e+00  1.374557e-01 
  111199455   2.265512e+02   3.458809e-01   2.151759e+02   2.715068e+01 145200707110041470       8597       9349    32 2454292.530729  9.112084e+00  1.657624e-03  9.168015e+00  1.369976e-01 
  111199493   2.280237e+02   3.463113e-01   2.167173e+02   2.656855e+01 145200707110042250       8597       9349    32 2454292.531169  9.105050e+00  1.648969e-03  9.160266e+00  1.331068e-01 
  111200222   2.301079e+02   3.450465e-01   2.187718e+02   2.635918e+01 145200707110054340       8650       9235    32 2454292.539606  9.095171e+00  1.628066e-03  9.150022e+00  1.308177e-01 
  111200260   2.288757e+02   3.430161e-01   2.178424e+02   2.422673e+01 145200707110055130       8653       9234    32 2454292.540046  9.101001e+00  1.627199e-03  9.154644e+00  1.207475e-01 
  111200886   2.297550e+02   3.433106e-01   2.187106e+02   2.284808e+01 145200707110105390       8713       9149    32 2454292.547292  9.096838e+00  1.622363e-03  9.150326e+00  1.134242e-01 
  111200926   2.299943e+02   3.440783e-01   2.191620e+02   2.234081e+01 145200707110106180       8715       9143    32 2454292.547755  9.095707e+00  1.624300e-03  9.148087e+00  1.106775e-01 
  111201660   2.304158e+02   3.442865e-01   2.195421e+02   2.131526e+01 145200707110118320       8785       9041    32 2454292.556250  9.093719e+00  1.622309e-03  9.146206e+00  1.054141e-01 
  111201698   2.302887e+02   3.454324e-01   2.192585e+02   2.216590e+01 145200707110119110       8790       9033    32 2454292.556690  9.094318e+00  1.628607e-03  9.147609e+00  1.097627e-01 
  111202325   2.311584e+02   3.444041e-01   2.201432e+02   2.151289e+01 145200707110129380       8854       8965    32 2454292.563947  9.090226e+00  1.617650e-03  9.143237e+00  1.061010e-01 
  111202363   2.287639e+02   3.426158e-01   2.180176e+02   2.052398e+01 145200707110130160       8855       8958    32 2454292.564387  9.101531e+00  1.626094e-03  9.153771e+00  1.022106e-01 
  111202899   2.326006e+02   3.439344e-01   2.215223e+02   2.076041e+01 145200707110139110       8919       8898    32 2454292.570590  9.083473e+00  1.605427e-03  9.136456e+00  1.017523e-01 
  111202938   2.293506e+02   3.395092e-01   2.186691e+02   1.989383e+01 145200707110139490       8922       8893    32 2454292.571042  9.098750e+00  1.607228e-03  9.150532e+00  9.877723e-02 
  111203541   2.305902e+02   3.418449e-01   2.197845e+02   1.994898e+01 145200707110149520       8997       8819    32 2454292.578021  9.092898e+00  1.609586e-03  9.145007e+00  9.854842e-02 
  111203579   2.314108e+02   3.415689e-01   2.207496e+02   1.943169e+01 145200707110150310       9000       8812    32 2454292.578461  9.089041e+00  1.602583e-03  9.140250e+00  9.557329e-02 
  111204109   2.303413e+02   3.392459e-01   2.195973e+02   1.937653e+01 145200707110159200       9070       8758    32 2454292.584595  9.094070e+00  1.599074e-03  9.145932e+00  9.580202e-02 
  111204146   2.320230e+02   3.399571e-01   2.215213e+02   1.837899e+01 145200707110159580       9074       8754    32 2454292.585023  9.086172e+00  1.590812e-03  9.136461e+00  9.008073e-02 
  111204671   2.307372e+02   3.383301e-01   2.202298e+02   1.882886e+01 145200707110208420       9141       8692    32 2454292.591100  9.092206e+00  1.592022e-03  9.142810e+00  9.282691e-02 
  111204709   2.311965e+02   3.386854e-01   2.206150e+02   1.941980e+01 145200707110209210       9146       8682    32 2454292.591539  9.090047e+00  1.590527e-03  9.140912e+00  9.557307e-02 
  111205445   2.312248e+02   3.369938e-01   2.211229e+02   1.634185e+01 145200707110221370       9252       8618    32 2454292.600058  9.089914e+00  1.582389e-03  9.138415e+00  8.024045e-02 
  111205485   2.326692e+02   3.375899e-01   2.224976e+02   1.602136e+01 145200707110222160       9259       8613    32 2454292.600521  9.083153e+00  1.575348e-03  9.131686e+00  7.818074e-02 
  111206187   2.329120e+02   3.401107e-01   2.228394e+02   1.510671e+01 145200707110233580       9356       8546    32 2454292.608646  9.082020e+00  1.585456e-03  9.130020e+00  7.360441e-02 
  111206225   2.333759e+02   3.409037e-01   2.234927e+02   1.373798e+01 145200707110234370       9368       8536    32 2454292.609086  9.079860e+00  1.585994e-03  9.126842e+00  6.673989e-02 
  111206661   2.311624e+02   3.401634e-01   2.213461e+02   1.411922e+01 145200707110241520       9432       8501    32 2454292.614132  9.090207e+00  1.597704e-03  9.137321e+00  6.925715e-02 
  111206699   2.326548e+02   3.393103e-01   2.227223e+02   1.298656e+01 145200707110242310       9440       8497    32 2454292.614572  9.083220e+00  1.583474e-03  9.130590e+00  6.330763e-02 
  111207043   2.313947e+02   3.391211e-01   2.214840e+02   1.543495e+01 145200707110248150       9490       8468    32 2454292.618553  9.089116e+00  1.591209e-03  9.136644e+00  7.566393e-02 
  111207081   2.316366e+02   3.390361e-01   2.217845e+02   1.400691e+01 145200707110248530       9498       8466    32 2454292.618993  9.087982e+00  1.589149e-03  9.135172e+00  6.857043e-02 
  111207427   2.336501e+02   3.399848e-01   2.236015e+02   1.558247e+01 145200707110254380       9549       8445    32 2454292.622998  9.078585e+00  1.579863e-03  9.126313e+00  7.566368e-02 
  111207465   2.305096e+02   3.398318e-01   2.206669e+02   1.612220e+01 145200707110255170       9558       8434    32 2454292.623438  9.093277e+00  1.600666e-03  9.140656e+00  7.932550e-02 
  111207807   2.324254e+02   3.409995e-01   2.224350e+02   1.526685e+01 145200707110300590       9611       8415    32 2454292.627396  9.084291e+00  1.592928e-03  9.131992e+00  7.451985e-02 
  111207846   2.314768e+02   3.416977e-01   2.217554e+02   1.409861e+01 145200707110301370       9619       8411    32 2454292.627847  9.088732e+00  1.602730e-03  9.135314e+00  6.902843e-02 
  111208293   2.305504e+02   3.401431e-01   2.209204e+02   1.488356e+01 145200707110309040       9692       8382    32 2454292.633021  9.093085e+00  1.601849e-03  9.139411e+00  7.314706e-02 
  111208331   2.307450e+02   3.420589e-01   2.208738e+02   1.543907e+01 145200707110309420       9700       8371    32 2454292.633461  9.092170e+00  1.609513e-03  9.139639e+00  7.589319e-02 
  111208766   2.320504e+02   3.451931e-01   2.223077e+02   1.380583e+01 145200707110316580       9774       8345    32 2454292.638495  9.086044e+00  1.615123e-03  9.132614e+00  6.742702e-02 
  111208806   2.312670e+02   3.440152e-01   2.216130e+02   1.338906e+01 145200707110317370       9783       8339    32 2454292.638958  9.089716e+00  1.615064e-03  9.136012e+00  6.559648e-02 
  111209146   2.327327e+02   3.427628e-01   2.230447e+02   1.559076e+01 145200707110323170       9838       8320    32 2454292.642894  9.082856e+00  1.599050e-03  9.129020e+00  7.589290e-02 
  111209183   2.314917e+02   3.428855e-01   2.220304e+02   1.369498e+01 145200707110323550       9846       8319    32 2454292.643322  9.088661e+00  1.608198e-03  9.133968e+00  6.696913e-02 
  111209632   2.301129e+02   3.428264e-01   2.205160e+02   1.597180e+01 145200707110331240       9920       8290    32 2454292.648519  9.095147e+00  1.617555e-03  9.141399e+00  7.863929e-02 
  111209672   2.320322e+02   3.458596e-01   2.228671e+02   1.459206e+01 145200707110332030       9929       8289    32 2454292.648981  9.086129e+00  1.618369e-03  9.129885e+00  7.108803e-02 
  111210016   2.317468e+02   3.465838e-01   2.223051e+02   1.474269e+01 145200707110337470       9991       8271    32 2454292.652963  9.087465e+00  1.623754e-03  9.132627e+00  7.200345e-02 
  111210055   2.310268e+02   3.451416e-01   2.218114e+02   1.377503e+01 145200707110338260       9997       8268    32 2454292.653414  9.090844e+00  1.622037e-03  9.135040e+00  6.742711e-02 
  111210385   2.321075e+02   3.455299e-01   2.228399e+02   1.388583e+01 145200707110343560      10054       8245    32 2454292.657234  9.085777e+00  1.616302e-03  9.130018e+00  6.765578e-02 
  111210423   2.348903e+02   3.454947e-01   2.254327e+02   1.423733e+01 145200707110344340      10062       8238    32 2454292.657674  9.072838e+00  1.596990e-03  9.117457e+00  6.857054e-02 
  111210762   2.339144e+02   3.442647e-01   2.244498e+02   1.374956e+01 145200707110350130      10125       8224    32 2454292.661597  9.077358e+00  1.597943e-03  9.122202e+00  6.651128e-02 
  111210800   2.330393e+02   3.446143e-01   2.240136e+02   1.216503e+01 145200707110350520      10133       8227    32 2454292.662037  9.081427e+00  1.605572e-03  9.124314e+00  5.896097e-02 
  111211240   2.323874e+02   3.455658e-01   2.234087e+02   1.208515e+01 145200707110358110      10220       8213    32 2454292.667130  9.084469e+00  1.614522e-03  9.127250e+00  5.873242e-02 
  111211278   2.329630e+02   3.462238e-01   2.239877e+02   1.173887e+01 145200707110358500      10228       8212    32 2454292.667569  9.081782e+00  1.613600e-03  9.124439e+00  5.690205e-02 
  111211617   2.329529e+02   3.458142e-01   2.239867e+02   1.211640e+01 145200707110404290      10291       8185    32 2454292.671493  9.081830e+00  1.611761e-03  9.124444e+00  5.873233e-02 
  111211657   2.320544e+02   3.445522e-01   2.232292e+02   1.132281e+01 145200707110405080      10300       8183    32 2454292.671956  9.086025e+00  1.612097e-03  9.128122e+00  5.507179e-02 
  111211991   2.309737e+02   3.448588e-01   2.221324e+02   9.722783e+00 145200707110410430      10363       8169    32 2454292.675822  9.091093e+00  1.621080e-03  9.133471e+00  4.752307e-02 
  111212029   2.316474e+02   3.460852e-01   2.228355e+02   1.031694e+01 145200707110411210      10371       8166    32 2454292.676262  9.087932e+00  1.622114e-03  9.130039e+00  5.026807e-02 
  111212559   2.328513e+02   3.462332e-01   2.239512e+02   9.330545e+00 145200707110420110      10471       8142    32 2454292.682396  9.082303e+00  1.614418e-03  9.124617e+00  4.523551e-02 
  111212598   2.335940e+02   3.458164e-01   2.248092e+02   8.655867e+00 145200707110420490      10478       8145    32 2454292.682847  9.078846e+00  1.607347e-03  9.120464e+00  4.180443e-02 
  111214562   2.306978e+02   3.518034e-01   2.222686e+02   9.635325e+00 145200707110453340      10841       8182    32 2454292.705579  9.092392e+00  1.655703e-03  9.132805e+00  4.706674e-02 
  111214600   2.324610e+02   3.524013e-01   2.240261e+02   9.286698e+00 145200707110454120      10848       8184    32 2454292.706019  9.084125e+00  1.645937e-03  9.124253e+00  4.500788e-02 
  111214839   2.321510e+02   3.529420e-01   2.237057e+02   1.097013e+01 145200707110458110      10896       8187    32 2454292.708785  9.085573e+00  1.650664e-03  9.125808e+00  5.324275e-02 
  111214877   2.326790e+02   3.537886e-01   2.240058e+02   1.037132e+01 145200707110458490      10904       8187    32 2454292.709225  9.083107e+00  1.650868e-03  9.124352e+00  5.026903e-02 
  111215124   2.304442e+02   3.557534e-01   2.217551e+02   9.940265e+00 145200707110502550      10954       8189    32 2454292.712083  9.093586e+00  1.676136e-03  9.135316e+00  4.866875e-02 
  111215161   2.304397e+02   3.560205e-01   2.216498e+02   1.035583e+01 145200707110503330      10961       8186    32 2454292.712512  9.093607e+00  1.677426e-03  9.135832e+00  5.072746e-02 
  111215414   2.312079e+02   3.643318e-01   2.229716e+02   9.055650e+00 145200707110507460      11011       8181    32 2454292.715440  9.089993e+00  1.710883e-03  9.129376e+00  4.409566e-02 
  111215454   2.315409e+02   3.652347e-01   2.229103e+02   9.287967e+00 145200707110508250      11018       8177    32 2454292.715903  9.088430e+00  1.712656e-03  9.129675e+00  4.523935e-02 
  111215707   2.322775e+02   3.781798e-01   2.241437e+02   7.687639e+00 145200707110512390      11067       8175    32 2454292.718831  9.084982e+00  1.767735e-03  9.123684e+00  3.723852e-02 
  111215747   2.312301e+02   3.803133e-01   2.230887e+02   7.886510e+00 145200707110513180      11074       8176    32 2454292.719294  9.089889e+00  1.785759e-03  9.128806e+00  3.838249e-02 
  111216105   2.317882e+02   4.254119e-01   2.247421e+02   6.433722e+00 145200707110519160      11155       8179    32 2454292.723438  9.087272e+00  1.992710e-03  9.120790e+00  3.108163e-02 
  111216141   2.307367e+02   4.304302e-01   2.234022e+02   7.147859e+00 145200707110519530      11162       8174    32 2454292.723854  9.092209e+00  2.025405e-03  9.127281e+00  3.473876e-02 
