\OBJNAME = '1SWASP J155819.89+482926.3'
\OBSSTART = '2006-04-12T00:22:28'
\OBSSTOP = '2007-07-16T00:58:30'
\TSTART = 71886360
\TSTOP = 111632364
\JD_REF = 2453005.5
\RA_OBJ = '239.582889'
\DEC_OBJ = '48.490639'
\WASP_MAG = 12.35384
\HJD_START = 2453837.518056
\HJD_STOP = 2454297.541250
\fixlen = T
\NUMRECORDS = 129
\
\ This file was produced by the NASA Exoplanet Archive  http://exoplanetarchive.ipac.caltech.edu 
\ Thu Sep 19, 12:36:15 2013
\ Documentation for the SuperWASP dataset can be found at http://exoplanetarchive.ipac.caltech.edu/docs/SuperWASPMission.html
\
|TMID      |FLUX2         |FLUX2_ERR     |TAMFLUX2      |TAMFLUX2_ERR  |IMAGEID           |CCDX      |CCDY      |FLAG |           HJD|         MAG2|     MAG2_ERR|      TAMMAG2|  TAMMAG2_ERR|
|int       |float         |float         |float         |float         |char              |int       |int       |int  |        double|        float|        float|        float|        float|
|sec       |micro Vega    |micro Vega    |micro Vega    |micro Vega    |                  |1/16 pixel|1/16 pixel|     |           day|          mag|          mag|          mag|          mag|
|null      |null          |null          |null          |null          |null              |null      |null      |null |          null|         null|         null|         null|         null|
   71886360   1.281812e+01   2.664993e-01   1.281812e+01   2.664993e-01 143200604120022280       6616      25035     0 2453837.518056  1.223044e+01  2.257344e-02  1.223044e+01  2.257344e-02 
   71887267   1.199837e+01   2.772367e-01   1.199837e+01   2.772367e-01 143200604120037360       6617      25184     0 2453837.528553  1.230219e+01  2.508733e-02  1.230219e+01  2.508733e-02 
   71887735   1.299568e+01   2.492924e-01   1.299568e+01   2.492924e-01 143200604120045240       6611      25263     0 2453837.533970  1.221550e+01  2.082743e-02  1.221550e+01  2.082743e-02 
   71888694   1.253508e+01   2.446712e-01   1.253508e+01   2.446712e-01 143200604120101230       6589      25420     0 2453837.545069  1.225468e+01  2.119247e-02  1.225468e+01  2.119247e-02 
   71890631   1.309198e+01   2.390675e-01   1.309198e+01   2.390675e-01 143200604120133390       6478      25722     0 2453837.567488  1.220749e+01  1.982628e-02  1.220749e+01  1.982628e-02 
   71891078   1.350341e+01   2.566707e-01   1.350341e+01   2.566707e-01 143200604120141060       6488      25792     0 2453837.572662  1.217389e+01  2.063758e-02  1.217389e+01  2.063758e-02 
   71894324   1.328201e+01   2.473204e-01   1.328201e+01   2.473204e-01 143200604120235110       6209      26260     0 2453837.610231  1.219184e+01  2.021724e-02  1.219184e+01  2.021724e-02 
   71897893   1.155787e+01   3.025200e-01   1.155787e+01   3.025200e-01 143200604120334400       5781      26675     0 2453837.651539  1.234281e+01  2.841857e-02  1.234281e+01  2.841857e-02 
   77424686   1.134610e+01   2.349424e-01   1.134610e+01   2.349424e-01 143200606150249000      32602       1052     0 2453901.619051  1.236288e+01  2.248228e-02  1.236288e+01  2.248228e-02 
   77424686   9.962940e+00   1.832538e-01   9.962940e+00   1.832538e-01 141200606150249000       4353       2584     0 2453901.619051  1.250403e+01  1.997061e-02  1.250403e+01  1.997061e-02 
   77425251   1.008636e+01   1.830073e-01   1.008636e+01   1.830073e-01 141200606150258250       4253       2578     0 2453901.625590  1.249066e+01  1.969971e-02  1.249066e+01  1.969971e-02 
   77425253   1.145319e+01   2.324597e-01   1.145319e+01   2.324597e-01 143200606150258260      32489       1043     0 2453901.625613  1.235268e+01  2.203673e-02  1.235268e+01  2.203673e-02 
   77426203   1.172308e+01   2.573143e-01   1.172308e+01   2.573143e-01 143200606150314160      32287       1024     0 2453901.636609  1.232740e+01  2.383132e-02  1.232740e+01  2.383132e-02 
   77426203   1.010121e+01   2.042993e-01   1.010121e+01   2.042993e-01 141200606150314160       4081       2561     0 2453901.636609  1.248907e+01  2.195935e-02  1.248907e+01  2.195935e-02 
   77510804   9.811648e+00   1.618030e-01   9.811648e+00   1.618030e-01 141200606160244200       4359       2588     0 2453902.615787  1.252065e+01  1.790483e-02  1.252065e+01  1.790483e-02 
   77512178   9.661304e+00   1.676949e-01   9.661304e+00   1.676949e-01 141200606160307140       4087       2568     0 2453902.631690  1.253741e+01  1.884560e-02  1.253741e+01  1.884560e-02 
   77513945   1.001982e+01   1.728470e-01   1.001982e+01   1.728470e-01 141200606160336410       3772       2510     0 2453902.652141  1.249785e+01  1.872957e-02  1.249785e+01  1.872957e-02 
   81725437   1.052730e+01   1.657044e-01   1.052730e+01   1.657044e-01 142200608032130480      27175      17878     0 2453951.396262  1.244421e+01  1.709003e-02  1.244421e+01  1.709003e-02 
   81726172   1.097967e+01   1.677628e-01   1.097967e+01   1.677628e-01 142200608032143030      27308      17849     0 2453951.404769  1.239853e+01  1.658946e-02  1.239853e+01  1.658946e-02 
   81726997   1.088360e+01   1.660738e-01   1.088360e+01   1.660738e-01 142200608032156490      27423      17819     0 2453951.414317  1.240807e+01  1.656740e-02  1.240807e+01  1.656740e-02 
   81727860   1.055209e+01   1.687634e-01   1.055209e+01   1.687634e-01 142200608032211120      27600      17796     0 2453951.424306  1.244165e+01  1.736463e-02  1.244165e+01  1.736463e-02 
   81809995   1.065850e+01   1.810246e-01   1.065850e+01   1.810246e-01 142200608042100090      26918      17916     0 2453952.374942  1.243076e+01  1.844027e-02  1.243076e+01  1.844027e-02 
   81809995   1.079287e+01   1.991834e-01   1.079287e+01   1.991834e-01 144200608042100090       2348      21502     0 2453952.374942  1.241716e+01  2.003743e-02  1.241716e+01  2.003743e-02 
   81810059   8.770362e+00   1.912452e-01   8.770362e+00   1.912452e-01 141200608042101130       7663       2000     0 2453952.375683  1.264246e+01  2.367549e-02  1.264246e+01  2.367549e-02 
   81810315   1.095318e+01   1.596175e-01   1.095318e+01   1.596175e-01 142200608042105300      26971      17927     0 2453952.378646  1.240115e+01  1.582217e-02  1.240115e+01  1.582217e-02 
   81810315   1.054395e+01   1.747627e-01   1.054395e+01   1.747627e-01 144200608042105300       2412      21481     0 2453952.378646  1.244249e+01  1.799580e-02  1.244249e+01  1.799580e-02 
   81810514   9.037169e+00   1.697977e-01   9.037169e+00   1.697977e-01 141200608042108480       7637       2035     0 2453952.380949  1.260992e+01  2.039977e-02  1.260992e+01  2.039977e-02 
   81810909   1.106831e+01   1.454147e-01   1.106831e+01   1.454147e-01 142200608042115240      27048      17900     0 2453952.385521  1.238980e+01  1.426439e-02  1.238980e+01  1.426439e-02 
   81810909   1.083472e+01   1.567076e-01   1.083472e+01   1.567076e-01 144200608042115240       2495      21452     0 2453952.385521  1.241296e+01  1.570357e-02  1.241296e+01  1.570357e-02 
   81811229   9.017081e+00   1.599009e-01   9.017081e+00   1.599009e-01 141200608042120430       7537       2103     0 2453952.389225  1.261234e+01  1.925355e-02  1.261234e+01  1.925355e-02 
   81811686   1.092575e+01   1.448127e-01   1.092575e+01   1.448127e-01 142200608042128210      27179      17863     0 2453952.394514  1.240387e+01  1.439067e-02  1.240387e+01  1.439067e-02 
   81811686   1.074624e+01   1.568175e-01   1.074624e+01   1.568175e-01 144200608042128200       2632      21418     0 2453952.394514  1.242186e+01  1.584395e-02  1.242186e+01  1.584395e-02 
   81812372   1.081626e+01   1.438109e-01   1.081626e+01   1.438109e-01 142200608042139470      27299      17837     0 2453952.402454  1.241481e+01  1.443579e-02  1.241481e+01  1.443579e-02 
   81812372   1.084793e+01   1.563348e-01   1.084793e+01   1.563348e-01 144200608042139470       2757      21388     0 2453952.402454  1.241163e+01  1.564712e-02  1.241163e+01  1.564712e-02 
   81812561   9.329866e+00   1.592964e-01   9.329866e+00   1.592964e-01 141200608042142560       7295       2187     0 2453952.404641  1.257531e+01  1.853772e-02  1.257531e+01  1.853772e-02 
   81813158   1.046519e+01   1.463461e-01   1.046519e+01   1.463461e-01 142200608042152530      27429      17810     0 2453952.411551  1.245063e+01  1.518308e-02  1.245063e+01  1.518308e-02 
   81813158   1.079591e+01   1.585988e-01   1.079591e+01   1.585988e-01 144200608042152530       2891      21350     0 2453952.411551  1.241685e+01  1.595021e-02  1.241685e+01  1.595021e-02 
   81813351   9.366057e+00   1.616333e-01   9.366057e+00   1.616333e-01 141200608042156050       7173       2239     0 2453952.413785  1.257111e+01  1.873699e-02  1.257111e+01  1.873699e-02 
   81813932   1.096498e+01   1.461459e-01   1.096498e+01   1.461459e-01 142200608042205460      27587      17793     0 2453952.420509  1.239998e+01  1.447120e-02  1.239998e+01  1.447120e-02 
   81813932   1.065387e+01   1.569009e-01   1.065387e+01   1.569009e-01 144200608042205460       3057      21340     0 2453952.420509  1.243123e+01  1.598983e-02  1.243123e+01  1.598983e-02 
   81896787   9.483428e+00   1.809674e-01   9.483428e+00   1.809674e-01 141200608052106440       7605       2042     0 2453953.379479  1.255759e+01  2.071862e-02  1.255759e+01  2.071862e-02 
   81896855   1.075681e+01   1.612191e-01   1.075681e+01   1.612191e-01 142200608052107530      27031      17878     0 2453953.380266  1.242079e+01  1.627267e-02  1.242079e+01  1.627267e-02 
   81896855   1.101103e+01   1.774703e-01   1.101103e+01   1.774703e-01 144200608052107530       2463      21443     0 2453953.380266  1.239543e+01  1.749941e-02  1.239543e+01  1.749941e-02 
   81897373   9.623427e+00   1.715771e-01   9.623427e+00   1.715771e-01 141200608052116310       7499       2088     0 2453953.386262  1.254168e+01  1.935777e-02  1.254168e+01  1.935777e-02 
   81897591   1.091286e+01   1.547416e-01   1.091286e+01   1.547416e-01 142200608052120090      27133      17861     0 2453953.388785  1.240515e+01  1.539552e-02  1.240515e+01  1.539552e-02 
   81897591   1.092585e+01   1.705716e-01   1.092585e+01   1.705716e-01 144200608052120090       2574      21418     0 2453953.388785  1.240386e+01  1.695030e-02  1.240386e+01  1.695030e-02 
   81898105   9.384476e+00   1.705554e-01   9.384476e+00   1.705554e-01 141200608052128420       7434       2148     0 2453953.394734  1.256897e+01  1.973247e-02  1.256897e+01  1.973247e-02 
   81898302   1.082349e+01   1.555942e-01   1.082349e+01   1.555942e-01 142200608052132000      27252      17834     0 2453953.397014  1.241408e+01  1.560817e-02  1.241408e+01  1.560817e-02 
   81898302   1.063906e+01   1.684841e-01   1.063906e+01   1.684841e-01 144200608052132000       2703      21387     0 2453953.397014  1.243274e+01  1.719419e-02  1.243274e+01  1.719419e-02 
   81899016   1.100230e+01   1.549424e-01   1.100230e+01   1.549424e-01 142200608052143530      27376      17809     0 2453953.405278  1.239629e+01  1.529019e-02  1.239629e+01  1.529019e-02 
   81899016   1.123528e+01   1.709457e-01   1.123528e+01   1.709457e-01 144200608052143530       2836      21362     0 2453953.405278  1.237354e+01  1.651962e-02  1.237354e+01  1.651962e-02 
   81899748   1.094105e+01   1.606835e-01   1.094105e+01   1.606835e-01 142200608052156050      27513      17787     0 2453953.413750  1.240235e+01  1.594549e-02  1.240235e+01  1.594549e-02 
   81899748   1.130011e+01   1.747749e-01   1.130011e+01   1.747749e-01 144200608052156050       2981      21334     0 2453953.413750  1.236729e+01  1.679277e-02  1.236729e+01  1.679277e-02 
   81900488   1.097766e+01   1.614121e-01   1.097766e+01   1.614121e-01 142200608052208250      27611      17774     0 2453953.422315  1.239873e+01  1.596439e-02  1.239873e+01  1.596439e-02 
   81900488   1.107600e+01   1.733256e-01   1.107600e+01   1.733256e-01 144200608052208250       3085      21327     0 2453953.422315  1.238904e+01  1.699047e-02  1.238904e+01  1.699047e-02 
  111618945   1.313808e+01   1.821858e-01   1.313808e+01   1.821858e-01 143200707152114510      13319      28523     0 2454297.385937  1.220367e+01  1.505595e-02  1.220367e+01  1.505595e-02 
  111618983   1.322492e+01   1.739203e-01   1.322492e+01   1.739203e-01 143200707152115300      13315      28526     0 2454297.386377  1.219652e+01  1.427852e-02  1.219652e+01  1.427852e-02 
  111619314   1.331099e+01   1.397081e-01   1.331099e+01   1.397081e-01 143200707152121010      13299      28543     0 2454297.390208  1.218947e+01  1.139560e-02  1.218947e+01  1.139560e-02 
  111619353   1.323502e+01   1.382408e-01   1.323502e+01   1.382408e-01 143200707152121390      13293      28552     0 2454297.390660  1.219569e+01  1.134064e-02  1.219569e+01  1.134064e-02 
  111619679   1.319215e+01   1.229871e-01   1.319215e+01   1.229871e-01 143200707152127060      13255      28584     0 2454297.394433  1.219921e+01  1.012208e-02  1.219921e+01  1.012208e-02 
  111619719   1.340981e+01   1.214685e-01   1.340981e+01   1.214685e-01 143200707152127450      13249      28589     0 2454297.394896  1.218144e+01  9.834830e-03  1.218144e+01  9.834830e-03 
  111620061   1.350218e+01   1.158899e-01   1.350218e+01   1.158899e-01 143200707152133270      13201      28624     0 2454297.398854  1.217399e+01  9.318964e-03  1.217399e+01  9.318964e-03 
  111620099   1.332228e+01   1.154329e-01   1.332228e+01   1.154329e-01 143200707152134060      13195      28622     0 2454297.399294  1.218855e+01  9.407558e-03  1.218855e+01  9.407558e-03 
  111620631   1.319086e+01   1.132087e-01   1.319086e+01   1.132087e-01 143200707152142570      13108      28666     0 2454297.405451  1.219932e+01  9.318211e-03  1.219932e+01  9.318211e-03 
  111620668   1.328687e+01   1.128055e-01   1.328687e+01   1.128055e-01 143200707152143340      13101      28677     0 2454297.405880  1.219144e+01  9.217930e-03  1.219144e+01  9.217930e-03 
  111620999   1.328514e+01   1.115978e-01   1.328514e+01   1.115978e-01 143200707152149050      13058      28702     0 2454297.409711  1.219158e+01  9.120436e-03  1.219158e+01  9.120436e-03 
  111621037   1.314608e+01   1.110681e-01   1.314608e+01   1.110681e-01 143200707152149430      13053      28705     0 2454297.410150  1.220301e+01  9.173158e-03  1.220301e+01  9.173158e-03 
  111621371   1.352179e+01   1.125138e-01   1.352179e+01   1.125138e-01 143200707152155180      13001      28743     0 2454297.414016  1.217241e+01  9.034360e-03  1.217241e+01  9.034360e-03 
  111621409   1.307345e+01   1.115106e-01   1.307345e+01   1.115106e-01 143200707152155560      12996      28739     0 2454297.414456  1.220902e+01  9.260868e-03  1.220902e+01  9.260868e-03 
  111621836   1.310841e+01   1.118729e-01   1.310841e+01   1.118729e-01 143200707152203030      12929      28779     0 2454297.419398  1.220613e+01  9.266179e-03  1.220613e+01  9.266179e-03 
  111621874   1.309864e+01   1.123485e-01   1.309864e+01   1.123485e-01 143200707152203410      12922      28781     0 2454297.419838  1.220693e+01  9.312518e-03  1.220693e+01  9.312518e-03 
  111622210   1.315929e+01   1.129004e-01   1.315929e+01   1.129004e-01 143200707152209160      12866      28810     0 2454297.423727  1.220192e+01  9.315135e-03  1.220192e+01  9.315135e-03 
  111622248   1.324377e+01   1.126589e-01   1.324377e+01   1.126589e-01 143200707152209550      12859      28816     0 2454297.424167  1.219497e+01  9.235909e-03  1.219497e+01  9.235909e-03 
  111622581   1.311198e+01   1.121858e-01   1.311198e+01   1.121858e-01 143200707152215280      12804      28834     0 2454297.428021  1.220583e+01  9.289570e-03  1.220583e+01  9.289570e-03 
  111622637   1.296179e+01   1.124203e-01   1.296179e+01   1.124203e-01 143200707152216230      12793      28840     0 2454297.428669  1.221834e+01  9.416850e-03  1.221834e+01  9.416850e-03 
  111622691   1.324329e+01   1.129449e-01   1.324329e+01   1.129449e-01 143200707152217170      12784      28840     0 2454297.429294  1.219501e+01  9.259695e-03  1.219501e+01  9.259695e-03 
  111622783   1.334277e+01   1.129177e-01   1.334277e+01   1.129177e-01 143200707152218490      12771      28850     0 2454297.430359  1.218688e+01  9.188440e-03  1.218688e+01  9.188440e-03 
  111623121   1.312985e+01   1.131377e-01   1.312985e+01   1.131377e-01 143200707152224280      12712      28873     0 2454297.434271  1.220435e+01  9.355633e-03  1.220435e+01  9.355633e-03 
  111623161   1.329666e+01   1.132688e-01   1.329666e+01   1.132688e-01 143200707152225070      12706      28869     0 2454297.434734  1.219064e+01  9.248978e-03  1.219064e+01  9.248978e-03 
  111623598   1.310478e+01   1.122455e-01   1.310478e+01   1.122455e-01 143200707152232250      12622      28907     0 2454297.439792  1.220643e+01  9.299620e-03  1.220643e+01  9.299620e-03 
  111623638   1.313735e+01   1.123481e-01   1.313735e+01   1.123481e-01 143200707152233040      12615      28902     0 2454297.440255  1.220373e+01  9.285040e-03  1.220373e+01  9.285040e-03 
  111624068   1.337676e+01   1.135580e-01   1.337676e+01   1.135580e-01 143200707152240140      12543      28920     0 2454297.445231  1.218412e+01  9.217060e-03  1.218412e+01  9.217060e-03 
  111624106   1.330789e+01   1.136919e-01   1.330789e+01   1.136919e-01 143200707152240530      12538      28918     0 2454297.445671  1.218973e+01  9.275688e-03  1.218973e+01  9.275688e-03 
  111624740   1.322531e+01   1.129001e-01   1.322531e+01   1.129001e-01 143200707152251270      12432      28941     0 2454297.453009  1.219649e+01  9.268599e-03  1.219649e+01  9.268599e-03 
  111624780   1.323857e+01   1.141751e-01   1.323857e+01   1.141751e-01 143200707152252060      12422      28948     0 2454297.453472  1.219540e+01  9.363881e-03  1.219540e+01  9.363881e-03 
  111625222   1.323080e+01   1.141345e-01   1.323080e+01   1.141345e-01 143200707152259280      12333      28967     0 2454297.458588  1.219603e+01  9.366055e-03  1.219603e+01  9.366055e-03 
  111625259   1.330097e+01   1.138146e-01   1.330097e+01   1.138146e-01 143200707152300060      12330      28962     0 2454297.459016  1.219029e+01  9.290529e-03  1.219029e+01  9.290529e-03 
  111625794   1.296623e+01   1.142588e-01   1.296623e+01   1.142588e-01 143200707152309010      12230      28984     0 2454297.465208  1.221797e+01  9.567576e-03  1.221797e+01  9.567576e-03 
  111625834   1.318167e+01   1.141968e-01   1.318167e+01   1.141968e-01 143200707152309400      12228      28978     0 2454297.465671  1.220007e+01  9.406094e-03  1.220007e+01  9.406094e-03 
  111626373   1.318852e+01   1.151913e-01   1.318852e+01   1.151913e-01 143200707152318400      12123      28996     0 2454297.471910  1.219951e+01  9.483087e-03  1.219951e+01  9.483087e-03 
  111626411   1.305344e+01   1.155424e-01   1.305344e+01   1.155424e-01 143200707152319180      12120      28996     0 2454297.472350  1.221069e+01  9.610414e-03  1.221069e+01  9.610414e-03 
  111627048   1.328403e+01   1.163088e-01   1.328403e+01   1.163088e-01 143200707152329540      11996      29017     0 2454297.479722  1.219168e+01  9.506237e-03  1.219168e+01  9.506237e-03 
  111627048   8.209487e+00   1.097492e-01   8.209487e+00   1.097492e-01 145200707152329540        144      31070     0 2454297.479722  1.271421e+01  1.451480e-02  1.271421e+01  1.451480e-02 
  111627085   1.303188e+01   1.155030e-01   1.303188e+01   1.155030e-01 143200707152330320      11990      29011     0 2454297.480150  1.221248e+01  9.623034e-03  1.221248e+01  9.623034e-03 
  111627085   8.222102e+00   1.111483e-01   8.222102e+00   1.111483e-01 145200707152330320        147      31079     0 2454297.480150  1.271254e+01  1.467729e-02  1.271254e+01  1.467729e-02 
  111627613   1.299849e+01   1.146765e-01   1.299849e+01   1.146765e-01 143200707152339200      11887      29022     0 2454297.486262  1.221527e+01  9.578723e-03  1.221527e+01  9.578723e-03 
  111627613   8.402087e+00   1.099091e-01   8.402087e+00   1.099091e-01 145200707152339200        254      31048     0 2454297.486262  1.268903e+01  1.420275e-02  1.268903e+01  1.420275e-02 
  111627652   1.318293e+01   1.164533e-01   1.318293e+01   1.164533e-01 143200707152339580      11880      29024     0 2454297.486713  1.219997e+01  9.591038e-03  1.219997e+01  9.591038e-03 
  111627652   8.161853e+00   1.087202e-01   8.161853e+00   1.087202e-01 145200707152339580        257      31051     0 2454297.486713  1.272053e+01  1.446263e-02  1.272053e+01  1.446263e-02 
  111628393   1.319618e+01   1.191742e-01   1.319618e+01   1.191742e-01 143200707152352200      11736      29031     0 2454297.495289  1.219888e+01  9.805273e-03  1.219888e+01  9.805273e-03 
  111628393   8.346031e+00   1.109634e-01   8.346031e+00   1.109634e-01 145200707152352200        401      31020     0 2454297.495289  1.269630e+01  1.443530e-02  1.269630e+01  1.443530e-02 
  111628433   1.310614e+01   1.182147e-01   1.310614e+01   1.182147e-01 143200707152352590      11728      29027     0 2454297.495752  1.220631e+01  9.793150e-03  1.220631e+01  9.793150e-03 
  111628433   8.121902e+00   1.115285e-01   8.121902e+00   1.115285e-01 145200707152352590        406      31029     0 2454297.495752  1.272586e+01  1.490918e-02  1.272586e+01  1.490918e-02 
  111628963   1.334827e+01   1.198972e-01   1.334827e+01   1.198972e-01 143200707160001500      11626      29028     0 2454297.501887  1.218644e+01  9.752364e-03  1.218644e+01  9.752364e-03 
  111628963   8.033124e+00   1.107183e-01   8.033124e+00   1.107183e-01 145200707160001500        510      31017     0 2454297.501887  1.273779e+01  1.496446e-02  1.273779e+01  1.496446e-02 
  111629002   1.339864e+01   1.192009e-01   1.339864e+01   1.192009e-01 143200707160002280      11618      29028     0 2454297.502338  1.218235e+01  9.659280e-03  1.218235e+01  9.659280e-03 
  111629002   8.405024e+00   1.108051e-01   8.405024e+00   1.108051e-01 145200707160002280        514      31020     0 2454297.502338  1.268865e+01  1.431353e-02  1.268865e+01  1.431353e-02 
  111629059   1.311601e+01   1.194042e-01   1.311601e+01   1.194042e-01 143200707160003260      11605      29037     0 2454297.502998  1.220550e+01  9.884252e-03  1.220550e+01  9.884252e-03 
  111629059   7.902209e+00   1.106030e-01   7.902209e+00   1.106030e-01 145200707160003260        524      31014     0 2454297.502998  1.275563e+01  1.519652e-02  1.275563e+01  1.519652e-02 
  111629116   1.312223e+01   1.189493e-01   1.312223e+01   1.189493e-01 143200707160004220      11596      29028     0 2454297.503657  1.220498e+01  9.841926e-03  1.220498e+01  9.841926e-03 
  111629116   8.077615e+00   1.109408e-01   8.077615e+00   1.109408e-01 145200707160004220        534      31021     0 2454297.503657  1.273179e+01  1.491194e-02  1.273179e+01  1.491194e-02 
  111629210   1.336480e+01   1.198958e-01   1.336480e+01   1.198958e-01 143200707160005570      11579      29033     0 2454297.504745  1.218509e+01  9.740189e-03  1.218509e+01  9.740189e-03 
  111629212   7.851241e+00   1.105428e-01   7.851241e+00   1.105428e-01 145200707160005580        551      31012     0 2454297.504769  1.276265e+01  1.528684e-02  1.276265e+01  1.528684e-02 
  111629839   1.314515e+01   1.188153e-01   1.314515e+01   1.188153e-01 143200707160016260      11434      29024     0 2454297.512025  1.220309e+01  9.813704e-03  1.220309e+01  9.813704e-03 
  111629839   8.167294e+00   1.103068e-01   8.167294e+00   1.103068e-01 145200707160016260        693      31000     0 2454297.512025  1.271980e+01  1.466392e-02  1.271980e+01  1.466392e-02 
  111629877   1.326939e+01   1.188560e-01   1.326939e+01   1.188560e-01 143200707160017040      11426      29027     0 2454297.512465  1.219287e+01  9.725147e-03  1.219287e+01  9.725147e-03 
  111629877   7.903668e+00   1.097781e-01   7.903668e+00   1.097781e-01 145200707160017040        698      30998     0 2454297.512465  1.275543e+01  1.508040e-02  1.275543e+01  1.508040e-02 
  111630611   1.337344e+01   1.216691e-01   1.337344e+01   1.216691e-01 143200707160029180      11299      29008     0 2454297.520961  1.218439e+01  9.877863e-03  1.218439e+01  9.877863e-03 
  111630611   7.983327e+00   1.117230e-01   7.983327e+00   1.117230e-01 145200707160029180        832      30985     0 2454297.520961  1.274454e+01  1.519444e-02  1.274454e+01  1.519444e-02 
  111630649   1.339461e+01   1.224693e-01   1.339461e+01   1.224693e-01 143200707160029560      11291      29005     0 2454297.521400  1.218268e+01  9.927114e-03  1.218268e+01  9.927114e-03 
  111630649   7.974958e+00   1.123002e-01   7.974958e+00   1.123002e-01 145200707160029560        839      30986     0 2454297.521400  1.274568e+01  1.528896e-02  1.274568e+01  1.528896e-02 
  111631471   1.307371e+01   1.243199e-01   1.307371e+01   1.243199e-01 143200707160043380      11133      28987     0 2454297.530914  1.220900e+01  1.032447e-02  1.220900e+01  1.032447e-02 
  111631471   8.082355e+00   1.133080e-01   8.082355e+00   1.133080e-01 145200707160043380       1000      30969     0 2454297.530914  1.273116e+01  1.522119e-02  1.273116e+01  1.522119e-02 
  111631509   1.323700e+01   1.246930e-01   1.323700e+01   1.246930e-01 143200707160044160      11125      28981     0 2454297.531354  1.219553e+01  1.022771e-02  1.219553e+01  1.022771e-02 
  111631509   7.927283e+00   1.112794e-01   7.927283e+00   1.112794e-01 145200707160044160       1007      30974     0 2454297.531354  1.275219e+01  1.524110e-02  1.275219e+01  1.524110e-02 
  111632324   1.291088e+01   1.267778e-01   1.291088e+01   1.267778e-01 143200707160057510      10971      28949     0 2454297.540787  1.222261e+01  1.066137e-02  1.222261e+01  1.066137e-02 
  111632324   8.011438e+00   1.145507e-01   8.011438e+00   1.145507e-01 145200707160057510       1163      30968     0 2454297.540787  1.274072e+01  1.552434e-02  1.274072e+01  1.552434e-02 
  111632364   1.324643e+01   1.274281e-01   1.324643e+01   1.274281e-01 143200707160058300      10964      28946     0 2454297.541250  1.219475e+01  1.044460e-02  1.219475e+01  1.044460e-02 
  111632364   7.886832e+00   1.139210e-01   7.886832e+00   1.139210e-01 145200707160058300       1170      30970     0 2454297.541250  1.275774e+01  1.568293e-02  1.275774e+01  1.568293e-02 
