\OBJNAME = '1SWASP J153812.24+491149.2'
\OBSSTART = '2004-05-15T22:36:55'
\OBSSTOP = '2007-07-16T00:58:30'
\TSTART = 11745615
\TSTOP = 111632337
\JD_REF = 2453005.5
\RA_OBJ = '234.551033'
\DEC_OBJ = '49.197025'
\WASP_MAG = 9.790994
\HJD_START = 2453141.444618
\HJD_STOP = 2454297.540938
\fixlen = T
\NUMRECORDS = 195
\
\ This file was produced by the NASA Exoplanet Archive  http://exoplanetarchive.ipac.caltech.edu 
\ Sun Sep 15, 14:56:36 2013
\ Documentation for the SuperWASP dataset can be found at http://exoplanetarchive.ipac.caltech.edu/docs/SuperWASPMission.html
\
|TMID      |FLUX2         |FLUX2_ERR     |TAMFLUX2      |TAMFLUX2_ERR  |IMAGEID           |CCDX      |CCDY      |FLAG |           HJD|         MAG2|     MAG2_ERR|      TAMMAG2|  TAMMAG2_ERR|
|int       |float         |float         |float         |float         |char              |int       |int       |int  |        double|        float|        float|        float|        float|
|sec       |micro Vega    |micro Vega    |micro Vega    |micro Vega    |                  |1/16 pixel|1/16 pixel|     |           day|          mag|          mag|          mag|          mag|
|null      |null          |null          |null          |null          |null              |null      |null      |null |          null|         null|         null|         null|         null|
   11745615   1.128198e+02   2.022805e-01   1.139671e+02   2.022805e-01 103200405152236550      24805       7465    32 2453141.444618  9.869037e+00  1.946679e-03  9.858051e+00  1.927083e-03 
   11746766   1.121198e+02   1.991547e-01   1.132599e+02   1.991547e-01 103200405152256060      24780       7518    32 2453141.457940  9.875794e+00  1.928565e-03  9.864810e+00  1.909151e-03 
   11750670   1.115098e+02   1.982009e-01   1.126437e+02   1.982009e-01 103200405160001090      24706       7613    32 2453141.503125  9.881718e+00  1.929828e-03  9.870733e+00  1.910402e-03 
   11751030   1.122613e+02   1.989489e-01   1.134028e+02   1.989489e-01 103200405160007100      24701       7599    32 2453141.507292  9.874425e+00  1.924144e-03  9.863441e+00  1.904775e-03 
   11757656   1.112452e+02   1.938853e-01   1.123765e+02   1.938853e-01 103200405160157350      24556       7850    32 2453141.583981  9.884296e+00  1.892297e-03  9.873311e+00  1.873249e-03 
   11758016   1.110593e+02   1.939919e-01   1.121887e+02   1.939919e-01 103200405160203350      24551       7861    32 2453141.588148  9.886112e+00  1.896506e-03  9.875128e+00  1.877415e-03 
   11758377   1.106496e+02   1.924026e-01   1.117747e+02   1.924026e-01 103200405160209360      24548       7868    32 2453141.592326  9.890126e+00  1.887935e-03  9.879141e+00  1.868931e-03 
   11758861   1.110020e+02   1.926753e-01   1.121308e+02   1.926753e-01 103200405160217400      24542       7862    32 2453141.597928  9.886673e+00  1.884608e-03  9.875689e+00  1.865637e-03 
   11759941   1.103421e+02   1.924412e-01   1.114641e+02   1.924412e-01 103200405160235410      24528       7886    32 2453141.610428  9.893147e+00  1.893575e-03  9.882162e+00  1.874514e-03 
   11760252   1.111085e+02   1.951814e-01   1.122383e+02   1.951814e-01 103200405160240510      24549       7663    32 2453141.614028  9.885632e+00  1.907291e-03  9.874647e+00  1.888091e-03 
   11760611   1.119368e+02   1.949357e-01   1.130750e+02   1.949357e-01 103200405160246510      24543       7661    32 2453141.618183  9.877568e+00  1.890795e-03  9.866583e+00  1.871762e-03 
   11761331   1.110567e+02   1.972141e-01   1.121860e+02   1.972141e-01 103200405160258510      24523       7712    32 2453141.626516  9.886138e+00  1.928052e-03  9.875153e+00  1.908644e-03 
   11762175   1.099708e+02   1.988693e-01   1.110891e+02   1.988693e-01 103200405160312540      24503       7809    32 2453141.636285  9.896807e+00  1.963433e-03  9.885821e+00  1.943668e-03 
   11762535   1.110047e+02   2.010575e-01   1.121335e+02   2.010575e-01 103200405160318540      24498       7851    32 2453141.640451  9.886646e+00  1.966549e-03  9.875662e+00  1.946752e-03 
   11762894   1.114601e+02   2.019392e-01   1.125935e+02   2.019392e-01 103200405160324540      24493       7894    32 2453141.644606  9.882201e+00  1.967103e-03  9.871217e+00  1.947301e-03 
   11763254   1.111332e+02   2.012973e-01   1.122633e+02   2.012973e-01 103200405160330540      24491       7890    32 2453141.648773  9.885390e+00  1.966618e-03  9.874406e+00  1.946821e-03 
   12005592   1.244709e+02   4.608701e-01   1.257366e+02   4.608701e-01 103200405182249560      24763       7514    32 2453144.453611  9.762330e+00  4.020097e-03  9.751346e+00  3.979628e-03 
   12007815   1.122897e+02   3.837475e-01   1.134316e+02   3.837475e-01 103200405182326590      24717       7568    32 2453144.479340  9.874150e+00  3.710492e-03  9.863165e+00  3.673140e-03 
   12011177   1.061401e+02   1.085098e+00   1.072194e+02   1.085098e+00 103200405190023020      24650       7759    32 2453144.518252  9.935302e+00  1.109980e-02  9.924316e+00  1.098807e-02 
   12012205   1.274658e+02   2.252803e-01   1.287620e+02   2.252803e-01 103200405190040110      24635       7682    32 2453144.530150  9.736516e+00  1.918914e-03  9.725531e+00  1.899597e-03 
   12013769   1.249671e+02   2.103039e-01   1.262378e+02   2.103039e-01 103200405190106140      24595       7716    32 2453144.548252  9.758011e+00  1.827164e-03  9.747026e+00  1.808771e-03 
   12014488   1.255975e+02   1.999423e-01   1.268747e+02   1.999423e-01 103200405190118140      24575       7774    32 2453144.556574  9.752547e+00  1.728421e-03  9.741563e+00  1.711022e-03 
   12015157   1.249352e+02   1.993767e-01   1.262056e+02   1.993767e-01 103200405190129230      24561       7790    32 2453144.564317  9.758288e+00  1.732668e-03  9.747303e+00  1.715226e-03 
   12015518   1.248867e+02   2.001761e-01   1.261566e+02   2.001762e-01 103200405190135240      24553       7814    32 2453144.568495  9.758710e+00  1.740291e-03  9.747725e+00  1.722773e-03 
   12016238   1.245794e+02   1.993238e-01   1.258462e+02   1.993238e-01 103200405190147230      24541       7857    32 2453144.576829  9.761385e+00  1.737157e-03  9.750400e+00  1.719670e-03 
   12016598   1.246485e+02   1.996947e-01   1.259161e+02   1.996947e-01 103200405190153230      24539       7866    32 2453144.580995  9.760782e+00  1.739423e-03  9.749797e+00  1.721913e-03 
   12017440   1.246430e+02   1.982897e-01   1.259104e+02   1.982897e-01 103200405190207260      24529       7886    32 2453144.590741  9.760831e+00  1.727262e-03  9.749846e+00  1.709875e-03 
   12017800   1.237280e+02   1.994772e-01   1.249861e+02   1.994772e-01 103200405190213260      24519       7911    32 2453144.594907  9.768830e+00  1.750456e-03  9.757845e+00  1.732835e-03 
   12018160   1.245834e+02   1.980569e-01   1.258503e+02   1.980569e-01 103200405190219250      24515       7919    32 2453144.599074  9.761350e+00  1.726059e-03  9.750364e+00  1.708684e-03 
   12018830   1.237294e+02   1.983567e-01   1.249876e+02   1.983567e-01 103200405190230360      24528       7814    32 2453144.606829  9.768818e+00  1.740604e-03  9.757833e+00  1.723082e-03 
   12019550   1.233856e+02   1.981181e-01   1.246403e+02   1.981181e-01 103200405190242350      24515       7854    32 2453144.615162  9.771839e+00  1.743354e-03  9.760854e+00  1.725804e-03 
   12020272   1.230315e+02   2.016937e-01   1.242825e+02   2.016937e-01 103200405190254370      24496       7894    32 2453144.623519  9.774960e+00  1.779927e-03  9.763974e+00  1.762009e-03 
   12172246   1.184331e+02   2.227060e-01   1.196374e+02   2.227060e-01 103200405202107340      24851       7496    32 2453146.382477  9.816318e+00  2.041667e-03  9.805332e+00  2.021114e-03 
   12173798   1.171093e+02   2.066838e-01   1.183002e+02   2.066838e-01 103200405202133260      24835       7489    32 2453146.400440  9.828522e+00  1.916200e-03  9.817536e+00  1.896911e-03 
   12175168   1.170322e+02   2.056528e-01   1.182222e+02   2.056528e-01 103200405202156160      24817       7493    32 2453146.416296  9.829237e+00  1.907898e-03  9.818252e+00  1.888693e-03 
   12183703   1.169003e+02   1.994520e-01   1.180890e+02   1.994520e-01 103200405210018320      24657       7652    32 2453146.515081  9.830462e+00  1.852459e-03  9.819476e+00  1.833812e-03 
   12184063   1.157212e+02   2.055971e-01   1.168980e+02   2.055971e-01 103200405210024320      24649       7639    32 2453146.519248  9.841468e+00  1.928989e-03  9.830482e+00  1.909571e-03 
   12184424   1.159926e+02   2.008942e-01   1.171721e+02   2.008942e-01 103200405210030330      24642       7643    32 2453146.523426  9.838924e+00  1.880454e-03  9.827939e+00  1.861525e-03 
   12184784   1.147616e+02   2.098390e-01   1.159286e+02   2.098390e-01 103200405210036330      24634       7648    32 2453146.527593  9.850509e+00  1.985251e-03  9.839523e+00  1.965267e-03 
   12185265   1.171316e+02   2.062327e-01   1.183227e+02   2.062327e-01 103200405210044340      24618       7668    32 2453146.533160  9.828315e+00  1.911653e-03  9.817330e+00  1.892410e-03 
   12185985   1.150216e+02   1.966304e-01   1.161912e+02   1.966304e-01 103200405210056340      24601       7713    32 2453146.541493  9.848051e+00  1.856082e-03  9.837067e+00  1.837398e-03 
   12186346   1.207281e+02   2.262138e-01   1.219557e+02   2.262138e-01 103200405210102340      24591       7738    32 2453146.545671  9.795480e+00  2.034402e-03  9.784494e+00  2.013923e-03 
   12187066   1.176532e+02   2.038477e-01   1.188496e+02   2.038477e-01 103200405210114350      24575       7789    32 2453146.554005  9.823490e+00  1.881169e-03  9.812506e+00  1.862232e-03 
   12187377   1.104643e+02   2.274324e-01   1.115876e+02   2.274324e-01 103200405210119460      24567       7793    32 2453146.557604  9.891945e+00  2.235405e-03  9.880960e+00  2.212902e-03 
   12187737   1.030968e+02   2.629576e-01   1.041452e+02   2.629576e-01 103200405210125460      24560       7820    32 2453146.561771  9.966887e+00  2.769277e-03  9.955902e+00  2.741401e-03 
   12188097   1.136932e+02   2.381995e-01   1.148493e+02   2.381995e-01 103200405210131460      24554       7839    32 2453146.565937  9.860664e+00  2.274743e-03  9.849679e+00  2.251844e-03 
   12188577   1.143720e+02   2.000843e-01   1.155351e+02   2.000843e-01 103200405210139460      24546       7861    32 2453146.571493  9.854200e+00  1.899411e-03  9.843215e+00  1.880291e-03 
   12188937   1.115838e+02   2.823451e-01   1.127185e+02   2.823451e-01 103200405210145460      24542       7878    32 2453146.575660  9.880998e+00  2.747292e-03  9.870012e+00  2.719637e-03 
   12189297   1.152746e+02   2.052135e-01   1.164468e+02   2.052135e-01 103200405210151460      24536       7890    32 2453146.579826  9.845666e+00  1.932850e-03  9.834681e+00  1.913393e-03 
   12190378   1.143236e+02   2.073677e-01   1.154862e+02   2.073677e-01 103200405210209460      24521       7917    32 2453146.592338  9.854660e+00  1.969386e-03  9.843675e+00  1.949562e-03 
   12190738   1.122458e+02   2.123748e-01   1.133872e+02   2.123748e-01 103200405210215470      24517       7918    32 2453146.596505  9.874575e+00  2.054276e-03  9.863590e+00  2.033597e-03 
   12191048   1.389549e+02   3.851759e-01   1.403679e+02   3.851759e-01 103200405210220580      24537       7808    32 2453146.600093  9.642816e+00  3.009616e-03  9.631830e+00  2.979320e-03 
   12191409   1.171135e+02   5.141333e-01   1.183044e+02   5.141333e-01 103200405210226580      24529       7817    32 2453146.604271  9.828483e+00  4.766446e-03  9.817498e+00  4.718465e-03 
   12191769   1.107413e+02   2.460614e-01   1.118674e+02   2.460614e-01 103200405210232580      24523       7828    32 2453146.608437  9.889226e+00  2.412457e-03  9.878241e+00  2.388173e-03 
   12192249   1.099733e+02   2.593759e-01   1.110916e+02   2.593759e-01 103200405210240580      24509       7851    32 2453146.613993  9.896782e+00  2.560757e-03  9.885798e+00  2.534979e-03 
   12192609   1.242625e+02   7.059559e-01   1.255261e+02   7.059560e-01 103200405210246580      24502       7857    32 2453146.618160  9.764150e+00  6.168270e-03  9.753165e+00  6.106178e-03 
   12193690   1.093070e+02   2.841091e-01   1.104185e+02   2.841091e-01 103200405210304590      24487       7871    32 2453146.630671  9.903380e+00  2.822039e-03  9.892396e+00  2.793632e-03 
   12442529   1.178611e+02   2.010930e-01   1.190596e+02   2.010930e-01 103200405240012230      24648       7613    32 2453149.510752  9.821573e+00  1.852475e-03  9.810589e+00  1.833827e-03 
   12442889   1.172702e+02   1.984291e-01   1.184627e+02   1.984291e-01 103200405240018230      24638       7616    32 2453149.514919  9.827031e+00  1.837146e-03  9.816047e+00  1.818652e-03 
   12443966   1.170673e+02   1.986866e-01   1.182577e+02   1.986866e-01 103200405240036220      24611       7662    32 2453149.527384  9.828911e+00  1.842718e-03  9.817926e+00  1.824168e-03 
   12444688   1.172152e+02   1.997927e-01   1.184071e+02   1.997927e-01 103200405240048240      24594       7703    32 2453149.535741  9.827540e+00  1.850638e-03  9.816555e+00  1.832009e-03 
   12445409   1.174054e+02   2.081059e-01   1.185992e+02   2.081059e-01 103200405240100240      24577       7754    32 2453149.544086  9.825780e+00  1.924519e-03  9.814795e+00  1.905146e-03 
   12445718   1.178275e+02   2.107109e-01   1.190257e+02   2.107109e-01 103200405240105330      24570       7775    32 2453149.547662  9.821883e+00  1.941628e-03  9.810898e+00  1.922083e-03 
   12447280   1.279683e+02   2.624878e-01   1.292696e+02   2.624878e-01 103200405240131350      24541       7858    32 2453149.565741  9.732244e+00  2.227062e-03  9.721259e+00  2.204644e-03 
   12447641   1.152678e+02   2.258869e-01   1.164399e+02   2.258869e-01 103200405240137360      24536       7863    32 2453149.569919  9.845730e+00  2.127693e-03  9.834745e+00  2.106275e-03 
   12448001   1.146389e+02   2.086904e-01   1.158047e+02   2.086904e-01 103200405240143360      24531       7872    32 2453149.574086  9.851670e+00  1.976497e-03  9.840685e+00  1.956601e-03 
   12448361   1.167815e+02   2.091270e-01   1.179690e+02   2.091270e-01 103200405240149360      24525       7892    32 2453149.578252  9.831565e+00  1.944294e-03  9.820580e+00  1.924722e-03 
   12449512   1.333533e+02   4.546325e-01   1.347093e+02   4.546325e-01 103200405240208480      24535       7796    32 2453149.591574  9.687490e+00  3.701542e-03  9.676506e+00  3.664281e-03 
   12449872   9.919668e+01   7.060980e-01   1.002054e+02   7.060980e-01 103200405240214480      24529       7812    32 2453149.595741  1.000876e+01  7.728473e-03  9.997772e+00  7.650675e-03 
   12450232   1.035648e+02   1.437365e+00   1.046179e+02   1.437365e+00 103200405240220480      24522       7826    32 2453149.599907  9.961969e+00  1.506887e-02  9.950985e+00  1.491718e-02 
   12450953   8.904609e+01   6.830404e-01   8.995158e+01   6.830404e-01 103200405240232480      24502       7861    32 2453149.608252  1.012596e+01  8.328320e-03  1.011498e+01  8.244483e-03 
   12451313   1.014571e+02   7.206160e-01   1.024888e+02   7.206160e-01 103200405240238480      24498       7861    32 2453149.612419  9.984294e+00  7.711648e-03  9.973309e+00  7.634019e-03 
   12451673   1.223841e+02   2.288396e-01   1.236286e+02   2.288396e-01 103200405240244480      24493       7861    32 2453149.616586  9.780687e+00  2.030168e-03  9.769703e+00  2.009732e-03 
   12452392   1.185714e+02   2.059155e-01   1.197771e+02   2.059155e-01 103200405240256480      24486       7892    32 2453149.624907  9.815050e+00  1.885537e-03  9.804066e+00  1.866556e-03 
   12534940   1.130922e+02   1.956313e-01   1.142422e+02   1.956313e-01 103200405250152370      24525       7924    32 2453150.580324  9.866419e+00  1.878156e-03  9.855433e+00  1.859250e-03 
   12535300   1.126567e+02   1.965498e-01   1.138023e+02   1.965498e-01 103200405250158370      24521       7899    32 2453150.584491  9.870607e+00  1.894268e-03  9.859623e+00  1.875199e-03 
   12535969   1.121213e+02   1.975281e-01   1.132614e+02   1.975281e-01 103200405250209460      24537       7815    32 2453150.592234  9.875780e+00  1.912788e-03  9.864795e+00  1.893532e-03 
   12536330   1.121639e+02   1.963324e-01   1.133045e+02   1.963324e-01 103200405250215470      24531       7820    32 2453150.596412  9.875367e+00  1.900486e-03  9.864383e+00  1.881355e-03 
   12536691   1.119148e+02   1.968945e-01   1.130529e+02   1.968945e-01 103200405250221480      24522       7837    32 2453150.600590  9.877781e+00  1.910169e-03  9.866796e+00  1.890941e-03 
   12537051   1.117965e+02   1.978050e-01   1.129334e+02   1.978050e-01 103200405250227480      24511       7849    32 2453150.604757  9.878929e+00  1.921032e-03  9.867945e+00  1.901695e-03 
   12537409   1.118325e+02   1.989572e-01   1.129697e+02   1.989572e-01 103200405250233470      24501       7863    32 2453150.608900  9.878580e+00  1.931601e-03  9.867595e+00  1.912157e-03 
   12537769   1.104781e+02   1.975834e-01   1.116015e+02   1.975834e-01 103200405250239470      24496       7870    32 2453150.613067  9.891809e+00  1.941780e-03  9.880824e+00  1.922233e-03 
   12538129   1.113070e+02   1.995102e-01   1.124389e+02   1.995102e-01 103200405250245470      24493       7868    32 2453150.617234  9.883694e+00  1.946114e-03  9.872708e+00  1.926524e-03 
   12620286   1.119581e+02   1.929966e-01   1.130965e+02   1.929966e-01 103200405260135050      24534       7902    32 2453151.568125  9.877361e+00  1.871630e-03  9.866377e+00  1.852789e-03 
   12620647   1.117623e+02   1.914043e-01   1.128988e+02   1.914043e-01 103200405260141060      24529       7904    32 2453151.572303  9.879262e+00  1.859440e-03  9.868277e+00  1.840722e-03 
   12621005   1.117735e+02   1.919887e-01   1.129101e+02   1.919887e-01 103200405260147050      24524       7922    32 2453151.576447  9.879152e+00  1.864930e-03  9.868168e+00  1.846157e-03 
   12621675   1.126775e+02   1.922615e-01   1.138233e+02   1.922615e-01 103200405260158150      24544       7794    32 2453151.584201  9.870406e+00  1.852596e-03  9.859422e+00  1.833947e-03 
   12622395   1.127278e+02   1.933359e-01   1.138741e+02   1.933359e-01 103200405260210150      24533       7833    32 2453151.592535  9.869923e+00  1.862118e-03  9.858937e+00  1.843373e-03 
   12622756   1.117087e+02   1.921970e-01   1.128446e+02   1.921970e-01 103200405260216160      24523       7846    32 2453151.596713  9.879783e+00  1.868038e-03  9.868798e+00  1.849233e-03 
   12623117   1.121743e+02   1.921846e-01   1.133150e+02   1.921846e-01 103200405260222170      24514       7853    32 2453151.600891  9.875266e+00  1.860163e-03  9.864282e+00  1.841438e-03 
   12623477   1.120604e+02   1.921972e-01   1.131999e+02   1.921972e-01 103200405260228170      24506       7870    32 2453151.605058  9.876369e+00  1.862176e-03  9.865385e+00  1.843431e-03 
   12623957   1.115018e+02   1.914174e-01   1.126356e+02   1.914174e-01 103200405260236170      24497       7886    32 2453151.610613  9.881796e+00  1.863912e-03  9.870811e+00  1.845149e-03 
   12624317   1.126632e+02   1.951617e-01   1.138089e+02   1.951617e-01 103200405260242170      24493       7896    32 2453151.614780  9.870544e+00  1.880782e-03  9.859560e+00  1.861849e-03 
   12624678   1.123275e+02   1.960498e-01   1.134697e+02   1.960498e-01 103200405260248180      24487       7888    32 2453151.618958  9.873785e+00  1.894987e-03  9.862801e+00  1.875911e-03 
   12625038   1.119776e+02   1.969277e-01   1.131163e+02   1.969277e-01 103200405260254180      24484       7895    32 2453151.623125  9.877172e+00  1.909420e-03  9.866187e+00  1.890199e-03 
   71883501   1.275736e+02   3.849306e-01   1.275736e+02   3.849306e-01 145200604112334360      10919       8415     0 2453837.484965  9.735599e+00  3.276027e-03  9.735599e+00  3.276027e-03 
   71883896   1.267664e+02   3.500111e-01   1.267664e+02   3.500111e-01 145200604112341120      10910       8355     0 2453837.489537  9.742489e+00  2.997805e-03  9.742489e+00  2.997805e-03 
   71884343   1.261959e+02   3.370731e-01   1.261959e+02   3.370731e-01 145200604112348390      10900       8290     0 2453837.494711  9.747387e+00  2.900044e-03  9.747387e+00  2.900044e-03 
   71884730   1.274834e+02   3.381752e-01   1.274834e+02   3.381752e-01 145200604112355060      10896       8233     0 2453837.499190  9.736366e+00  2.880144e-03  9.736366e+00  2.880144e-03 
   71885524   1.266438e+02   3.301764e-01   1.266438e+02   3.301764e-01 145200604120008200      10896       8114     0 2453837.508380  9.743540e+00  2.830660e-03  9.743540e+00  2.830660e-03 
   71887217   1.290861e+02   3.307574e-01   1.290861e+02   3.307574e-01 145200604120036320      10897       7860     0 2453837.527975  9.722801e+00  2.781991e-03  9.722801e+00  2.781991e-03 
   71887280   1.269042e+02   3.487644e-01   1.269042e+02   3.487644e-01 143200604120037360       3565      11888     0 2453837.528704  9.741310e+00  2.983884e-03  9.741310e+00  2.983884e-03 
   71887748   1.263378e+02   3.355008e-01   1.263378e+02   3.355008e-01 143200604120045240       3552      11968     0 2453837.534120  9.746166e+00  2.883275e-03  9.746166e+00  2.883275e-03 
   71888197   1.285526e+02   3.150422e-01   1.285526e+02   3.150422e-01 145200604120052530      10897       7720     0 2453837.539317  9.727298e+00  2.660809e-03  9.727298e+00  2.660809e-03 
   71888646   1.278298e+02   3.181446e-01   1.278298e+02   3.181446e-01 145200604120100220      10928       7652     0 2453837.544514  9.733419e+00  2.702205e-03  9.733419e+00  2.702205e-03 
   71889100   1.252121e+02   3.681082e-01   1.252121e+02   3.681082e-01 145200604120107550      10961       7589     0 2453837.549769  9.755884e+00  3.191941e-03  9.755884e+00  3.191941e-03 
   71890582   1.273309e+02   3.189174e-01   1.273309e+02   3.189174e-01 145200604120132370      11057       7383     0 2453837.566921  9.737666e+00  2.719383e-03  9.737666e+00  2.719383e-03 
   71892029   1.282541e+02   3.168069e-01   1.282541e+02   3.168069e-01 145200604120156450      11140       7187     0 2453837.583669  9.729822e+00  2.681941e-03  9.729822e+00  2.681941e-03 
   71894659   1.295363e+02   3.138770e-01   1.295363e+02   3.138770e-01 145200604120240350      11412       6862     0 2453837.614109  9.719022e+00  2.630837e-03  9.719022e+00  2.630837e-03 
   71897842   1.276210e+02   3.376061e-01   1.276210e+02   3.376061e-01 145200604120333370      11846       6557     0 2453837.650949  9.735195e+00  2.872195e-03  9.735195e+00  2.872195e-03 
   81725408   1.052581e+02   3.164752e-01   1.052581e+02   3.164752e-01 142200608032130480      29532      31333     0 2453951.395926  9.944361e+00  3.264450e-03  9.944361e+00  3.264450e-03 
   81726143   1.050282e+02   3.191132e-01   1.050282e+02   3.191132e-01 142200608032143030      29669      31304     0 2453951.404433  9.946735e+00  3.298866e-03  9.946735e+00  3.298866e-03 
   81726968   1.053353e+02   3.198337e-01   1.053353e+02   3.198337e-01 142200608032156490      29786      31273     0 2453951.413981  9.943565e+00  3.296677e-03  9.943565e+00  3.296677e-03 
   81727831   1.054486e+02   3.222679e-01   1.054486e+02   3.222679e-01 142200608032211120      29965      31250     0 2453951.423970  9.942398e+00  3.318198e-03  9.942398e+00  3.318198e-03 
   81809966   1.459733e+02   4.381190e-01   1.459733e+02   4.381190e-01 141200608042100090       6280      30526     0 2453952.374606  9.589316e+00  3.258700e-03  9.589316e+00  3.258700e-03 
   81809966   1.087813e+02   3.226013e-01   1.087813e+02   3.226013e-01 142200608042100090      29266      31372     0 2453952.374606  9.908614e+00  3.219866e-03  9.908614e+00  3.219866e-03 
   81810286   1.454066e+02   4.058471e-01   1.454066e+02   4.058471e-01 141200608042105300       6214      30545     0 2453952.378310  9.593539e+00  3.030429e-03  9.593539e+00  3.030429e-03 
   81810286   1.082161e+02   3.021047e-01   1.082161e+02   3.021047e-01 142200608042105300      29321      31383     0 2453952.378310  9.914270e+00  3.031039e-03  9.914270e+00  3.031039e-03 
   81810880   1.442820e+02   3.852401e-01   1.442820e+02   3.852401e-01 141200608042115240       6139      30567     0 2453952.385185  9.601970e+00  2.898979e-03  9.601970e+00  2.898979e-03 
   81810880   1.081297e+02   2.875783e-01   1.081297e+02   2.875783e-01 142200608042115240      29401      31356     0 2453952.385185  9.915137e+00  2.887600e-03  9.915137e+00  2.887600e-03 
   81811657   1.441578e+02   3.861990e-01   1.441578e+02   3.861990e-01 141200608042128210       6005      30597     0 2453952.394178  9.602904e+00  2.908699e-03  9.602904e+00  2.908699e-03 
   81811657   1.070928e+02   2.867849e-01   1.070928e+02   2.867849e-01 142200608042128210      29538      31319     0 2453952.394178  9.925600e+00  2.907515e-03  9.925600e+00  2.907515e-03 
   81812343   1.424973e+02   3.865092e-01   1.424973e+02   3.865092e-01 141200608042139470       5887      30616     0 2453952.402118  9.615484e+00  2.944958e-03  9.615484e+00  2.944958e-03 
   81812343   1.080792e+02   2.883614e-01   1.080792e+02   2.883614e-01 142200608042139470      29659      31292     0 2453952.402118  9.915645e+00  2.896816e-03  9.915645e+00  2.896816e-03 
   81813129   1.068898e+02   2.880096e-01   1.068898e+02   2.880096e-01 142200608042152530      29792      31264     0 2453952.411215  9.927660e+00  2.925476e-03  9.927660e+00  2.925476e-03 
   81813131   1.421122e+02   3.876989e-01   1.421122e+02   3.876989e-01 141200608042152540       5758      30641     0 2453952.411238  9.618422e+00  2.962027e-03  9.618422e+00  2.962027e-03 
   81813903   1.422282e+02   3.922834e-01   1.422282e+02   3.922834e-01 141200608042205460       5599      30646     0 2453952.420174  9.617536e+00  2.994607e-03  9.617536e+00  2.994607e-03 
   81813903   1.061421e+02   2.893099e-01   1.061421e+02   2.893099e-01 142200608042205460      29952      31247     0 2453952.420174  9.935281e+00  2.959386e-03  9.935281e+00  2.959386e-03 
   81896825   1.140309e+02   3.219000e-01   1.140309e+02   3.219000e-01 141200608052107530       6167      30562     0 2453953.379919  9.857444e+00  3.064956e-03  9.857444e+00  3.064956e-03 
   81896825   1.085519e+02   3.023295e-01   1.085519e+02   3.023295e-01 142200608052107530      29382      31334     0 2453953.379919  9.910906e+00  3.023909e-03  9.910906e+00  3.023909e-03 
   81897561   1.136703e+02   3.146015e-01   1.136703e+02   3.146015e-01 141200608052120090       6053      30587     0 2453953.388438  9.860883e+00  3.004967e-03  9.860883e+00  3.004967e-03 
   81897561   1.088612e+02   2.952747e-01   1.088612e+02   2.952747e-01 142200608052120090      29489      31317     0 2453953.388438  9.907817e+00  2.944957e-03  9.907817e+00  2.944957e-03 
   81898272   1.123136e+02   3.110356e-01   1.123136e+02   3.110356e-01 141200608052132000       5935      30609     0 2453953.396667  9.873919e+00  3.006794e-03  9.873919e+00  3.006794e-03 
   81898272   1.085981e+02   2.974173e-01   1.085981e+02   2.974173e-01 142200608052132000      29611      31289     0 2453953.396667  9.910444e+00  2.973512e-03  9.910444e+00  2.973512e-03 
   81898986   1.135776e+02   3.169869e-01   1.135776e+02   3.169869e-01 141200608052143530       5804      30627     0 2453953.404931  9.861768e+00  3.030221e-03  9.861768e+00  3.030221e-03 
   81898986   1.094794e+02   2.997823e-01   1.094794e+02   2.997823e-01 142200608052143530      29738      31264     0 2453953.404931  9.901669e+00  2.973030e-03  9.901669e+00  2.973030e-03 
   81899718   1.141316e+02   3.222460e-01   1.141316e+02   3.222460e-01 141200608052156050       5668      30642     0 2453953.413403  9.856485e+00  3.065545e-03  9.856485e+00  3.065545e-03 
   81899718   1.093471e+02   3.045806e-01   1.093471e+02   3.045806e-01 142200608052156050      29877      31242     0 2453953.413403  9.902982e+00  3.024272e-03  9.902982e+00  3.024272e-03 
   81900458   1.132262e+02   3.250332e-01   1.132262e+02   3.250332e-01 141200608052208250       5574      30649     0 2453953.421968  9.865133e+00  3.116785e-03  9.865133e+00  3.116785e-03 
   81900458   1.101460e+02   3.082696e-01   1.101460e+02   3.082696e-01 142200608052208250      29977      31229     0 2453953.421968  9.895079e+00  3.038702e-03  9.895079e+00  3.038702e-03 
  111618918   1.328406e+02   2.763350e-01   1.328406e+02   2.763350e-01 143200707152114510      10235      15236     0 2454297.385625  9.691672e+00  2.258555e-03  9.691672e+00  2.258555e-03 
  111618956   1.314199e+02   2.719193e-01   1.314199e+02   2.719193e-01 143200707152115300      10231      15239     0 2454297.386065  9.703347e+00  2.246491e-03  9.703347e+00  2.246491e-03 
  111619287   1.325307e+02   2.518981e-01   1.325307e+02   2.518981e-01 143200707152121010      10213      15257     0 2454297.389896  9.694208e+00  2.063641e-03  9.694208e+00  2.063641e-03 
  111619326   1.327441e+02   2.494451e-01   1.327441e+02   2.494451e-01 143200707152121390      10206      15266     0 2454297.390347  9.692462e+00  2.040261e-03  9.692462e+00  2.040261e-03 
  111619652   1.336945e+02   2.436068e-01   1.336945e+02   2.436068e-01 143200707152127060      10165      15298     0 2454297.394120  9.684716e+00  1.978343e-03  9.684716e+00  1.978343e-03 
  111619692   1.330569e+02   2.428895e-01   1.330569e+02   2.428895e-01 143200707152127450      10158      15304     0 2454297.394583  9.689907e+00  1.981971e-03  9.689907e+00  1.981971e-03 
  111620034   1.332090e+02   2.399701e-01   1.332090e+02   2.399701e-01 143200707152133270      10107      15339     0 2454297.398542  9.688666e+00  1.955912e-03  9.688666e+00  1.955912e-03 
  111620072   1.325335e+02   2.390717e-01   1.325335e+02   2.390717e-01 143200707152134060      10100      15337     0 2454297.398981  9.694185e+00  1.958521e-03  9.694185e+00  1.958521e-03 
  111620604   1.321436e+02   2.370243e-01   1.321436e+02   2.370243e-01 143200707152142570      10008      15382     0 2454297.405139  9.697385e+00  1.947478e-03  9.697385e+00  1.947478e-03 
  111620641   1.324084e+02   2.361503e-01   1.324084e+02   2.361503e-01 143200707152143340      10001      15394     0 2454297.405567  9.695211e+00  1.936417e-03  9.695211e+00  1.936417e-03 
  111620972   1.329666e+02   2.370175e-01   1.329666e+02   2.370175e-01 143200707152149050       9954      15418     0 2454297.409398  9.690643e+00  1.935369e-03  9.690643e+00  1.935369e-03 
  111621010   1.332038e+02   2.361758e-01   1.332038e+02   2.361758e-01 143200707152149430       9949      15422     0 2454297.409838  9.688708e+00  1.925061e-03  9.688708e+00  1.925061e-03 
  111621344   1.324561e+02   2.369509e-01   1.324561e+02   2.369509e-01 143200707152155180       9894      15460     0 2454297.413704  9.694819e+00  1.942281e-03  9.694819e+00  1.942281e-03 
  111621382   1.330135e+02   2.362348e-01   1.330135e+02   2.362348e-01 143200707152155560       9889      15456     0 2454297.414144  9.690261e+00  1.928298e-03  9.690261e+00  1.928298e-03 
  111621809   1.332425e+02   2.380854e-01   1.332425e+02   2.380854e-01 143200707152203030       9818      15497     0 2454297.419086  9.688394e+00  1.940064e-03  9.688394e+00  1.940064e-03 
  111621847   1.331181e+02   2.380420e-01   1.331181e+02   2.380420e-01 143200707152203410       9810      15499     0 2454297.419525  9.689407e+00  1.941522e-03  9.689407e+00  1.941522e-03 
  111622183   1.306091e+02   2.368698e-01   1.306091e+02   2.368698e-01 143200707152209160       9752      15529     0 2454297.423414  9.710066e+00  1.969073e-03  9.710066e+00  1.969073e-03 
  111622221   1.335898e+02   2.384303e-01   1.335898e+02   2.384303e-01 143200707152209550       9745      15534     0 2454297.423854  9.685567e+00  1.937823e-03  9.685567e+00  1.937823e-03 
  111622554   1.319624e+02   2.379795e-01   1.319624e+02   2.379795e-01 143200707152215280       9687      15553     0 2454297.427708  9.698874e+00  1.958012e-03  9.698874e+00  1.958012e-03 
  111622610   1.332010e+02   2.392084e-01   1.332010e+02   2.392084e-01 143200707152216230       9676      15560     0 2454297.428356  9.688731e+00  1.949821e-03  9.688731e+00  1.949821e-03 
  111622664   1.333049e+02   2.391520e-01   1.333049e+02   2.391520e-01 143200707152217170       9666      15560     0 2454297.428981  9.687884e+00  1.947842e-03  9.687884e+00  1.947842e-03 
  111622756   1.316736e+02   2.377700e-01   1.316736e+02   2.377700e-01 143200707152218490       9652      15569     0 2454297.430046  9.701253e+00  1.960578e-03  9.701253e+00  1.960578e-03 
  111623094   1.325755e+02   2.392057e-01   1.325755e+02   2.392057e-01 143200707152224280       9591      15593     0 2454297.433958  9.693841e+00  1.958998e-03  9.693841e+00  1.958998e-03 
  111623134   1.336487e+02   2.397321e-01   1.336487e+02   2.397321e-01 143200707152225070       9585      15590     0 2454297.434421  9.685088e+00  1.947544e-03  9.685088e+00  1.947544e-03 
  111623571   1.323949e+02   2.392363e-01   1.323949e+02   2.392363e-01 143200707152232250       9497      15628     0 2454297.439479  9.695322e+00  1.961922e-03  9.695322e+00  1.961922e-03 
  111623611   1.327293e+02   2.394890e-01   1.327293e+02   2.394890e-01 143200707152233040       9489      15623     0 2454297.439942  9.692583e+00  1.959045e-03  9.692583e+00  1.959045e-03 
  111624041   1.330663e+02   2.409716e-01   1.330663e+02   2.409716e-01 143200707152240140       9415      15641     0 2454297.444919  9.689830e+00  1.966181e-03  9.689830e+00  1.966181e-03 
  111624079   1.318560e+02   2.393380e-01   1.318560e+02   2.393380e-01 143200707152240530       9410      15639     0 2454297.445359  9.699751e+00  1.970778e-03  9.699751e+00  1.970778e-03 
  111624713   1.337184e+02   2.409186e-01   1.337184e+02   2.409186e-01 143200707152251270       9298      15664     0 2454297.452697  9.684522e+00  1.956162e-03  9.684522e+00  1.956162e-03 
  111624753   1.320280e+02   2.405777e-01   1.320280e+02   2.405777e-01 143200707152252060       9288      15671     0 2454297.453160  9.698335e+00  1.978405e-03  9.698335e+00  1.978405e-03 
  111625195   1.325019e+02   2.408023e-01   1.325019e+02   2.408023e-01 143200707152259280       9198      15691     0 2454297.458275  9.694445e+00  1.973170e-03  9.694445e+00  1.973170e-03 
  111625232   1.330986e+02   2.419100e-01   1.330986e+02   2.419100e-01 143200707152300060       9195      15685     0 2454297.458704  9.689566e+00  1.973359e-03  9.689566e+00  1.973359e-03 
  111625767   1.317011e+02   2.414447e-01   1.317011e+02   2.414447e-01 143200707152309010       9092      15708     0 2454297.464896  9.701027e+00  1.990463e-03  9.701027e+00  1.990463e-03 
  111625807   1.329180e+02   2.426646e-01   1.329180e+02   2.426646e-01 143200707152309400       9089      15702     0 2454297.465359  9.691041e+00  1.982205e-03  9.691041e+00  1.982205e-03 
  111626346   1.324406e+02   2.439733e-01   1.324406e+02   2.439733e-01 143200707152318400       8982      15721     0 2454297.471597  9.694947e+00  2.000079e-03  9.694947e+00  2.000079e-03 
  111626384   1.314165e+02   2.433375e-01   1.314165e+02   2.433375e-01 143200707152319180       8978      15720     0 2454297.472037  9.703376e+00  2.010412e-03  9.703376e+00  2.010412e-03 
  111627021   1.322771e+02   2.444539e-01   1.322771e+02   2.444539e-01 143200707152329540       8852      15743     0 2454297.479410  9.696288e+00  2.006495e-03  9.696288e+00  2.006495e-03 
  111627058   1.327301e+02   2.448912e-01   1.327301e+02   2.448912e-01 143200707152330320       8846      15737     0 2454297.479838  9.692576e+00  2.003225e-03  9.692576e+00  2.003225e-03 
  111627586   1.323367e+02   2.454542e-01   1.323367e+02   2.454542e-01 143200707152339200       8741      15748     0 2454297.485949  9.695800e+00  2.013799e-03  9.695800e+00  2.013799e-03 
  111627625   1.321095e+02   2.456705e-01   1.321095e+02   2.456705e-01 143200707152339580       8733      15750     0 2454297.486400  9.697665e+00  2.019039e-03  9.697665e+00  2.019039e-03 
  111628366   1.317145e+02   2.490757e-01   1.317145e+02   2.490757e-01 143200707152352200       8587      15758     0 2454297.494977  9.700915e+00  2.053163e-03  9.700915e+00  2.053163e-03 
  111628406   1.322377e+02   2.495513e-01   1.322377e+02   2.495513e-01 143200707152352590       8579      15754     0 2454297.495440  9.696612e+00  2.048946e-03  9.696612e+00  2.048946e-03 
  111628936   1.307160e+02   2.495798e-01   1.307160e+02   2.495798e-01 143200707160001500       8475      15756     0 2454297.501574  9.709178e+00  2.073035e-03  9.709178e+00  2.073035e-03 
  111628975   1.307081e+02   2.493537e-01   1.307081e+02   2.493537e-01 143200707160002280       8467      15756     0 2454297.502025  9.709244e+00  2.071281e-03  9.709244e+00  2.071281e-03 
  111629032   1.315743e+02   2.510536e-01   1.315743e+02   2.510536e-01 143200707160003260       8455      15764     0 2454297.502685  9.702072e+00  2.071674e-03  9.702072e+00  2.071674e-03 
  111629089   1.309387e+02   2.498293e-01   1.309387e+02   2.498293e-01 143200707160004220       8445      15756     0 2454297.503345  9.707330e+00  2.071577e-03  9.707330e+00  2.071577e-03 
  111629183   1.326200e+02   2.511737e-01   1.326200e+02   2.511737e-01 143200707160005570       8429      15761     0 2454297.504433  9.693478e+00  2.056322e-03  9.693478e+00  2.056322e-03 
  111629812   1.301521e+02   2.505375e-01   1.301521e+02   2.505375e-01 143200707160016260       8281      15752     0 2454297.511713  9.713872e+00  2.090005e-03  9.713872e+00  2.090005e-03 
  111629850   1.314553e+02   2.515939e-01   1.314553e+02   2.515939e-01 143200707160017040       8273      15755     0 2454297.512153  9.703055e+00  2.078011e-03  9.703055e+00  2.078011e-03 
  111630584   1.312360e+02   2.560038e-01   1.312360e+02   2.560038e-01 143200707160029180       8145      15736     0 2454297.520648  9.704867e+00  2.117967e-03  9.704867e+00  2.117967e-03 
  111630622   1.314518e+02   2.562678e-01   1.314518e+02   2.562678e-01 143200707160029560       8137      15733     0 2454297.521088  9.703084e+00  2.116671e-03  9.703084e+00  2.116671e-03 
  111631444   1.317497e+02   2.614515e-01   1.317497e+02   2.614515e-01 143200707160043380       7979      15716     0 2454297.530602  9.700626e+00  2.154603e-03  9.700626e+00  2.154603e-03 
  111631482   1.324401e+02   2.613287e-01   1.324401e+02   2.613287e-01 143200707160044160       7971      15710     0 2454297.531042  9.694951e+00  2.142364e-03  9.694951e+00  2.142364e-03 
  111632297   1.312608e+02   2.653614e-01   1.312608e+02   2.653614e-01 143200707160057510       7817      15679     0 2454297.540475  9.704662e+00  2.194970e-03  9.704662e+00  2.194970e-03 
  111632337   1.311810e+02   2.653437e-01   1.311810e+02   2.653437e-01 143200707160058300       7810      15675     0 2454297.540938  9.705322e+00  2.196159e-03  9.705322e+00  2.196159e-03 
