\OBJNAME = '1SWASP J014154.99+642033.1'
\OBSSTART = '2008-07-21T04:32:33'
\OBSSTOP = '2008-07-23T05:30:38'
\TSTART = 143699427
\TSTOP = 143875722
\JD_REF = 2453005.5
\RA_OBJ = '25.479139'
\DEC_OBJ = '64.342531'
\WASP_MAG = 11.82953
\HJD_START = 2454668.687813
\HJD_STOP = 2454670.728264
\fixlen = T
\NUMRECORDS = 26
\
\ This file was produced by the NASA Exoplanet Archive  http://exoplanetarchive.ipac.caltech.edu 
\ Wed Sep 11, 15:23:41 2013
\ Documentation for the SuperWASP dataset can be found at http://exoplanetarchive.ipac.caltech.edu/docs/SuperWASPMission.html
\
|TMID      |FLUX2         |FLUX2_ERR     |TAMFLUX2      |TAMFLUX2_ERR  |IMAGEID           |CCDX      |CCDY      |FLAG |           HJD|         MAG2|     MAG2_ERR|      TAMMAG2|  TAMMAG2_ERR|
|int       |float         |float         |float         |float         |char              |int       |int       |int  |        double|        float|        float|        float|        float|
|sec       |micro Vega    |micro Vega    |micro Vega    |micro Vega    |                  |1/16 pixel|1/16 pixel|     |           day|          mag|          mag|          mag|          mag|
|null      |null          |null          |null          |null          |null              |null      |null      |null |          null|         null|         null|         null|         null|
  143699427   1.744135e+01   4.858113e-01   1.744135e+01   4.858113e-01 148200807210432330       5442      18507     0 2454668.687813  1.189605e+01  3.024220e-02  1.189605e+01  3.024220e-02 
  143699467   1.746912e+01   4.808844e-01   1.746912e+01   4.808844e-01 148200807210433120       5442      18514     0 2454668.688275  1.189432e+01  2.988792e-02  1.189432e+01  2.988792e-02 
  143700722   1.880046e+01   4.862241e-01   1.880046e+01   4.862241e-01 148200807210454070       5431      18716     0 2454668.702801  1.181458e+01  2.807979e-02  1.181458e+01  2.807979e-02 
  143700760   1.815667e+01   4.848862e-01   1.815667e+01   4.848862e-01 148200807210454460       5431      18721     0 2454668.703241  1.185241e+01  2.899542e-02  1.185241e+01  2.899542e-02 
  143701368   1.782724e+01   4.755883e-01   1.782724e+01   4.755883e-01 148200807210504540       5423      18823     0 2454668.710278  1.187229e+01  2.896496e-02  1.187229e+01  2.896496e-02 
  143701408   1.899411e+01   4.725847e-01   1.899411e+01   4.725847e-01 148200807210505330       5422      18829     0 2454668.710741  1.180345e+01  2.701385e-02  1.180345e+01  2.701385e-02 
  143702119   1.849542e+01   5.147516e-01   1.849542e+01   5.147516e-01 148200807210517250       5424      18934     0 2454668.718970  1.183234e+01  3.021755e-02  1.183234e+01  3.021755e-02 
  143702156   1.833263e+01   5.266070e-01   1.833263e+01   5.266070e-01 148200807210518020       5424      18939     0 2454668.719398  1.184194e+01  3.118801e-02  1.184194e+01  3.118801e-02 
  143786194   1.860345e+01   3.887914e-01   1.860345e+01   3.887914e-01 148200807220438340       5420      18610     0 2454669.692060  1.182602e+01  2.269076e-02  1.182602e+01  2.269076e-02 
  143786232   1.817382e+01   3.946358e-01   1.817382e+01   3.946358e-01 148200807220439130       5420      18616     0 2454669.692500  1.185138e+01  2.357632e-02  1.185138e+01  2.357632e-02 
  143787561   1.755729e+01   3.931805e-01   1.755729e+01   3.931805e-01 148200807220501210       5413      18829     0 2454669.707882  1.188886e+01  2.431422e-02  1.188886e+01  2.431422e-02 
  143787599   1.842782e+01   3.910488e-01   1.842782e+01   3.910488e-01 148200807220502000       5413      18834     0 2454669.708322  1.183632e+01  2.304001e-02  1.183632e+01  2.304001e-02 
  143788209   1.797304e+01   3.895505e-01   1.797304e+01   3.895505e-01 148200807220512090       5411      18928     0 2454669.715382  1.186345e+01  2.353250e-02  1.186345e+01  2.353250e-02 
  143788246   1.793808e+01   3.948180e-01   1.793808e+01   3.948180e-01 148200807220512470       5411      18932     0 2454669.715810  1.186556e+01  2.389719e-02  1.186556e+01  2.389719e-02 
  143789059   1.878999e+01   4.723055e-01   1.878999e+01   4.723055e-01 148200807220526190       5403      19049     0 2454669.725220  1.181518e+01  2.729118e-02  1.181518e+01  2.729118e-02 
  143789098   1.788404e+01   4.771275e-01   1.788404e+01   4.771275e-01 148200807220526580       5405      19053     0 2454669.725671  1.186884e+01  2.896640e-02  1.186884e+01  2.896640e-02 
  143872416   1.979707e+01   2.909217e-01   1.979707e+01   2.909217e-01 148200807230435310       5413      18616     0 2454670.690000  1.175850e+01  1.595516e-02  1.175850e+01  1.595516e-02 
  143872454   1.886826e+01   2.877683e-01   1.886826e+01   2.877683e-01 148200807230436100       5412      18623     0 2454670.690440  1.181067e+01  1.655911e-02  1.181067e+01  1.655911e-02 
  143873699   1.883323e+01   2.808625e-01   1.883323e+01   2.808625e-01 148200807230456550       5414      18821     0 2454670.704850  1.181269e+01  1.619179e-02  1.181269e+01  1.619179e-02 
  143873739   1.928696e+01   2.825007e-01   1.928696e+01   2.825007e-01 148200807230457340       5414      18827     0 2454670.705312  1.178684e+01  1.590309e-02  1.178684e+01  1.590309e-02 
  143874359   1.900687e+01   2.824251e-01   1.900687e+01   2.824251e-01 148200807230507550       5421      18924     0 2454670.712488  1.180272e+01  1.613312e-02  1.180272e+01  1.613312e-02 
  143874399   1.909962e+01   2.812270e-01   1.909962e+01   2.812270e-01 148200807230508340       5422      18928     0 2454670.712951  1.179744e+01  1.598667e-02  1.179744e+01  1.598667e-02 
  143875119   1.911100e+01   3.126038e-01   1.911100e+01   3.126038e-01 148200807230520350       5410      19034     0 2454670.721285  1.179679e+01  1.775975e-02  1.179679e+01  1.775975e-02 
  143875159   1.914134e+01   3.110848e-01   1.914134e+01   3.110848e-01 148200807230521140       5411      19039     0 2454670.721748  1.179507e+01  1.764544e-02  1.179507e+01  1.764544e-02 
  143875684   1.877129e+01   4.084322e-01   1.877129e+01   4.084322e-01 148200807230530000       5407      19104     0 2454670.727824  1.181627e+01  2.362390e-02  1.181627e+01  2.362390e-02 
  143875722   1.934517e+01   4.278955e-01   1.934517e+01   4.278955e-01 148200807230530380       5408      19109     0 2454670.728264  1.178357e+01  2.401547e-02  1.178357e+01  2.401547e-02 
