\OBJNAME = '1SWASP J003558.39+650200.7'
\OBSSTART = '2006-11-30T19:22:50'
\OBSSTOP = '2008-07-23T05:29:06'
\TSTART = 91999653
\TSTOP = 143875684
\JD_REF = 2453005.5
\RA_OBJ = '8.9933  '
\DEC_OBJ = '65.033536'
\WASP_MAG = 10.65221
\HJD_START = 2454070.310799
\HJD_STOP = 2454670.727824
\fixlen = T
\NUMRECORDS = 32
\
\ This file was produced by the NASA Exoplanet Archive  http://exoplanetarchive.ipac.caltech.edu 
\ Sat Sep 14, 23:20:23 2013
\ Documentation for the SuperWASP dataset can be found at http://exoplanetarchive.ipac.caltech.edu/docs/SuperWASPMission.html
\
|TMID      |FLUX2         |FLUX2_ERR     |TAMFLUX2      |TAMFLUX2_ERR  |IMAGEID           |CCDX      |CCDY      |FLAG |           HJD|         MAG2|     MAG2_ERR|      TAMMAG2|  TAMMAG2_ERR|
|int       |float         |float         |float         |float         |char              |int       |int       |int  |        double|        float|        float|        float|        float|
|sec       |micro Vega    |micro Vega    |micro Vega    |micro Vega    |                  |1/16 pixel|1/16 pixel|     |           day|          mag|          mag|          mag|          mag|
|null      |null          |null          |null          |null          |null              |null      |null      |null |          null|         null|         null|         null|         null|
   91999653   5.665359e+01   1.991389e-01   5.665359e+01   1.991389e-01 148200611301922500       3094      17574     0 2454070.310799  1.061693e+01  3.816405e-03  1.061693e+01  3.816405e-03 
   92000191   5.624131e+01   1.939726e-01   5.624131e+01   1.939726e-01 148200611301931490       3052      17693     0 2454070.317025  1.062486e+01  3.744647e-03  1.062486e+01  3.744647e-03 
   92000745   5.772179e+01   1.929816e-01   5.772179e+01   1.929816e-01 148200611301941030       3042      17804     0 2454070.323437  1.059665e+01  3.629961e-03  1.059665e+01  3.629961e-03 
   92001232   5.720459e+01   1.914912e-01   5.720459e+01   1.914912e-01 148200611301949090       2993      17904     0 2454070.329074  1.060642e+01  3.634492e-03  1.060642e+01  3.634492e-03 
   92001724   5.726163e+01   1.926533e-01   5.726163e+01   1.926533e-01 148200611301957220       2940      18002     0 2454070.334769  1.060534e+01  3.652906e-03  1.060534e+01  3.652906e-03 
   92002135   5.657101e+01   1.932569e-01   5.657101e+01   1.932569e-01 148200611302004120       2935      18084     0 2454070.339525  1.061852e+01  3.709086e-03  1.061852e+01  3.709086e-03 
  143526937   5.243809e+01   2.575342e-01   5.243809e+01   2.575342e-01 148200807190436570       2554      17761     0 2454666.691400  1.070088e+01  5.332292e-03  1.070088e+01  5.332292e-03 
  143529431   5.216671e+01   2.663500e-01   5.216671e+01   2.663500e-01 148200807190518320       2518      18057     0 2454666.720266  1.070652e+01  5.543513e-03  1.070652e+01  5.543513e-03 
  143529471   5.236174e+01   2.691520e-01   5.236174e+01   2.691520e-01 148200807190519110       2518      18060     0 2454666.720729  1.070247e+01  5.580966e-03  1.070247e+01  5.580966e-03 
  143698750   5.473946e+01   3.826042e-01   5.473946e+01   3.826042e-01 148200807210420210       2544      17695     0 2454668.679977  1.065425e+01  7.588835e-03  1.065425e+01  7.588835e-03 
  143698788   5.404685e+01   3.844861e-01   5.404685e+01   3.844861e-01 148200807210420590       2544      17699     0 2454668.680417  1.066807e+01  7.723890e-03  1.066807e+01  7.723890e-03 
  143699250   5.329564e+01   3.782568e-01   5.329564e+01   3.782568e-01 148200807210428400       2546      17766     0 2454668.685764  1.068327e+01  7.705857e-03  1.068327e+01  7.705857e-03 
  143700036   5.363213e+01   3.857127e-01   5.363213e+01   3.857127e-01 148200807210441470       2536      17867     0 2454668.694861  1.067644e+01  7.808447e-03  1.067644e+01  7.808447e-03 
  143700076   5.421822e+01   3.854558e-01   5.421822e+01   3.854558e-01 148200807210442260       2537      17871     0 2454668.695324  1.066464e+01  7.718896e-03  1.066464e+01  7.718896e-03 
  143700686   5.386997e+01   3.841182e-01   5.386997e+01   3.841182e-01 148200807210452360       2530      17930     0 2454668.702384  1.067163e+01  7.741837e-03  1.067163e+01  7.741837e-03 
  143700724   5.461470e+01   3.840914e-01   5.461470e+01   3.840914e-01 148200807210453140       2532      17933     0 2454668.702824  1.065673e+01  7.635735e-03  1.065673e+01  7.635735e-03 
  143702122   5.428817e+01   4.191380e-01   5.428817e+01   4.191380e-01 148200807210516320       2535      18090     0 2454668.719005  1.066324e+01  8.382580e-03  1.066324e+01  8.382580e-03 
  143785960   5.479681e+01   3.208833e-01   5.479681e+01   3.208833e-01 148200807220433460       2521      17843     0 2454669.689352  1.065311e+01  6.357959e-03  1.065311e+01  6.357959e-03 
  143785998   5.366291e+01   3.196685e-01   5.366291e+01   3.196685e-01 148200807220434240       2521      17847     0 2454669.689792  1.067581e+01  6.467724e-03  1.067581e+01  6.467724e-03 
  143787435   5.441336e+01   3.213204e-01   5.441336e+01   3.213204e-01 148200807220458210       2513      18008     0 2454669.706424  1.066074e+01  6.411485e-03  1.066074e+01  6.411485e-03 
  143787475   5.459274e+01   3.207163e-01   5.459274e+01   3.207163e-01 148200807220459000       2515      18012     0 2454669.706887  1.065716e+01  6.378403e-03  1.065716e+01  6.378403e-03 
  143787987   5.490040e+01   3.223982e-01   5.490040e+01   3.223982e-01 148200807220507320       2523      18066     0 2454669.712813  1.065106e+01  6.375922e-03  1.065106e+01  6.375922e-03 
  143788025   5.542002e+01   3.243311e-01   5.542002e+01   3.243311e-01 148200807220508110       2524      18069     0 2454669.713252  1.064083e+01  6.354007e-03  1.064083e+01  6.354007e-03 
  143788840   5.436251e+01   3.482920e-01   5.436251e+01   3.482920e-01 148200807220521460       2512      18136     0 2454669.722685  1.066175e+01  6.956164e-03  1.066175e+01  6.956164e-03 
  143788879   5.446188e+01   3.506091e-01   5.446188e+01   3.506091e-01 148200807220522240       2514      18138     0 2454669.723137  1.065977e+01  6.989666e-03  1.065977e+01  6.989666e-03 
  143872377   5.477003e+01   2.388515e-01   5.477003e+01   2.388515e-01 148200807230433590       2515      17875     0 2454670.689549  1.065364e+01  4.734900e-03  1.065364e+01  4.734900e-03 
  143872417   5.505980e+01   2.407846e-01   5.505980e+01   2.407846e-01 148200807230434380       2515      17879     0 2454670.690012  1.064791e+01  4.748101e-03  1.064791e+01  4.748101e-03 
  143874361   5.556536e+01   2.375173e-01   5.556536e+01   2.375173e-01 148200807230507020       2529      18076     0 2454670.712512  1.063799e+01  4.641058e-03  1.063799e+01  4.641058e-03 
  143875082   5.597124e+01   2.546203e-01   5.597124e+01   2.546203e-01 148200807230519030       2519      18144     0 2454670.720856  1.063009e+01  4.939170e-03  1.063009e+01  4.939170e-03 
  143875120   5.587767e+01   2.566610e-01   5.587767e+01   2.566610e-01 148200807230519420       2521      18147     0 2454670.721296  1.063190e+01  4.987093e-03  1.063190e+01  4.987093e-03 
  143875647   5.445451e+01   3.034933e-01   5.445451e+01   3.034933e-01 148200807230528280       2514      18193     0 2454670.727396  1.065991e+01  6.051193e-03  1.065991e+01  6.051193e-03 
  143875684   5.532504e+01   3.144202e-01   5.532504e+01   3.144202e-01 148200807230529060       2517      18195     0 2454670.727824  1.064270e+01  6.170418e-03  1.064270e+01  6.170418e-03 
