\OBJNAME = '1SWASP J062203.05+343550.4'
\OBSSTART = '2004-09-16T04:15:25'
\OBSSTOP = '2007-12-11T23:15:24'
\TSTART = 22392844
\TSTOP = 124500203
\JD_REF = 2453005.5
\RA_OBJ = '95.512739'
\DEC_OBJ = '34.597347'
\WASP_MAG = 8.04297
\HJD_START = 2453264.676435
\HJD_STOP = 2454446.474572
\fixlen = T
\NUMRECORDS = 60
\
\ This file was produced by the NASA Exoplanet Archive  http://exoplanetarchive.ipac.caltech.edu 
\ Thu Sep 12, 12:51:35 2013
\ Documentation for the SuperWASP dataset can be found at http://exoplanetarchive.ipac.caltech.edu/docs/SuperWASPMission.html
\
|TMID      |FLUX2         |FLUX2_ERR     |TAMFLUX2      |TAMFLUX2_ERR  |IMAGEID           |CCDX      |CCDY      |FLAG |           HJD|         MAG2|     MAG2_ERR|      TAMMAG2|  TAMMAG2_ERR|
|int       |float         |float         |float         |float         |char              |int       |int       |int  |        double|        float|        float|        float|        float|
|sec       |micro Vega    |micro Vega    |micro Vega    |micro Vega    |                  |1/16 pixel|1/16 pixel|     |           day|          mag|          mag|          mag|          mag|
|null      |null          |null          |null          |null          |null              |null      |null      |null |          null|         null|         null|         null|         null|
   22392844   7.324187e+02   1.356296e+00   6.647455e+02   3.063888e+01 103200409160415250      30779      13273    32 2453264.676435  7.838101e+00  2.010579e-03  7.943361e+00  5.004299e-02 
   22399719   6.937215e+02   1.722939e+00   6.649313e+02   1.346430e+01 103200409160609580      30788      13385    32 2453264.756007  7.897037e+00  2.696564e-03  7.943058e+00  2.198531e-02 
   90917212   2.085938e+02   9.972003e+00   2.455804e+02   2.158918e+02 145200611180640220      10217      10454    32 2454057.782546  9.201747e+00  5.190472e-02  9.024515e+00  9.544831e-01 
   93398026   2.604145e+02   2.667277e+00   2.156357e+02   1.165120e+02 145200612162345370       7610      11827    32 2454086.495671  8.960837e+00  1.112062e-02  9.165698e+00  5.866455e-01 
   95392020   5.740781e+02   3.642723e+00   7.975568e+02   3.397289e+02 145200701090138580       9090      10953    32 2454109.574306  8.102572e+00  6.889394e-03  7.745596e+00  4.624839e-01 
   95459888   2.847831e+02   6.260572e+00   4.526997e+02   2.723409e+02 145200701092030080       9539      12897    32 2454110.359815  8.863714e+00  2.386853e-02  8.360475e+00  6.531733e-01 
   95460262   3.775866e+02   1.958834e+00   6.098993e+02   2.613477e+02 145200701092036220       9524      12851    32 2454110.364144  8.557459e+00  5.632575e-03  8.036855e+00  4.652500e-01 
   95460544   3.529651e+02   1.268455e+00   5.784912e+02   2.160959e+02 145200701092041050       9521      12836    32 2454110.367407  8.630671e+00  3.901837e-03  8.094258e+00  4.055791e-01 
   95460817   7.545944e+02   3.800641e+00   6.391569e+02   1.620040e+02 145200701092045370       9515      12802    32 2454110.370567  7.805716e+00  5.468511e-03  7.985981e+00  2.751973e-01 
   95461092   9.290984e+02   8.426698e+00   6.428195e+02   1.361804e+02 145200701092050130       9512      12773    32 2454110.373750  7.579845e+00  9.847399e-03  7.979777e+00  2.300124e-01 
   95461358   1.114251e+03   1.397696e+01   7.743234e+02   2.720645e+02 145200701092054390       9509      12752    32 2454110.376829  7.382542e+00  1.361933e-02  7.777694e+00  3.814830e-01 
   95461630   6.853973e+02   1.306414e+01   6.315582e+02   2.483254e+02 145200701092059110       9506      12724    32 2454110.379977  7.910144e+00  2.069494e-02  7.998967e+00  4.269074e-01 
   95461987   7.828779e+02   4.939442e+00   9.819774e+02   3.956623e+02 145200701092105070       9529      12676    32 2454110.384109  7.765765e+00  6.850302e-03  7.519746e+00  4.374708e-01 
   95462264   2.955892e+02   1.621799e+00   5.131768e+02   2.418347e+02 145200701092109450       9531      12653    32 2454110.387315  8.823278e+00  5.957090e-03  8.224333e+00  5.116553e-01 
   95462818   1.216916e+03   1.160522e+01   9.767902e+02   4.567940e+02 145200701092118580       9563      12227    32 2454110.393727  7.286849e+00  1.035425e-02  7.525497e+00  5.077441e-01 
   95463098   4.953403e+02   5.651381e+00   7.391113e+02   4.027849e+02 145200701092123390       9569      12193    32 2454110.396968  8.262741e+00  1.238730e-02  7.828226e+00  5.916832e-01 
   95463518   8.577695e+02   4.410592e+00   8.856962e+02   2.263935e+02 145200701092130380       9518      12152    32 2454110.401829  7.666574e+00  5.582800e-03  7.631788e+00  2.775269e-01 
   95463862   3.570679e+02   5.405258e+00   5.073511e+02   2.506341e+02 145200701092136220       9530      12115    32 2454110.405810  8.618123e+00  1.643582e-02  8.236729e+00  5.363613e-01 
   95464203   9.214773e+02   4.293425e+00   9.523336e+02   2.946205e+02 145200701092142040       9546      12075    32 2454110.409757  7.588789e+00  5.058772e-03  7.553027e+00  3.358921e-01 
   95464547   6.083961e+02   1.016604e+01   8.647302e+02   6.194589e+02 145200701092147470       9562      12047    32 2454110.413738  8.039534e+00  1.814226e-02  7.657798e+00  7.777817e-01 
   95464879   2.894865e+02   1.265742e+01   3.953184e+02   2.473477e+02 145200701092153200       9580      12012    32 2454110.417581  8.845929e+00  4.747255e-02  8.507632e+00  6.793393e-01 
   95465295   4.172630e+02   1.745542e+01   5.376508e+02   4.719443e+02 145200701092200160       9627      11973    32 2454110.422396  8.448976e+00  4.541991e-02  8.173749e+00  9.530514e-01 
   95465642   5.210403e+02   8.503766e+00   5.455956e+02   2.521986e+02 145200701092206030       9610      11937    32 2454110.426412  8.207822e+00  1.772009e-02  8.157823e+00  5.018775e-01 
   95465994   3.371881e+02   1.383508e+01   5.029686e+02   4.479480e+02 145200701092211550       9638      11899    32 2454110.430486  8.680320e+00  4.454873e-02  8.246148e+00  9.669691e-01 
   95466409   4.549863e+02   2.171537e+00   8.201142e+02   3.653155e+02 145200701092218500       9673      11847    32 2454110.435289  8.355004e+00  5.181968e-03  7.715314e+00  4.836370e-01 
   95466755   6.895401e+02   1.842249e+00   7.972299e+02   1.495792e+02 145200701092224360       9664      11812    32 2454110.439294  7.903601e+00  2.900779e-03  7.746041e+00  2.037106e-01 
   95467344   6.833245e+02   6.609712e+00   4.692405e+02   1.969281e+02 145200701092234240       9708      11762    32 2454110.446111  7.913433e+00  1.050223e-02  8.321511e+00  4.556570e-01 
   95467750   5.850658e+02   1.174698e+01   3.440866e+02   1.777169e+02 145200701092241110       9748      11714    32 2454110.450810  8.081988e+00  2.179954e-02  8.658331e+00  5.607727e-01 
   98314518   5.830183e+02   9.600508e-01   6.309420e+02   1.143981e+02 145200702112129420       8141       9854    32 2454143.399514  8.085794e+00  1.787878e-03  8.000027e+00  1.968590e-01 
   98314556   6.536102e+02   1.159235e+00   5.688198e+02   1.215103e+02 145200702112130200       8153       9853    32 2454143.399954  7.961703e+00  1.925655e-03  8.112563e+00  2.319339e-01 
   98318870   8.327390e+02   1.643173e+00   7.034711e+02   1.767403e+02 145200702112242140       8735       9535    32 2454143.449884  7.698728e+00  2.142398e-03  7.881884e+00  2.727816e-01 
   98318909   5.653748e+02   1.590911e+00   6.089472e+02   1.395610e+02 145200702112242520       8745       9528    32 2454143.450336  8.119159e+00  3.055169e-03  8.038551e+00  2.488342e-01 
   98318961   7.916552e+02   2.136945e+00   6.536970e+02   1.294721e+02 143200702112243440       4318        456    32 2454143.450938  7.753660e+00  2.930779e-03  7.961559e+00  2.150431e-01 
   98318998   5.594263e+02   1.682438e+00   6.649313e+02   2.204433e+02 143200702112244220       4309        459    32 2454143.451366  8.130643e+00  3.265292e-03  7.943058e+00  3.599531e-01 
   98482318   4.470250e+02   1.272999e+00   7.629896e+02   2.046138e+02 145200702132006330       7653      12184    32 2454145.341644  8.374170e+00  3.091876e-03  7.793704e+00  2.911670e-01 
   98483312   6.327672e+02   9.129906e-01   7.404697e+02   7.358546e+01 145200702132023070       7654      12080    32 2454145.353148  7.996890e+00  1.566564e-03  7.826232e+00  1.078973e-01 
   98485757   8.663951e+02   1.576757e+00   8.378886e+02   1.570387e+02 145200702132103520       7902      11998    32 2454145.381447  7.655710e+00  1.975944e-03  7.692034e+00  2.034914e-01 
   98485795   6.989310e+02   1.463786e+00   6.998856e+02   1.304865e+02 145200702132104300       7908      11997    32 2454145.381887  7.888914e+00  2.273888e-03  7.887432e+00  2.024250e-01 
   98486131   1.748150e+02   5.738107e+00   4.563455e+02   2.437885e+02 145200702132110060       7916      11965    32 2454145.385775  9.393554e+00  3.563821e-02  8.351766e+00  5.800232e-01 
   98486169   4.195131e+02   2.823580e+00   8.958729e+02   3.937715e+02 145200702132110450       7923      11964    32 2454145.386215  8.443136e+00  7.307695e-03  7.619384e+00  4.772256e-01 
   98752458   7.843546e+02   1.377191e+00   6.649313e+02   1.331363e+02 145200702162309140       9151      10258    32 2454148.468264  7.763719e+00  1.906371e-03  7.943058e+00  2.173929e-01 
   98752496   7.398420e+02   1.371780e+00   6.770074e+02   1.472881e+02 145200702162309530       9160      10252    32 2454148.468704  7.827152e+00  2.013128e-03  7.923516e+00  2.362110e-01 
   98753122   7.057003e+02   1.687155e+00   6.973467e+02   1.760260e+02 145200702162320180       9259      10243    32 2454148.475949  7.878449e+00  2.595737e-03  7.891378e+00  2.740653e-01 
   98753160   7.520425e+02   1.782918e+00   7.310577e+02   1.914467e+02 145200702162320560       9229      10240    32 2454148.476389  7.809394e+00  2.574038e-03  7.840121e+00  2.843297e-01 
   98832156   5.135486e+02   7.501633e-01   6.712923e+02   1.619068e+02 145200702172117390       8134      10679    32 2454149.390694  8.223546e+00  1.585989e-03  7.932721e+00  2.618661e-01 
  121414612   7.001677e+02   1.153315e+00   6.910288e+02   1.513548e+02 146200711060611340      21253       1869    32 2454410.761713  7.886995e+00  1.788429e-03  7.901259e+00  2.378076e-01 
  121414933   6.807318e+02   1.129866e+00   6.761278e+02   1.333871e+02 146200711060616560      21309       1862    32 2454410.765428  7.917560e+00  1.802092e-03  7.924928e+00  2.141958e-01 
  121415178   6.408151e+02   1.193033e+00   6.274429e+02   1.487573e+02 146200711060621010      21352       1859    32 2454410.768264  7.983168e+00  2.021368e-03  8.006064e+00  2.574126e-01 
  121415218   7.010799e+02   1.192747e+00   7.243875e+02   1.589585e+02 146200711060621400      21359       1861    32 2454410.768727  7.885581e+00  1.847169e-03  7.850073e+00  2.382532e-01 
  121415465   7.009615e+02   1.211493e+00   7.025134e+02   1.671306e+02 146200711060625480      21402       1854    32 2454410.771586  7.885765e+00  1.876518e-03  7.883363e+00  2.583017e-01 
  121415503   6.833174e+02   1.188148e+00   6.740642e+02   1.609161e+02 146200711060626260      21408       1857    32 2454410.772025  7.913444e+00  1.887879e-03  7.928247e+00  2.591935e-01 
  121415790   6.500195e+02   1.228545e+00   6.274222e+02   1.263548e+02 146200711060631120      21458       1851    32 2454410.775347  7.967684e+00  2.052062e-03  8.006101e+00  2.186541e-01 
  122192351   6.920355e+02   1.959330e+00   6.649312e+02   1.636547e+02 146200711150612580      21388       4465    32 2454419.763322  7.899679e+00  3.074009e-03  7.943058e+00  2.672254e-01 
  122192389   6.050125e+02   1.796527e+00   5.903823e+02   1.336795e+02 146200711150613370      21394       4463    32 2454419.763762  8.045589e+00  3.224002e-03  8.072166e+00  2.458427e-01 
  122192749   6.992667e+02   2.785707e+00   6.493486e+02   2.271055e+02 146200711150619360      21472       4383    32 2454419.767928  7.888393e+00  4.325322e-03  7.968805e+00  3.797306e-01 
  122192787   7.571575e+02   2.932610e+00   7.002076e+02   2.471906e+02 146200711150620150      21480       4378    32 2454419.768368  7.802034e+00  4.205270e-03  7.886933e+00  3.832931e-01 
  122193139   6.923648e+02   1.656337e+00   6.488453e+02   1.467801e+02 146200711150626060      21548       4379    32 2454419.772442  7.899163e+00  2.597404e-03  7.969647e+00  2.456132e-01 
  122193806   7.579681e+02   2.051165e+00   7.207417e+02   1.878883e+02 146200711150637140      21652       4306    32 2454419.780162  7.800873e+00  2.938161e-03  7.855551e+00  2.830387e-01 
  124500165   2.044465e+02   1.981420e+00   2.033870e+02   1.023191e+02 146200712112314460      18873       7965    32 2454446.474132  9.223551e+00  1.052259e-02  9.229192e+00  5.462097e-01 
  124500203   2.110679e+01   8.460946e+00   1.966566e+01   1.434662e+01 146200712112315240      18872       7968    32 2454446.474572  1.168894e+01  4.352338e-01  1.176573e+01  7.920757e-01 
