\OBJNAME = '1SWASP J194145.20+405036.9'
\OBSSTART = '2007-05-29T00:28:55'
\OBSSTOP = '2007-07-14T21:28:05'
\TSTART = 107483457
\TSTOP = 111533533
\JD_REF = 2453005.5
\RA_OBJ = '295.438347'
\DEC_OBJ = '40.843597'
\WASP_MAG = 12.14458
\HJD_START = 2454249.521493
\HJD_STOP = 2454296.397373
\fixlen = T
\NUMRECORDS = 25
\
\ This file was produced by the NASA Exoplanet Archive  http://exoplanetarchive.ipac.caltech.edu 
\ Wed Sep 11, 19:51:01 2013
\ Documentation for the SuperWASP dataset can be found at http://exoplanetarchive.ipac.caltech.edu/docs/SuperWASPMission.html
\
|TMID      |FLUX2         |FLUX2_ERR     |TAMFLUX2      |TAMFLUX2_ERR  |IMAGEID           |CCDX      |CCDY      |FLAG |           HJD|         MAG2|     MAG2_ERR|      TAMMAG2|  TAMMAG2_ERR|
|int       |float         |float         |float         |float         |char              |int       |int       |int  |        double|        float|        float|        float|        float|
|sec       |micro Vega    |micro Vega    |micro Vega    |micro Vega    |                  |1/16 pixel|1/16 pixel|     |           day|          mag|          mag|          mag|          mag|
|null      |null          |null          |null          |null          |null              |null      |null      |null |          null|         null|         null|         null|         null|
  107483457   1.810337e+01   2.685550e-01   1.381842e+01   4.327730e-01 142200705290028550      21240        208    32 2454249.521493  1.185560e+01  1.610644e-02  1.214885e+01  3.400380e-02 
  107483497   1.730645e+01   2.688666e-01   1.308768e+01   4.449501e-01 142200705290029350      21239        201    32 2454249.521956  1.190448e+01  1.686765e-02  1.220784e+01  3.691257e-02 
  107484132   1.602584e+01   2.634055e-01   1.195428e+01   4.312572e-01 142200705290040100      21230        130    32 2454249.529306  1.198795e+01  1.784555e-02  1.230619e+01  3.916867e-02 
  107484170   1.665192e+01   2.626260e-01   1.248059e+01   4.406777e-01 142200705290040480      21229        129    32 2454249.529745  1.194634e+01  1.712376e-02  1.225941e+01  3.833642e-02 
  107568809   1.760120e+01   2.996208e-01   1.573086e+01   3.219188e-01 142200705300011250      21258        237    32 2454250.509363  1.188614e+01  1.848228e-02  1.200812e+01  2.221876e-02 
  107568849   1.799762e+01   3.003402e-01   1.594838e+01   3.311668e-01 142200705300012040      21257        230    32 2454250.509826  1.186196e+01  1.811859e-02  1.199321e+01  2.254530e-02 
  107569793   1.676747e+01   2.913958e-01   1.472074e+01   3.224615e-01 142200705300027480      21225        193    32 2454250.520752  1.193883e+01  1.886868e-02  1.208018e+01  2.378342e-02 
  107569831   1.650775e+01   2.908479e-01   1.460403e+01   3.140722e-01 142200705300028260      21223        193    32 2454250.521192  1.195578e+01  1.912952e-02  1.208882e+01  2.334977e-02 
  107570461   1.711573e+01   2.824779e-01   1.517462e+01   3.044506e-01 142200705300038550      21214        126    32 2454250.528484  1.191651e+01  1.791904e-02  1.204721e+01  2.178336e-02 
  107570700   1.648874e+01   2.858341e-01   1.459100e+01   3.093944e-01 142200705300042550      21209         99    32 2454250.531250  1.195703e+01  1.882142e-02  1.208979e+01  2.302254e-02 
  107654941   1.272362e+01   3.185992e-01   1.160245e+01   3.295845e-01 142200705310006520      21272        176    32 2454251.506262  1.223847e+01  2.718690e-02  1.233863e+01  3.084204e-02 
  107654979   1.281897e+01   3.195905e-01   1.174124e+01   3.301718e-01 142200705310007310      21271        172    32 2454251.506701  1.223037e+01  2.706866e-02  1.232572e+01  3.053176e-02 
  110498925   1.117301e+01   1.501014e-01   1.243732e+01   2.360827e-01 142200707022204570      21259        264    32 2454284.422743  1.237957e+01  1.458614e-02  1.226318e+01  2.060929e-02 
  110499305   1.276691e+01   1.630582e-01   1.417875e+01   1.763827e-01 142200707022211180      21243        221    32 2454284.427141  1.223479e+01  1.386701e-02  1.212090e+01  1.350653e-02 
  110499345   1.271192e+01   1.655885e-01   1.397202e+01   1.794730e-01 142200707022211570      21242        212    32 2454284.427604  1.223947e+01  1.414310e-02  1.213685e+01  1.394652e-02 
  110499690   1.145687e+01   1.794935e-01   1.266518e+01   1.884491e-01 142200707022217430      21235        181    32 2454284.431597  1.235233e+01  1.701017e-02  1.224347e+01  1.615505e-02 
  110499729   1.138676e+01   1.802012e-01   1.256909e+01   1.889915e-01 142200707022218210      21235        178    32 2454284.432049  1.235900e+01  1.718239e-02  1.225174e+01  1.632542e-02 
  110500066   1.194403e+01   1.878857e-01   1.309857e+01   1.962277e-01 142200707022223580      21230        144    32 2454284.435949  1.230712e+01  1.707924e-02  1.220694e+01  1.626530e-02 
  110500104   1.360495e+01   1.918121e-01   1.484030e+01   2.054188e-01 142200707022224370      21229        136    32 2454284.436389  1.216576e+01  1.530752e-02  1.207139e+01  1.502876e-02 
  111532861   1.048260e+01   1.779259e-01   1.303420e+01   2.610091e-01 142200707142116530      21274        172    32 2454296.389595  1.244883e+01  1.842876e-02  1.221229e+01  2.174188e-02 
  111532899   1.073812e+01   1.721391e-01   1.332098e+01   2.644738e-01 142200707142117310      21273        167    32 2454296.390035  1.242268e+01  1.740512e-02  1.218866e+01  2.155620e-02 
  111533135   1.116448e+01   1.437645e-01   1.389525e+01   1.446871e+00 142200707142121270      21264        142    32 2454296.392766  1.238040e+01  1.398102e-02  1.214283e+01  1.130549e-01 
  111533175   1.115161e+01   1.405559e-01   1.381911e+01   2.561302e-01 142200707142122060      21262        142    32 2454296.393229  1.238166e+01  1.368477e-02  1.214880e+01  2.012364e-02 
  111533496   1.111003e+01   1.242880e-01   1.370874e+01   2.436091e-01 142200707142127270      21251        105    32 2454296.396944  1.238571e+01  1.214618e-02  1.215751e+01  1.929397e-02 
  111533533   1.102366e+01   1.230306e-01   1.351344e+01   2.355246e-01 142200707142128050      21250         99    32 2454296.397373  1.239419e+01  1.211750e-02  1.217309e+01  1.892328e-02 
