\OBJNAME = '1SWASP J034038.76+284623.9'
\OBSSTART = '2004-07-29T04:52:04'
\OBSSTOP = '2007-01-09T22:09:39'
\TSTART = 18161341
\TSTOP = 95465707
\JD_REF = 2453005.5
\RA_OBJ = '55.161531'
\DEC_OBJ = '28.773331'
\WASP_MAG = 7.286814
\HJD_START = 2453215.700706
\HJD_STOP = 2454110.427164
\fixlen = T
\NUMRECORDS = 20
\
\ This file was produced by the NASA Exoplanet Archive  http://exoplanetarchive.ipac.caltech.edu 
\ Sun Sep 15, 14:13:31 2013
\ Documentation for the SuperWASP dataset can be found at http://exoplanetarchive.ipac.caltech.edu/docs/SuperWASPMission.html
\
|TMID      |FLUX2         |FLUX2_ERR     |TAMFLUX2      |TAMFLUX2_ERR  |IMAGEID           |CCDX      |CCDY      |FLAG |           HJD|         MAG2|     MAG2_ERR|      TAMMAG2|  TAMMAG2_ERR|
|int       |float         |float         |float         |float         |char              |int       |int       |int  |        double|        float|        float|        float|        float|
|sec       |micro Vega    |micro Vega    |micro Vega    |micro Vega    |                  |1/16 pixel|1/16 pixel|     |           day|          mag|          mag|          mag|          mag|
|null      |null          |null          |null          |null          |null              |null      |null      |null |          null|         null|         null|         null|         null|
   18161341   1.173091e+03   4.041173e+00   1.516627e+03   2.798751e+02 102200407290452040      28814      13370    32 2453215.700706  7.326671e+00  3.740259e-03  7.047803e+00  2.003601e-01 
   18162519   2.829365e+02   5.362001e+00   3.947335e+02   1.194788e+02 102200407290511410      28750      13337    32 2453215.714340  8.870777e+00  2.057613e-02  8.509240e+00  3.286341e-01 
   19712253   6.997604e+02   3.399359e+00   1.114298e+03   2.082322e+02 102200408160338120      28833      13340    32 2453233.651076  7.887627e+00  5.274406e-03  7.382496e+00  2.028954e-01 
   19712943   3.360636e+02   2.062066e+00   8.741169e+02   2.642284e+02 102200408160349400      28795      13355    32 2453233.659063  8.683947e+00  6.662034e-03  7.646076e+00  3.281979e-01 
   86940411   1.799643e+03   3.968688e+00   1.360118e+03   7.300252e+02 143200610030601180      27378      13428    32 2454011.754757  6.862034e+00  2.394343e-03  7.166059e+00  5.827565e-01 
   86940625   1.745039e+03   4.799638e+00   1.297850e+03   8.958680e+02 143200610030604530      27362      13421    32 2454011.757234  6.895487e+00  2.986271e-03  7.216938e+00  7.494546e-01 
   93385794   1.200860e+03   2.480104e+00   1.114298e+03   3.031125e+02 141200612162022210       1416      14108    32 2454086.354097  7.301269e+00  2.242349e-03  7.382496e+00  2.953440e-01 
   93387937   1.066139e+03   1.846445e+00   1.219528e+03   2.508302e+02 141200612162058040       1330      14346    32 2454086.378900  7.430466e+00  1.880392e-03  7.284520e+00  2.233129e-01 
   93397851   5.001428e+02   1.862687e+01   5.975842e+02   5.499559e+02 141200612162343190        117      15184    32 2454086.493646  8.252265e+00  4.043633e-02  8.059002e+00  9.992050e-01 
   93397851   3.237161e+02   8.713457e+00   2.433079e+02   2.129201e+02 143200612162343190      28419      13747    32 2454086.493646  8.724589e+00  2.922483e-02  9.034609e+00  9.501370e-01 
   95390420   1.447187e+03   7.234727e+00   1.114298e+03   1.272229e+03 143200701090114460      26356      13647    32 2454109.555787  7.098689e+00  5.427795e-03  7.382496e+00  1.239623e+00 
   95459093   1.154886e+03   4.597377e+00   1.079276e+03   8.695269e+02 143200701092019240      27181      12731    32 2454110.350613  7.343652e+00  4.322120e-03  7.417169e+00  8.747345e-01 
   95460807   1.892200e+03   5.642515e+00   1.358547e+03   1.057261e+03 143200701092047590      27076      12871    32 2454110.370451  6.807583e+00  3.237663e-03  7.167313e+00  8.449546e-01 
   95462250   1.951107e+03   1.055625e+01   1.001565e+03   9.405299e+02 143200701092112010      26841      12979    32 2454110.387153  6.774297e+00  5.874277e-03  7.498302e+00  1.019575e+00 
   95462525   1.499871e+03   7.731872e+00   1.060068e+03   1.333634e+03 143200701092116370      26799      13383    32 2454110.390336  7.059865e+00  5.597017e-03  7.436666e+00  1.365930e+00 
   95464257   1.059714e+03   1.022196e+01   7.859094e+02   9.483766e+02 143200701092145280      26578      13481    32 2454110.410382  7.437028e+00  1.047301e-02  7.761569e+00  1.310190e+00 
   95464598   9.568156e+02   9.412126e+00   5.454153e+02   5.536644e+02 143200701092151090      26543      13494    32 2454110.414329  7.547929e+00  1.068035e-02  8.158182e+00  1.102161e+00 
   95465012   1.941508e+03   5.830459e+00   1.504226e+03   1.330441e+03 143200701092158030      26433      13520    32 2454110.419120  6.779652e+00  3.260538e-03  7.056717e+00  9.603031e-01 
   95465348   1.779467e+03   4.438024e+00   1.333986e+03   9.140807e+02 143200701092203390      26404      13541    32 2454110.423009  6.874275e+00  2.707855e-03  7.187121e+00  7.439761e-01 
   95465707   1.528953e+03   4.932601e+00   1.248092e+03   8.725390e+02 143200701092209390      26322      13557    32 2454110.427164  7.039015e+00  3.502739e-03  7.259384e+00  7.590390e-01 
