\OBJNAME = '1SWASP J164517.80+564654.6'
\OBSSTART = '2007-04-13T02:08:50'
\OBSSTOP = '2008-04-15T03:39:46'
\TSTART = 103515053
\TSTOP = 135315711
\JD_REF = 2453005.5
\RA_OBJ = '251.324197'
\DEC_OBJ = '56.781847'
\WASP_MAG = 5.404388
\HJD_START = 2454203.590891
\HJD_STOP = 2454571.654063
\fixlen = T
\NUMRECORDS = 29
\
\ This file was produced by the NASA Exoplanet Archive  http://exoplanetarchive.ipac.caltech.edu 
\ Thu Sep 19, 06:00:18 2013
\ Documentation for the SuperWASP dataset can be found at http://exoplanetarchive.ipac.caltech.edu/docs/SuperWASPMission.html
\
|TMID      |FLUX2         |FLUX2_ERR     |TAMFLUX2      |TAMFLUX2_ERR  |IMAGEID           |CCDX      |CCDY      |FLAG |           HJD|         MAG2|     MAG2_ERR|      TAMMAG2|  TAMMAG2_ERR|
|int       |float         |float         |float         |float         |char              |int       |int       |int  |        double|        float|        float|        float|        float|
|sec       |micro Vega    |micro Vega    |micro Vega    |micro Vega    |                  |1/16 pixel|1/16 pixel|     |           day|          mag|          mag|          mag|          mag|
|null      |null          |null          |null          |null          |null              |null      |null      |null |          null|         null|         null|         null|         null|
  103515053   3.318931e+03   3.140157e+01   3.595678e+03   2.332719e+03 148200704130208500      12486      22716    32 2454203.590891  6.197505e+00  1.027257e-02  6.110548e+00  7.043806e-01 
  103515098   3.856276e+03   3.324941e+01   4.036103e+03   2.582356e+03 148200704130209360      12489      22721    32 2454203.591412  6.034580e+00  9.361420e-03  5.985095e+00  6.946719e-01 
  103515136   1.115155e+03   2.171046e+01   1.468315e+03   8.328447e+02 148200704130210140      12515      22724    32 2454203.591852  7.381662e+00  2.113779e-02  7.082952e+00  6.158438e-01 
  103521983   7.590083e+03   1.585444e+01   7.898006e+03   3.553747e+03 148200704130404200      11915      23927    32 2454203.671100  5.299384e+00  2.267933e-03  5.256207e+00  4.885341e-01 
  103522021   8.479522e+03   1.510382e+01   9.554433e+03   4.780606e+03 148200704130404590      11928      23929    32 2454203.671539  5.179071e+00  1.933933e-03  5.049488e+00  5.432553e-01 
  103522064   9.973708e+03   1.714709e+01   1.113063e+04   6.178011e+03 148200704130405410      11946      24085    32 2454203.672037  5.002858e+00  1.866636e-03  4.883700e+00  6.026353e-01 
  103522101   7.979438e+03   1.747139e+01   9.247166e+03   5.026831e+03 148200704130406190      11938      24089    32 2454203.672465  5.245069e+00  2.377283e-03  5.084979e+00  5.902167e-01 
  103525086   8.173510e+03   9.924370e+00   9.746931e+03   3.681859e+03 148200704130456040      11472      24494    32 2454203.707014  5.218978e+00  1.318318e-03  5.027830e+00  4.101334e-01 
  103525126   6.475977e+03   7.085002e+00   7.254636e+03   2.237322e+03 148200704130456430      11462      24500    32 2454203.707477  5.471737e+00  1.187847e-03  5.348461e+00  3.348410e-01 
  104736829   1.037093e+03   3.236495e+00   1.156226e+03   5.630309e+02 148200704270531420      10485      23340    32 2454217.731817  7.460456e+00  3.388310e-03  7.342393e+00  5.287074e-01 
  106196210   1.890599e+04   2.494489e+01   1.631149e+04   8.549263e+03 148200705140254440      11500      22734    32 2454234.622801  4.308502e+00  1.432544e-03  4.468766e+00  5.690638e-01 
  106196250   3.714490e+03   9.312140e+00   3.658557e+03   1.660580e+03 148200705140255240      11489      22740    32 2454234.623264  6.075252e+00  2.721924e-03  6.091725e+00  4.928058e-01 
  106197452   1.183648e+04   1.240108e+01   1.160202e+04   3.764675e+03 148200705140315270      11259      22870    32 2454234.637176  4.816944e+00  1.137530e-03  4.838666e+00  3.523057e-01 
  106197497   1.128745e+04   1.207242e+01   1.255725e+04   3.877123e+03 148200705140316110      11248      22874    32 2454234.637697  4.868511e+00  1.161247e-03  4.752764e+00  3.352284e-01 
  106197535   1.055709e+04   2.021518e+01   9.654944e+03   4.068198e+03 148200705140316500      11238      22882    32 2454234.638137  4.941139e+00  2.079022e-03  5.038126e+00  4.574864e-01 
  106197876   6.941821e+03   1.257807e+01   6.654508e+03   2.926434e+03 148200705140322300      11206      22912    32 2454234.642083  5.396317e+00  1.967281e-03  5.442210e+00  4.774728e-01 
  106197914   1.470087e+04   1.715337e+01   1.531270e+04   6.131882e+03 148200705140323090      11196      22920    32 2454234.642523  4.581642e+00  1.266871e-03  4.537371e+00  4.347784e-01 
  106197957   3.675343e+03   8.478462e+00   3.608720e+03   1.519926e+03 148200705140323510      11183      22924    32 2454234.643021  6.086755e+00  2.504639e-03  6.106617e+00  4.572937e-01 
  106197995   4.794975e+03   5.217428e+00   5.209207e+03   2.153959e+03 148200705140324290      11173      22927    32 2454234.643461  5.798034e+00  1.181397e-03  5.708071e+00  4.489436e-01 
  106203621   1.990336e+03   2.505060e+01   1.130766e+03   9.937429e+02 148200705140458160      10087      23245    32 2454234.708576  6.752684e+00  1.366525e-02  7.366569e+00  9.541733e-01 
  106203661   2.809125e+03   1.555193e+01   2.230842e+03   1.400975e+03 148200705140458550      10076      23250    32 2454234.709039  6.378572e+00  6.010896e-03  6.628828e+00  6.818480e-01 
  106204269   2.719546e+03   4.677525e+00   3.143541e+03   1.506588e+03 148200705140509040       9944      23274    32 2454234.716076  6.413759e+00  1.867435e-03  6.256452e+00  5.203568e-01 
  133757985   6.615854e+03   1.075924e+01   7.254636e+03   6.534589e+03 148200803280257550      12100      23735    32 2454553.624826  5.448535e+00  1.765719e-03  5.348461e+00  9.779767e-01 
  133758025   6.601171e+03   8.809551e+00   7.293264e+03   5.547260e+03 148200803280258340      12097      23740    32 2454553.625289  5.450948e+00  1.448967e-03  5.342695e+00  8.258144e-01 
  133758658   8.073292e+03   8.079808e+00   9.330652e+03   5.381318e+03 148200803280309070      12065      23863    32 2454553.632616  5.232373e+00  1.086616e-03  5.075220e+00  6.261848e-01 
  133759946   6.986114e+03   5.563830e+00   8.334831e+03   3.408120e+03 148200803280330360      12004      24051    32 2454553.647523  5.389411e+00  8.646972e-04  5.197758e+00  4.439601e-01 
  133760425   8.975869e+03   2.207674e+01   7.216586e+03   8.225123e+03 148200803280338350      11983      24387    32 2454553.653067  5.117309e+00  2.670449e-03  5.354170e+00  1.237475e+00 
  135315671   6.719893e+03   1.214162e+01   5.620929e+03   3.498475e+03 148200804150339070      11572      25576    32 2454571.653600  5.431594e+00  1.961734e-03  5.625480e+00  6.757662e-01 
  135315711   3.916290e+03   6.983326e+00   5.088582e+03   3.486001e+03 148200804150339460      11567      25583    32 2454571.654063  6.017813e+00  1.936036e-03  5.733508e+00  7.438007e-01 
