\OBJNAME = '1SWASP J132705.95-485618.1'
\OBSSTART = '2006-07-05T16:50:45'
\OBSSTOP = '2007-07-25T19:17:22'
\TSTART = 79203245
\TSTOP = 112475915
\JD_REF = 2453005.5
\RA_OBJ = '201.774803'
\DEC_OBJ = '-48.938369'
\WASP_MAG = 10.84599
\HJD_START = 2453922.204225
\HJD_STOP = 2454307.304572
\fixlen = T
\NUMRECORDS = 48
\
\ This file was produced by the NASA Exoplanet Archive  http://exoplanetarchive.ipac.caltech.edu 
\ Wed Sep 18, 10:43:46 2013
\ Documentation for the SuperWASP dataset can be found at http://exoplanetarchive.ipac.caltech.edu/docs/SuperWASPMission.html
\
|TMID      |FLUX2         |FLUX2_ERR     |TAMFLUX2      |TAMFLUX2_ERR  |IMAGEID           |CCDX      |CCDY      |FLAG |           HJD|         MAG2|     MAG2_ERR|      TAMMAG2|  TAMMAG2_ERR|
|int       |float         |float         |float         |float         |char              |int       |int       |int  |        double|        float|        float|        float|        float|
|sec       |micro Vega    |micro Vega    |micro Vega    |micro Vega    |                  |1/16 pixel|1/16 pixel|     |           day|          mag|          mag|          mag|          mag|
|null      |null          |null          |null          |null          |null              |null      |null      |null |          null|         null|         null|         null|         null|
   79203245   4.637439e+01   2.818897e-01   4.637439e+01   2.818897e-01 227200607051650450       9001      22101     0 2453922.204225  1.083430e+01  6.599739e-03  1.083430e+01  6.599739e-03 
   79203535   4.689212e+01   2.572998e-01   4.689212e+01   2.572998e-01 227200607051655350       8999      22119     0 2453922.207581  1.082225e+01  5.957518e-03  1.082225e+01  5.957518e-03 
   79203890   4.608490e+01   2.321386e-01   4.608490e+01   2.321386e-01 227200607051701290       8996      22110     0 2453922.211690  1.084110e+01  5.469084e-03  1.084110e+01  5.469084e-03 
   79204237   4.670664e+01   2.462195e-01   4.670664e+01   2.462195e-01 227200607051707160       8994      22076     0 2453922.215706  1.082655e+01  5.723606e-03  1.082655e+01  5.723606e-03 
   79204645   4.618796e+01   2.524839e-01   4.618796e+01   2.524839e-01 227200607051714040       9000      22159     0 2453922.220428  1.083868e+01  5.935137e-03  1.083868e+01  5.935137e-03 
   79205000   4.446415e+01   2.235662e+00   4.446415e+01   2.235662e+00 227200607051720000       9002      22183     0 2453922.224537  1.087998e+01  5.459111e-02  1.087998e+01  5.459111e-02 
   79205342   4.668155e+01   2.583899e-01   4.668155e+01   2.583899e-01 227200607051725410       9004      22210     0 2453922.228495  1.082714e+01  6.009747e-03  1.082714e+01  6.009747e-03 
   79205766   4.600087e+01   2.443649e-01   4.600087e+01   2.443649e-01 227200607051732450       8991      22237     0 2453922.233403  1.084309e+01  5.767645e-03  1.084309e+01  5.767645e-03 
   79206038   4.687399e+01   2.349643e-01   4.687399e+01   2.349643e-01 227200607051737180       8993      22234     0 2453922.236551  1.082267e+01  5.442466e-03  1.082267e+01  5.442466e-03 
   79206237   4.606778e+01   2.380654e-01   4.606778e+01   2.380654e-01 227200607051740370       8989      22232     0 2453922.238854  1.084151e+01  5.610801e-03  1.084151e+01  5.610801e-03 
   79206453   4.671930e+01   2.412563e-01   4.671930e+01   2.412563e-01 227200607051744120       8989      22245     0 2453922.241354  1.082626e+01  5.606711e-03  1.082626e+01  5.606711e-03 
   79206681   4.668286e+01   2.339642e-01   4.668286e+01   2.339642e-01 227200607051748010       8992      22258     0 2453922.243993  1.082711e+01  5.441488e-03  1.082711e+01  5.441488e-03 
   79206905   4.617334e+01   2.344862e-01   4.617334e+01   2.344862e-01 227200607051751450       8995      22271     0 2453922.246586  1.083902e+01  5.513811e-03  1.083902e+01  5.513811e-03 
   79207195   4.674846e+01   3.145665e-01   4.674846e+01   3.145665e-01 227200607051756350       9001      22288     0 2453922.249942  1.082558e+01  7.305853e-03  1.082558e+01  7.305853e-03 
  112294709   4.799793e+01   2.290685e-01   4.799793e+01   2.290685e-01 227200707231657020      11465      20373     0 2454305.207280  1.079694e+01  5.181657e-03  1.079694e+01  5.181657e-03 
  112294916   4.792586e+01   2.207791e-01   4.792586e+01   2.207791e-01 227200707231700290      11499      20378     0 2454305.209676  1.079858e+01  5.001656e-03  1.079858e+01  5.001656e-03 
  112295172   4.822990e+01   2.155597e-01   4.822990e+01   2.155597e-01 227200707231704460      11499      20361     0 2454305.212639  1.079171e+01  4.852628e-03  1.079171e+01  4.852628e-03 
  112295430   4.844254e+01   2.116387e-01   4.844254e+01   2.116387e-01 227200707231709030      11496      20372     0 2454305.215625  1.078693e+01  4.743447e-03  1.078693e+01  4.743447e-03 
  112295686   4.841887e+01   2.091988e-01   4.841887e+01   2.091988e-01 227200707231713190      11493      20384     0 2454305.218588  1.078746e+01  4.691054e-03  1.078746e+01  4.691054e-03 
  112295938   4.870054e+01   2.107776e-01   4.870054e+01   2.107776e-01 227200707231717310      11491      20394     0 2454305.221505  1.078117e+01  4.699120e-03  1.078117e+01  4.699120e-03 
  112296196   4.836431e+01   2.103249e-01   4.836431e+01   2.103249e-01 227200707231721490      11489      20406     0 2454305.224491  1.078869e+01  4.721626e-03  1.078869e+01  4.721626e-03 
  112296391   4.820571e+01   2.105526e-01   4.820571e+01   2.105526e-01 227200707231725050      11484      20383     0 2454305.226748  1.079225e+01  4.742288e-03  1.079225e+01  4.742288e-03 
  112296587   4.891465e+01   2.096387e-01   4.891465e+01   2.096387e-01 227200707231728210      11491      20395     0 2454305.229016  1.077640e+01  4.653272e-03  1.077640e+01  4.653272e-03 
  112296721   4.854516e+01   2.120245e-01   4.854516e+01   2.120245e-01 227200707231730350      11468      20401     0 2454305.230567  1.078464e+01  4.742048e-03  1.078464e+01  4.742048e-03 
  112296858   4.769418e+01   2.148178e-01   4.769418e+01   2.148178e-01 227200707231732510      11465      20407     0 2454305.232153  1.080384e+01  4.890246e-03  1.080384e+01  4.890246e-03 
  112296993   4.894704e+01   2.137788e-01   4.894704e+01   2.137788e-01 227200707231735060      11463      20415     0 2454305.233715  1.077568e+01  4.742027e-03  1.077568e+01  4.742027e-03 
  112297383   4.816160e+01   2.122961e-01   4.816160e+01   2.122961e-01 227200707231741360      11464      20437     0 2454305.238229  1.079325e+01  4.785936e-03  1.079325e+01  4.785936e-03 
  112297638   4.825745e+01   2.134127e-01   4.825745e+01   2.134127e-01 227200707231745510      11461      20448     0 2454305.241181  1.079109e+01  4.801554e-03  1.079109e+01  4.801554e-03 
  112467860   4.305726e+01   2.255601e-01   4.305726e+01   2.255601e-01 227200707251703070      11512      20367     0 2454307.211343  1.091488e+01  5.687767e-03  1.091488e+01  5.687767e-03 
  112467921   4.464007e+01   2.314860e-01   4.464007e+01   2.314860e-01 228200707251704070      23326      22434     0 2454307.212049  1.087569e+01  5.630225e-03  1.087569e+01  5.630225e-03 
  112468107   4.346195e+01   2.234656e-01   4.346195e+01   2.234656e-01 227200707251707130      11513      20375     0 2454307.214201  1.090473e+01  5.582482e-03  1.090473e+01  5.582482e-03 
  112468231   4.493819e+01   2.298775e-01   4.493819e+01   2.298775e-01 228200707251709170      23326      22418     0 2454307.215637  1.086846e+01  5.554011e-03  1.086846e+01  5.554011e-03 
  112468416   4.310443e+01   2.221464e-01   4.310443e+01   2.221464e-01 227200707251712220      11510      20388     0 2454307.217778  1.091370e+01  5.595556e-03  1.091370e+01  5.595556e-03 
  112468540   4.440757e+01   2.315052e-01   4.440757e+01   2.315052e-01 228200707251714260      23321      22400     0 2454307.219213  1.088136e+01  5.660170e-03  1.088136e+01  5.660170e-03 
  112468725   4.289233e+01   2.225682e-01   4.289233e+01   2.225682e-01 227200707251717320      11511      20403     0 2454307.221354  1.091905e+01  5.633901e-03  1.091905e+01  5.633901e-03 
  112468785   4.412667e+01   2.325232e-01   4.412667e+01   2.325232e-01 228200707251718320      23314      22393     0 2454307.222049  1.088825e+01  5.721251e-03  1.088825e+01  5.721251e-03 
  112468972   4.303786e+01   2.233039e-01   4.303786e+01   2.233039e-01 227200707251721380      11511      20412     0 2454307.224213  1.091537e+01  5.633411e-03  1.091537e+01  5.633411e-03 
  112469034   4.449396e+01   2.305332e-01   4.449396e+01   2.305332e-01 228200707251722400      23312      22381     0 2454307.224931  1.087925e+01  5.625462e-03  1.087925e+01  5.625462e-03 
  112469158   4.331090e+01   2.246588e-01   4.331090e+01   2.246588e-01 227200707251724440      11511      20420     0 2454307.226366  1.090851e+01  5.631863e-03  1.090851e+01  5.631863e-03 
  112469218   4.431757e+01   2.334527e-01   4.431757e+01   2.334527e-01 228200707251725450      23308      22371     0 2454307.227060  1.088356e+01  5.719378e-03  1.088356e+01  5.719378e-03 
  112469341   4.291097e+01   2.252908e-01   4.291097e+01   2.252908e-01 227200707251727470      11511      20427     0 2454307.228484  1.091858e+01  5.700342e-03  1.091858e+01  5.700342e-03 
  112469400   4.451919e+01   2.353840e-01   4.451919e+01   2.353840e-01 228200707251728470      23306      22361     0 2454307.229167  1.087863e+01  5.740578e-03  1.087863e+01  5.740578e-03 
  112469524   4.347190e+01   2.262094e-01   4.347190e+01   2.262094e-01 227200707251730510      11510      20435     0 2454307.230602  1.090448e+01  5.649732e-03  1.090448e+01  5.649732e-03 
  112469586   4.471235e+01   2.362242e-01   4.471235e+01   2.362242e-01 228200707251731520      23303      22351     0 2454307.231319  1.087393e+01  5.736180e-03  1.087393e+01  5.736180e-03 
  112469710   4.292272e+01   2.265553e-01   4.292272e+01   2.265553e-01 227200707251733560      11510      20442     0 2454307.232755  1.091828e+01  5.730769e-03  1.091828e+01  5.730769e-03 
  112469771   4.414376e+01   2.358655e-01   4.414376e+01   2.358655e-01 228200707251734570      23299      22341     0 2454307.233461  1.088783e+01  5.801241e-03  1.088783e+01  5.801241e-03 
  112469957   4.388192e+01   2.358431e-01   4.388192e+01   2.358431e-01 228200707251738030      23295      22332     0 2454307.235613  1.089429e+01  5.835303e-03  1.089429e+01  5.835303e-03 
  112475915   4.433387e+01   2.643532e-01   4.433387e+01   2.643532e-01 228200707251917220      23282      21956     0 2454307.304572  1.088316e+01  6.474030e-03  1.088316e+01  6.474030e-03 
