\OBJNAME = '1SWASP J105656.79+533012.8'
\OBSSTART = '2006-12-08T05:06:05'
\OBSSTOP = '2008-05-17T22:03:57'
\TSTART = 92639334
\TSTOP = 138146609
\JD_REF = 2453005.5
\RA_OBJ = '164.236642'
\DEC_OBJ = '53.503569'
\WASP_MAG = 11.1978
\HJD_START = 2454077.714514
\HJD_STOP = 2454604.419086
\fixlen = T
\NUMRECORDS = 212
\
\ This file was produced by the NASA Exoplanet Archive  http://exoplanetarchive.ipac.caltech.edu 
\ Mon Sep 16, 18:17:10 2013
\ Documentation for the SuperWASP dataset can be found at http://exoplanetarchive.ipac.caltech.edu/docs/SuperWASPMission.html
\
|TMID      |FLUX2         |FLUX2_ERR     |TAMFLUX2      |TAMFLUX2_ERR  |IMAGEID           |CCDX      |CCDY      |FLAG |           HJD|         MAG2|     MAG2_ERR|      TAMMAG2|  TAMMAG2_ERR|
|int       |float         |float         |float         |float         |char              |int       |int       |int  |        double|        float|        float|        float|        float|
|sec       |micro Vega    |micro Vega    |micro Vega    |micro Vega    |                  |1/16 pixel|1/16 pixel|     |           day|          mag|          mag|          mag|          mag|
|null      |null          |null          |null          |null          |null              |null      |null      |null |          null|         null|         null|         null|         null|
   92639334   3.334148e+01   2.748922e-01   3.334148e+01   2.748922e-01 143200612080506050      17931       9388     0 2454077.714514  1.119254e+01  8.951657e-03  1.119254e+01  8.951657e-03 
   92639595   3.301889e+01   2.577024e-01   3.301889e+01   2.577024e-01 143200612080510260      17925       9433     0 2454077.717535  1.120309e+01  8.473870e-03  1.120309e+01  8.473870e-03 
   92639725   3.291764e+01   2.597734e-01   3.291764e+01   2.597734e-01 143200612080512360      17916       9455     0 2454077.719039  1.120643e+01  8.568243e-03  1.120643e+01  8.568243e-03 
   92639854   3.312809e+01   2.561969e-01   3.312809e+01   2.561969e-01 143200612080514460      17905       9474     0 2454077.720532  1.119951e+01  8.396599e-03  1.119951e+01  8.396599e-03 
   92639983   3.278247e+01   2.617530e-01   3.278247e+01   2.617530e-01 143200612080516550      17892       9497     0 2454077.722025  1.121090e+01  8.669136e-03  1.121090e+01  8.669136e-03 
   92640114   3.251518e+01   2.609189e-01   3.251518e+01   2.609189e-01 143200612080519050      17883       9516     0 2454077.723542  1.121978e+01  8.712550e-03  1.121978e+01  8.712550e-03 
   92640246   3.329767e+01   2.550179e-01   3.329767e+01   2.550179e-01 143200612080521170      17871       9538     0 2454077.725069  1.119396e+01  8.315391e-03  1.119396e+01  8.315391e-03 
   92640650   3.272392e+01   2.696868e-01   3.272392e+01   2.696868e-01 143200612080528010      17832       9602     0 2454077.729745  1.121284e+01  8.947881e-03  1.121284e+01  8.947881e-03 
   92641059   3.285666e+01   2.672667e-01   3.285666e+01   2.672667e-01 143200612080534510      17827       9665     0 2454077.734479  1.120844e+01  8.831760e-03  1.120844e+01  8.831760e-03 
   92641257   3.318174e+01   2.853829e-01   3.318174e+01   2.853829e-01 143200612080538090      17807       9700     0 2454077.736771  1.119775e+01  9.338017e-03  1.119775e+01  9.338017e-03 
   92641648   3.172407e+01   3.951379e-01   3.172407e+01   3.951379e-01 143200612080544400      17758       9759     0 2454077.741296  1.124653e+01  1.352339e-02  1.124653e+01  1.352339e-02 
   92642588   3.364663e+01   3.960456e-01   3.364663e+01   3.960456e-01 143200612080600190      17659       9897     0 2454077.752176  1.118265e+01  1.277996e-02  1.118265e+01  1.277996e-02 
   92642850   3.321542e+01   3.630532e-01   3.321542e+01   3.630532e-01 143200612080604410      17624       9945     0 2454077.755208  1.119665e+01  1.186742e-02  1.119665e+01  1.186742e-02 
   92643603   3.315375e+01   3.096083e-01   3.315375e+01   3.096083e-01 143200612080617140      17560      10038     0 2454077.763924  1.119867e+01  1.013925e-02  1.119867e+01  1.013925e-02 
   92644584   3.286199e+01   2.863111e-01   3.286199e+01   2.863111e-01 143200612080633350      17432      10179     0 2454077.775278  1.120827e+01  9.459546e-03  1.120827e+01  9.459546e-03 
   92644993   3.288718e+01   2.548043e-01   3.288718e+01   2.548043e-01 143200612080640250      17372      10232     0 2454077.780012  1.120743e+01  8.412131e-03  1.120743e+01  8.412131e-03 
  135290562   3.599530e+01   3.314292e-01   3.599530e+01   3.314292e-01 144200804142039480      22768      14515     0 2454571.362986  1.110939e+01  9.997026e-03  1.110939e+01  9.997026e-03 
  135291078   3.457459e+01   3.243394e-01   3.457459e+01   3.243394e-01 144200804142048250      22858      14072     0 2454571.368958  1.115311e+01  1.018517e-02  1.115311e+01  1.018517e-02 
  135291603   3.441166e+01   3.184577e-01   3.441166e+01   3.184577e-01 144200804142057090      22909      13948     0 2454571.375035  1.115824e+01  1.004782e-02  1.115824e+01  1.004782e-02 
  135291640   3.374614e+01   3.208453e-01   3.374614e+01   3.208453e-01 144200804142057470      22911      13944     0 2454571.375463  1.117944e+01  1.032280e-02  1.117944e+01  1.032280e-02 
  135463709   3.690331e+01   3.649398e-01   3.690331e+01   3.649398e-01 144200804162045470      22558      16438     0 2454573.367002  1.108234e+01  1.073697e-02  1.108234e+01  1.073697e-02 
  135463747   3.746325e+01   3.549811e-01   3.746325e+01   3.549811e-01 144200804162046250      22561      16433     0 2454573.367442  1.106599e+01  1.028787e-02  1.106599e+01  1.028787e-02 
  135464475   3.592108e+01   3.584688e-01   3.592108e+01   3.584688e-01 144200804162058330      22663      15967     0 2454573.375868  1.111163e+01  1.083497e-02  1.111163e+01  1.083497e-02 
  135464513   3.566800e+01   3.583502e-01   3.566800e+01   3.583502e-01 144200804162059110      22666      15962     0 2454573.376308  1.111930e+01  1.090824e-02  1.111930e+01  1.090824e-02 
  135465137   3.522205e+01   3.248045e-01   3.522205e+01   3.248045e-01 144200804162109340      22723      15887     0 2454573.383530  1.113296e+01  1.001229e-02  1.113296e+01  1.001229e-02 
  135465174   3.507686e+01   3.255117e-01   3.507686e+01   3.255117e-01 144200804162110120      22728      15882     0 2454573.383958  1.113745e+01  1.007562e-02  1.113745e+01  1.007562e-02 
  135465704   3.275198e+01   2.501681e-01   3.275198e+01   2.501681e-01 143200804162119020      17261      10400     0 2454573.390093  1.121191e+01  8.293163e-03  1.121191e+01  8.293163e-03 
  135465742   3.288016e+01   2.557721e-01   3.288016e+01   2.557721e-01 143200804162119400      17258      10404     0 2454573.390532  1.120767e+01  8.445885e-03  1.120767e+01  8.445885e-03 
  135465798   3.467944e+01   3.204533e-01   3.467944e+01   3.204533e-01 144200804162120360      22803      15697     0 2454573.391181  1.114982e+01  1.003272e-02  1.114982e+01  1.003272e-02 
  135465836   3.450523e+01   3.214272e-01   3.450523e+01   3.214272e-01 144200804162121140      22806      15692     0 2454573.391620  1.115529e+01  1.011402e-02  1.115529e+01  1.011402e-02 
  135466263   3.283114e+01   2.565860e-01   3.283114e+01   2.565860e-01 143200804162128210      17209      10535     0 2454573.396562  1.120928e+01  8.485410e-03  1.120928e+01  8.485410e-03 
  135466303   3.257756e+01   2.538047e-01   3.257756e+01   2.538047e-01 143200804162129000      17204      10540     0 2454573.397025  1.121770e+01  8.458766e-03  1.121770e+01  8.458766e-03 
  135466358   3.316271e+01   3.118227e-01   3.316271e+01   3.118227e-01 144200804162129560      22864      15629     0 2454573.397662  1.119837e+01  1.020901e-02  1.119837e+01  1.020901e-02 
  135466397   3.407293e+01   3.217289e-01   3.407293e+01   3.217289e-01 144200804162130340      22868      15625     0 2454573.398113  1.116898e+01  1.025195e-02  1.116898e+01  1.025195e-02 
  135466831   3.297174e+01   2.893499e-01   3.297174e+01   2.893499e-01 143200804162137480      17139      10509     0 2454573.403137  1.120465e+01  9.528120e-03  1.120465e+01  9.528120e-03 
  135466869   3.243919e+01   2.914974e-01   3.243919e+01   2.914974e-01 143200804162138260      17135      10513     0 2454573.403576  1.122233e+01  9.756419e-03  1.122233e+01  9.756419e-03 
  135467017   3.372353e+01   3.933164e-01   3.372353e+01   3.933164e-01 144200804162140550      22955      15446     0 2454573.405289  1.118017e+01  1.266295e-02  1.118017e+01  1.266295e-02 
  135467057   3.384247e+01   3.970031e-01   3.384247e+01   3.970031e-01 144200804162141340      22958      15443     0 2454573.405752  1.117634e+01  1.273672e-02  1.117634e+01  1.273672e-02 
  135467485   3.264061e+01   3.085684e-01   3.264061e+01   3.085684e-01 143200804162148430      17095      11083     0 2454573.410706  1.121560e+01  1.026406e-02  1.121560e+01  1.026406e-02 
  135467524   3.328380e+01   3.078128e-01   3.328380e+01   3.078128e-01 143200804162149210      17091      11088     0 2454573.411157  1.119442e+01  1.004106e-02  1.119442e+01  1.004106e-02 
  135467675   3.317751e+01   4.223633e-01   3.317751e+01   4.223633e-01 144200804162151520      23076      15108     0 2454573.412905  1.119789e+01  1.382191e-02  1.119789e+01  1.382191e-02 
  135467713   3.388378e+01   4.189184e-01   3.388378e+01   4.189184e-01 144200804162152300      23082      15104     0 2454573.413345  1.117502e+01  1.342343e-02  1.117502e+01  1.342343e-02 
  135468044   3.238754e+01   3.308139e-01   3.238754e+01   3.308139e-01 143200804162158020      17036      11153     0 2454573.417176  1.122406e+01  1.109000e-02  1.122406e+01  1.109000e-02 
  135468084   3.278290e+01   3.227056e-01   3.278290e+01   3.227056e-01 143200804162158410      17032      11158     0 2454573.417639  1.121088e+01  1.068772e-02  1.121088e+01  1.068772e-02 
  135468227   3.284989e+01   3.649740e-01   3.284989e+01   3.649740e-01 144200804162201050      23145      15050     0 2454573.419294  1.120866e+01  1.206296e-02  1.120866e+01  1.206296e-02 
  135468267   3.278171e+01   3.511128e-01   3.278171e+01   3.511128e-01 144200804162201440      23149      15046     0 2454573.419757  1.121092e+01  1.162896e-02  1.121092e+01  1.162896e-02 
  135468614   3.302643e+01   2.933422e-01   3.302643e+01   2.933422e-01 143200804162207310      16963      11226     0 2454573.423773  1.120285e+01  9.643589e-03  1.120285e+01  9.643589e-03 
  135468652   3.320029e+01   3.005037e-01   3.320029e+01   3.005037e-01 143200804162208100      16958      11231     0 2454573.424213  1.119715e+01  9.827290e-03  1.119715e+01  9.827290e-03 
  135468797   3.288069e+01   5.861023e-01   3.288069e+01   5.861023e-01 144200804162210350      23233      14939     0 2454573.425891  1.120765e+01  1.935345e-02  1.120765e+01  1.935345e-02 
  135468835   3.360381e+01   5.111157e-01   3.360381e+01   5.111157e-01 144200804162211130      23238      14935     0 2454573.426331  1.118403e+01  1.651416e-02  1.118403e+01  1.651416e-02 
  135469173   3.219032e+01   3.800327e-01   3.219032e+01   3.800327e-01 143200804162216500      16889      11349     0 2454573.430243  1.123069e+01  1.281803e-02  1.123069e+01  1.281803e-02 
  135469210   3.240786e+01   2.888970e-01   3.240786e+01   2.888970e-01 143200804162217270      16889      11460     0 2454573.430671  1.122337e+01  9.678732e-03  1.122337e+01  9.678732e-03 
  135469359   3.357880e+01   4.564884e-01   3.357880e+01   4.564884e-01 144200804162219570      23328      14778     0 2454573.432396  1.118484e+01  1.476014e-02  1.118484e+01  1.476014e-02 
  135469397   3.293570e+01   4.437032e-01   3.293570e+01   4.437032e-01 144200804162220350      23335      14774     0 2454573.432836  1.120583e+01  1.462687e-02  1.120583e+01  1.462687e-02 
  135469636   3.355853e+01   3.085963e-01   3.355853e+01   3.085963e-01 143200804162224330      16829      11510     0 2454573.435602  1.118549e+01  9.984206e-03  1.118549e+01  9.984206e-03 
  135469673   3.285003e+01   2.999276e-01   3.285003e+01   2.999276e-01 143200804162225110      16823      11514     0 2454573.436030  1.120866e+01  9.913033e-03  1.120866e+01  9.913033e-03 
  135469821   3.227245e+01   3.715647e-01   3.227245e+01   3.715647e-01 144200804162227400      23397      14737     0 2454573.437743  1.122792e+01  1.250053e-02  1.122792e+01  1.250053e-02 
  135469860   3.281145e+01   3.546196e-01   3.281145e+01   3.546196e-01 144200804162228180      23404      14733     0 2454573.438194  1.120994e+01  1.173446e-02  1.120994e+01  1.173446e-02 
  135470106   3.309558e+01   2.774580e-01   3.309558e+01   2.774580e-01 143200804162232250      16759      11564     0 2454573.441042  1.120057e+01  9.102340e-03  1.120057e+01  9.102340e-03 
  135470145   3.272435e+01   2.713599e-01   3.272435e+01   2.713599e-01 143200804162233030      16753      11569     0 2454573.441493  1.121282e+01  9.003274e-03  1.121282e+01  9.003274e-03 
  135470302   3.255111e+01   3.729699e-01   3.255111e+01   3.729699e-01 144200804162235410      23470      14694     0 2454573.443310  1.121859e+01  1.244039e-02  1.121859e+01  1.244039e-02 
  135470342   3.156796e+01   3.910239e-01   3.156796e+01   3.910239e-01 144200804162236200      23476      14690     0 2454573.443773  1.125188e+01  1.344877e-02  1.125188e+01  1.344877e-02 
  135470586   3.313735e+01   2.548141e-01   3.313735e+01   2.548141e-01 143200804162240240      16685      11617     0 2454573.446597  1.119921e+01  8.348943e-03  1.119921e+01  8.348943e-03 
  135470624   3.316828e+01   2.453559e-01   3.316828e+01   2.453559e-01 143200804162241030      16680      11622     0 2454573.447037  1.119819e+01  8.031550e-03  1.119819e+01  8.031550e-03 
  135470871   3.172838e+01   3.138195e-01   3.172838e+01   3.138195e-01 144200804162245090      23538      14751     0 2454573.449896  1.124638e+01  1.073885e-02  1.124638e+01  1.073885e-02 
  135471058   3.259957e+01   2.378609e-01   3.259957e+01   2.378609e-01 143200804162248170      16627      11828     0 2454573.452060  1.121697e+01  7.922040e-03  1.121697e+01  7.922040e-03 
  135471098   3.237370e+01   2.408778e-01   3.237370e+01   2.408778e-01 143200804162248560      16623      11833     0 2454573.452523  1.122452e+01  8.078491e-03  1.122452e+01  8.078491e-03 
  135551093   3.806404e+01   3.704279e-01   3.806404e+01   3.704279e-01 144200804172102170      22723      15890     0 2454574.378391  1.104871e+01  1.056610e-02  1.104871e+01  1.056610e-02 
  135551845   3.792399e+01   3.699468e-01   3.792399e+01   3.699468e-01 144200804172114480      22797      15796     0 2454574.387095  1.105272e+01  1.059134e-02  1.105272e+01  1.059134e-02 
  135551883   3.694014e+01   3.626158e-01   3.694014e+01   3.626158e-01 144200804172115270      22800      15792     0 2454574.387535  1.108125e+01  1.065796e-02  1.108125e+01  1.065796e-02 
  135551937   3.267787e+01   2.550608e-01   3.267787e+01   2.550608e-01 143200804172116200      17246      10365     0 2454574.388160  1.121437e+01  8.474534e-03  1.121437e+01  8.474534e-03 
  135551974   3.298632e+01   2.567059e-01   3.298632e+01   2.567059e-01 143200804172116580      17243      10370     0 2454574.388588  1.120417e+01  8.449439e-03  1.120417e+01  8.449439e-03 
  135552499   3.696520e+01   3.640967e-01   3.696520e+01   3.640967e-01 144200804172125430      22882      15665     0 2454574.394664  1.108052e+01  1.069423e-02  1.108052e+01  1.069423e-02 
  135552537   3.617673e+01   3.673386e-01   3.617673e+01   3.673386e-01 144200804172126210      22885      15661     0 2454574.395104  1.110393e+01  1.102460e-02  1.110393e+01  1.102460e-02 
  135552598   3.269172e+01   2.553612e-01   3.269172e+01   2.553612e-01 143200804172127210      17178      10515     0 2454574.395810  1.121391e+01  8.480921e-03  1.121391e+01  8.480921e-03 
  135552636   3.316924e+01   2.548717e-01   3.316924e+01   2.548717e-01 143200804172128000      17175      10520     0 2454574.396250  1.119816e+01  8.342803e-03  1.119816e+01  8.342803e-03 
  135553071   3.617472e+01   3.646404e-01   3.617472e+01   3.646404e-01 144200804172135140      22951      15545     0 2454574.401285  1.110399e+01  1.094424e-02  1.110399e+01  1.094424e-02 
  135553109   3.665658e+01   3.667616e-01   3.665658e+01   3.667616e-01 144200804172135530      22953      15541     0 2454574.401725  1.108962e+01  1.086320e-02  1.108962e+01  1.086320e-02 
  135553166   3.320528e+01   2.527849e-01   3.320528e+01   2.527849e-01 143200804172136490      17124      10649     0 2454574.402384  1.119698e+01  8.265513e-03  1.119698e+01  8.265513e-03 
  135553203   3.305956e+01   2.488398e-01   3.305956e+01   2.488398e-01 143200804172137270      17121      10654     0 2454574.402813  1.120176e+01  8.172380e-03  1.120176e+01  8.172380e-03 
  135553733   3.431965e+01   3.646415e-01   3.431965e+01   3.646415e-01 144200804172146160      23011      15496     0 2454574.408947  1.116114e+01  1.153584e-02  1.116114e+01  1.153584e-02 
  135553771   3.513567e+01   3.629069e-01   3.513567e+01   3.629069e-01 144200804172146550      23033      15466     0 2454574.409387  1.113563e+01  1.121432e-02  1.113563e+01  1.121432e-02 
  135553825   3.317503e+01   2.489015e-01   3.317503e+01   2.489015e-01 143200804172147490      17051      10739     0 2454574.410012  1.119797e+01  8.145954e-03  1.119797e+01  8.145954e-03 
  135553865   3.260684e+01   2.486922e-01   3.260684e+01   2.486922e-01 143200804172148280      17046      10744     0 2454574.410475  1.121673e+01  8.280934e-03  1.121673e+01  8.280934e-03 
  135554295   3.409697e+01   3.590721e-01   3.409697e+01   3.590721e-01 144200804172155380      23081      15380     0 2454574.415451  1.116821e+01  1.143383e-02  1.116821e+01  1.143383e-02 
  135554333   3.353370e+01   3.521415e-01   3.353370e+01   3.521415e-01 144200804172156160      23086      15374     0 2454574.415891  1.118630e+01  1.140149e-02  1.118630e+01  1.140149e-02 
  135554389   3.278296e+01   2.436560e-01   3.278296e+01   2.436560e-01 143200804172157130      16988      10863     0 2454574.416539  1.121088e+01  8.069652e-03  1.121088e+01  8.069652e-03 
  135554427   3.275949e+01   2.457305e-01   3.275949e+01   2.457305e-01 143200804172157510      16983      10867     0 2454574.416979  1.121166e+01  8.144186e-03  1.121166e+01  8.144186e-03 
  135554863   3.397521e+01   3.556952e-01   3.397521e+01   3.556952e-01 144200804172205070      23159      15324     0 2454574.422025  1.117209e+01  1.136689e-02  1.117209e+01  1.136689e-02 
  135554901   3.356661e+01   3.553048e-01   3.356661e+01   3.553048e-01 144200804172205450      23164      15321     0 2454574.422465  1.118523e+01  1.149263e-02  1.118523e+01  1.149263e-02 
  135554957   3.324809e+01   2.412437e-01   3.324809e+01   2.412437e-01 143200804172206400      16915      10941     0 2454574.423113  1.119558e+01  7.877985e-03  1.119558e+01  7.877985e-03 
  135554994   3.320165e+01   2.396093e-01   3.320165e+01   2.396093e-01 143200804172207180      16911      10946     0 2454574.423542  1.119710e+01  7.835557e-03  1.119710e+01  7.835557e-03 
  135555428   3.365052e+01   3.518556e-01   3.365052e+01   3.518556e-01 144200804172214320      23242      15271     0 2454574.428565  1.118252e+01  1.135268e-02  1.118252e+01  1.135268e-02 
  135555468   3.345684e+01   3.445662e-01   3.345684e+01   3.445662e-01 144200804172215110      23248      15267     0 2454574.429028  1.118879e+01  1.118185e-02  1.118879e+01  1.118185e-02 
  135555519   3.338717e+01   2.386412e-01   3.338717e+01   2.386412e-01 143200804172216020      16834      11011     0 2454574.429618  1.119105e+01  7.760536e-03  1.119105e+01  7.760536e-03 
  135555557   3.313103e+01   2.398575e-01   3.313103e+01   2.398575e-01 143200804172216410      16830      11015     0 2454574.430058  1.119941e+01  7.860390e-03  1.119941e+01  7.860390e-03 
  135555906   3.247364e+01   3.464434e-01   3.247364e+01   3.464434e-01 144200804172222300      23313      15171     0 2454574.434097  1.122117e+01  1.158316e-02  1.122117e+01  1.158316e-02 
  135555946   3.224152e+01   3.479451e-01   3.224152e+01   3.479451e-01 144200804172223090      23318      15168     0 2454574.434560  1.122896e+01  1.171713e-02  1.122896e+01  1.171713e-02 
  135556003   3.321031e+01   2.393345e-01   3.321031e+01   2.393345e-01 143200804172224070      16774      11121     0 2454574.435220  1.119682e+01  7.824530e-03  1.119682e+01  7.824530e-03 
  135556043   3.292993e+01   2.381973e-01   3.292993e+01   2.381973e-01 143200804172224460      16770      11125     0 2454574.435683  1.120602e+01  7.853655e-03  1.120602e+01  7.853655e-03 
  135556384   3.339571e+01   3.497362e-01   3.339571e+01   3.497362e-01 144200804172230270      23385      15127     0 2454574.439630  1.119077e+01  1.137040e-02  1.119077e+01  1.137040e-02 
  135556422   3.270082e+01   3.470312e-01   3.270082e+01   3.470312e-01 144200804172231060      23390      15124     0 2454574.440069  1.121360e+01  1.152221e-02  1.121360e+01  1.152221e-02 
  135556474   3.279339e+01   2.386159e-01   3.279339e+01   2.386159e-01 143200804172231580      16703      11176     0 2454574.440671  1.121053e+01  7.900216e-03  1.121053e+01  7.900216e-03 
  135556513   3.234855e+01   2.384632e-01   3.234855e+01   2.384632e-01 143200804172232360      16698      11180     0 2454574.441123  1.122536e+01  8.003729e-03  1.122536e+01  8.003729e-03 
  135556949   3.292278e+01   3.479810e-01   3.292278e+01   3.479810e-01 144200804172239530      23483      15025     0 2454574.446169  1.120626e+01  1.147585e-02  1.120626e+01  1.147585e-02 
  135557044   3.258531e+01   2.388728e-01   3.258531e+01   2.388728e-01 143200804172241270      16614      11291     0 2454574.447269  1.121745e+01  7.959223e-03  1.121745e+01  7.959223e-03 
  135557082   3.259591e+01   2.349953e-01   3.259591e+01   2.349953e-01 143200804172242060      16609      11296     0 2454574.447708  1.121709e+01  7.827478e-03  1.121709e+01  7.827478e-03 
  135557423   3.465149e+01   3.489057e-01   3.465149e+01   3.489057e-01 144200804172247460      23562      15019     0 2454574.451655  1.115069e+01  1.093231e-02  1.115069e+01  1.093231e-02 
  135557520   3.285757e+01   2.354390e-01   3.285757e+01   2.354390e-01 143200804172249240      16547      11280     0 2454574.452778  1.120841e+01  7.779806e-03  1.120841e+01  7.779806e-03 
  135557558   3.298288e+01   2.362056e-01   3.298288e+01   2.362056e-01 143200804172250020      16543      11285     0 2454574.453218  1.120428e+01  7.775486e-03  1.120428e+01  7.775486e-03 
  135557898   3.455322e+01   3.441222e-01   3.455322e+01   3.441222e-01 144200804172255410      23646      14931     0 2454574.457153  1.115378e+01  1.081309e-02  1.115378e+01  1.081309e-02 
  135557936   3.425505e+01   3.442395e-01   3.425505e+01   3.442395e-01 144200804172256200      23654      14928     0 2454574.457593  1.116319e+01  1.091094e-02  1.116319e+01  1.091094e-02 
  135557992   3.283730e+01   2.325910e-01   3.283730e+01   2.325910e-01 143200804172257150      16480      11376     0 2454574.458241  1.120908e+01  7.690443e-03  1.120908e+01  7.690443e-03 
  135558031   3.270694e+01   2.351033e-01   3.270694e+01   2.351033e-01 143200804172257540      16473      11384     0 2454574.458692  1.121340e+01  7.804492e-03  1.121340e+01  7.804492e-03 
  135558380   3.433353e+01   3.417020e-01   3.433353e+01   3.417020e-01 144200804172303430      23725      14897     0 2454574.462731  1.116070e+01  1.080575e-02  1.116070e+01  1.080575e-02 
  135558418   3.473922e+01   3.422095e-01   3.473922e+01   3.422095e-01 144200804172304210      23731      14895     0 2454574.463171  1.114795e+01  1.069542e-02  1.114795e+01  1.069542e-02 
  135558472   3.331824e+01   2.362505e-01   3.331824e+01   2.362505e-01 143200804172305150      16404      11417     0 2454574.463796  1.119329e+01  7.698684e-03  1.119329e+01  7.698684e-03 
  135558510   3.290850e+01   2.360680e-01   3.290850e+01   2.360680e-01 143200804172305540      16393      11426     0 2454574.464236  1.120673e+01  7.788519e-03  1.120673e+01  7.788519e-03 
  135558853   3.513621e+01   3.435878e-01   3.513621e+01   3.435878e-01 144200804172311360      23807      14868     0 2454574.468206  1.113561e+01  1.061717e-02  1.113561e+01  1.061717e-02 
  135558891   3.472427e+01   3.470218e-01   3.472427e+01   3.470218e-01 144200804172312150      23813      14866     0 2454574.468646  1.114842e+01  1.085049e-02  1.114842e+01  1.085049e-02 
  135558948   3.285009e+01   2.335128e-01   3.285009e+01   2.335128e-01 143200804172313110      16323      11456     0 2454574.469306  1.120866e+01  7.717916e-03  1.120866e+01  7.717916e-03 
  135558985   3.293871e+01   2.360868e-01   3.293871e+01   2.360868e-01 143200804172313490      16313      11465     0 2454574.469734  1.120573e+01  7.781995e-03  1.120573e+01  7.781995e-03 
  135559232   3.386512e+01   3.454549e-01   3.386512e+01   3.454549e-01 144200804172317550      23868      14848     0 2454574.472593  1.117562e+01  1.107553e-02  1.117562e+01  1.107553e-02 
  135559270   3.416574e+01   3.454591e-01   3.416574e+01   3.454591e-01 144200804172318340      23874      14846     0 2454574.473032  1.116602e+01  1.097821e-02  1.116602e+01  1.097821e-02 
  135559330   3.311952e+01   2.365036e-01   3.311952e+01   2.365036e-01 143200804172319340      16248      11449     0 2454574.473727  1.119979e+01  7.753175e-03  1.119979e+01  7.753175e-03 
  135559370   3.249780e+01   2.333035e-01   3.249780e+01   2.333035e-01 143200804172320130      16241      11454     0 2454574.474190  1.122037e+01  7.794590e-03  1.122037e+01  7.794590e-03 
  135559713   3.398510e+01   3.491856e-01   3.398510e+01   3.491856e-01 144200804172325570      23942      14878     0 2454574.478160  1.117178e+01  1.115562e-02  1.117178e+01  1.115562e-02 
  135559751   3.404846e+01   3.442182e-01   3.404846e+01   3.442182e-01 144200804172326350      23951      14876     0 2454574.478600  1.116976e+01  1.097646e-02  1.116976e+01  1.097646e-02 
  135559810   3.337072e+01   2.358465e-01   3.337072e+01   2.358465e-01 143200804172327340      16170      11474     0 2454574.479282  1.119159e+01  7.673433e-03  1.119159e+01  7.673433e-03 
  135559848   3.269212e+01   2.355193e-01   3.269212e+01   2.355193e-01 143200804172328130      16162      11480     0 2454574.479722  1.121389e+01  7.821846e-03  1.121389e+01  7.821846e-03 
  135560197   3.479962e+01   3.462975e-01   3.479962e+01   3.462975e-01 144200804172334020      24027      14851     0 2454574.483762  1.114606e+01  1.080440e-02  1.114606e+01  1.080440e-02 
  135560237   3.458127e+01   3.457287e-01   3.458127e+01   3.457287e-01 144200804172334410      24035      14850     0 2454574.484225  1.115290e+01  1.085476e-02  1.115290e+01  1.085476e-02 
  135560291   3.281023e+01   2.354269e-01   3.281023e+01   2.354269e-01 143200804172335350      16085      11509     0 2454574.484850  1.120998e+01  7.790633e-03  1.120998e+01  7.790633e-03 
  135560329   3.262196e+01   2.349941e-01   3.262196e+01   2.349941e-01 143200804172336130      16077      11514     0 2454574.485289  1.121622e+01  7.821190e-03  1.121622e+01  7.821190e-03 
  135560767   3.492122e+01   3.489758e-01   3.492122e+01   3.489758e-01 144200804172343320      24126      14876     0 2454574.490359  1.114228e+01  1.085005e-02  1.114228e+01  1.085005e-02 
  135560807   3.418843e+01   3.509612e-01   3.418843e+01   3.509612e-01 144200804172344110      24132      14875     0 2454574.490822  1.116530e+01  1.114566e-02  1.116530e+01  1.114566e-02 
  135636301   3.978181e+01   4.805489e-01   3.978181e+01   4.805489e-01 144200804182042310      22789      14795     0 2454575.364595  1.100079e+01  1.311532e-02  1.100079e+01  1.311532e-02 
  135637081   3.802641e+01   4.651127e-01   3.802641e+01   4.651127e-01 144200804182055310      22853      14695     0 2454575.373623  1.104979e+01  1.328002e-02  1.104979e+01  1.328002e-02 
  135638080   3.645083e+01   4.588217e-01   3.645083e+01   4.588217e-01 144200804182112090      22958      14571     0 2454575.385185  1.109573e+01  1.366666e-02  1.109573e+01  1.366666e-02 
  135638118   3.655005e+01   4.632150e-01   3.655005e+01   4.632150e-01 144200804182112470      22961      14567     0 2454575.385625  1.109278e+01  1.376007e-02  1.109278e+01  1.376007e-02 
  135638935   3.672824e+01   4.691279e-01   3.672824e+01   4.691279e-01 144200804182126240      23067      14362     0 2454575.395081  1.108750e+01  1.386810e-02  1.108750e+01  1.386810e-02 
  135638973   3.564574e+01   4.676656e-01   3.564574e+01   4.676656e-01 144200804182127030      23070      14359     0 2454575.395521  1.111998e+01  1.424471e-02  1.111998e+01  1.424471e-02 
  135639032   3.253282e+01   2.772355e-01   3.253282e+01   2.772355e-01 143200804182128010      17267      11849     0 2454575.396204  1.121920e+01  9.252368e-03  1.121920e+01  9.252368e-03 
  135639070   3.292381e+01   2.725387e-01   3.292381e+01   2.725387e-01 143200804182128400      17263      11854     0 2454575.396644  1.120623e+01  8.987605e-03  1.120623e+01  8.987605e-03 
  135639882   3.425840e+01   4.616230e-01   3.425840e+01   4.616230e-01 144200804182142120      23182      14218     0 2454575.406042  1.116308e+01  1.463006e-02  1.116308e+01  1.463006e-02 
  135639920   3.443721e+01   4.641132e-01   3.443721e+01   4.641132e-01 144200804182142500      23192      14207     0 2454575.406481  1.115743e+01  1.463261e-02  1.115743e+01  1.463261e-02 
  135639974   3.313299e+01   2.745495e-01   3.313299e+01   2.745495e-01 143200804182143440      17160      12032     0 2454575.407106  1.119935e+01  8.996756e-03  1.119935e+01  8.996756e-03 
  135640014   3.266906e+01   2.743304e-01   3.266906e+01   2.743304e-01 143200804182144230      17155      12036     0 2454575.407569  1.121466e+01  9.117235e-03  1.121466e+01  9.117235e-03 
  135640726   3.249636e+01   4.621345e-01   3.249636e+01   4.621345e-01 144200804182156150      23283      14139     0 2454575.415810  1.122041e+01  1.544043e-02  1.122041e+01  1.544043e-02 
  135640764   3.266930e+01   4.621915e-01   3.266930e+01   4.621915e-01 144200804182156530      23287      14136     0 2454575.416250  1.121465e+01  1.536059e-02  1.121465e+01  1.536059e-02 
  135640816   3.270612e+01   2.705259e-01   3.270612e+01   2.705259e-01 143200804182157460      17054      12142     0 2454575.416852  1.121343e+01  8.980608e-03  1.121343e+01  8.980608e-03 
  135640853   3.278032e+01   2.732737e-01   3.278032e+01   2.732737e-01 143200804182158230      17051      12146     0 2454575.417280  1.121097e+01  9.051292e-03  1.121097e+01  9.051292e-03 
  135641561   3.124364e+01   4.593980e-01   3.124364e+01   4.593980e-01 144200804182210110      23403      14060     0 2454575.425475  1.126310e+01  1.596443e-02  1.126310e+01  1.596443e-02 
  135641601   3.172285e+01   4.591643e-01   3.172285e+01   4.591643e-01 144200804182210500      23407      14057     0 2454575.425937  1.124657e+01  1.571527e-02  1.124657e+01  1.571527e-02 
  135641658   3.245651e+01   2.720332e-01   3.245651e+01   2.720332e-01 143200804182211480      16934      12246     0 2454575.426597  1.122175e+01  9.100094e-03  1.122175e+01  9.100094e-03 
  135641697   3.257103e+01   2.711402e-01   3.257103e+01   2.711402e-01 143200804182212260      16931      12250     0 2454575.427049  1.121792e+01  9.038332e-03  1.121792e+01  9.038332e-03 
  135642222   3.183276e+01   4.581957e-01   3.183276e+01   4.581957e-01 144200804182221110      23503      13946     0 2454575.433125  1.124281e+01  1.562797e-02  1.124281e+01  1.562797e-02 
  135642260   3.167934e+01   4.629823e-01   3.167934e+01   4.629823e-01 144200804182221500      23508      13944     0 2454575.433565  1.124806e+01  1.586770e-02  1.124806e+01  1.586770e-02 
  135642316   3.303608e+01   2.705448e-01   3.303608e+01   2.705448e-01 143200804182222460      16848      12374     0 2454575.434213  1.120253e+01  8.891530e-03  1.120253e+01  8.891530e-03 
  135642354   3.267315e+01   2.706505e-01   3.267315e+01   2.706505e-01 143200804182223240      16842      12379     0 2454575.434653  1.121452e+01  8.993810e-03  1.121452e+01  8.993810e-03 
  135642878   3.170265e+01   4.549312e-01   3.170265e+01   4.549312e-01 144200804182232080      23613      13840     0 2454575.440718  1.124726e+01  1.558031e-02  1.124726e+01  1.558031e-02 
  135642916   3.169258e+01   4.567948e-01   3.169258e+01   4.567948e-01 144200804182232450      23619      13837     0 2454575.441157  1.124761e+01  1.564910e-02  1.124761e+01  1.564910e-02 
  135642977   3.253658e+01   2.684641e-01   3.253658e+01   2.684641e-01 143200804182233460      16750      12500     0 2454575.441863  1.121907e+01  8.958600e-03  1.121907e+01  8.958600e-03 
  135643015   3.262664e+01   2.705464e-01   3.262664e+01   2.705464e-01 143200804182234240      16746      12504     0 2454575.442303  1.121607e+01  9.003165e-03  1.121607e+01  9.003165e-03 
  135643543   3.116923e+01   4.620278e-01   3.116923e+01   4.620278e-01 144200804182243130      23717      13728     0 2454575.448414  1.126569e+01  1.609415e-02  1.126569e+01  1.609415e-02 
  135643582   3.110725e+01   4.628673e-01   3.110725e+01   4.628673e-01 144200804182243510      23723      13725     0 2454575.448866  1.126785e+01  1.615551e-02  1.126785e+01  1.615551e-02 
  135643642   3.319941e+01   2.705514e-01   3.319941e+01   2.705514e-01 143200804182244510      16650      12617     0 2454575.449560  1.119717e+01  8.848001e-03  1.119717e+01  8.848001e-03 
  135643680   3.302974e+01   2.697195e-01   3.302974e+01   2.697195e-01 143200804182245300      16645      12622     0 2454575.450000  1.120274e+01  8.866108e-03  1.120274e+01  8.866108e-03 
  135644212   3.129144e+01   4.633776e-01   3.129144e+01   4.633776e-01 144200804182254220      23826      13677     0 2454575.456157  1.126144e+01  1.607812e-02  1.126144e+01  1.607812e-02 
  135644252   3.017650e+01   4.705886e-01   3.017650e+01   4.705886e-01 144200804182255010      23832      13675     0 2454575.456620  1.130083e+01  1.693161e-02  1.130083e+01  1.693161e-02 
  135644307   3.322901e+01   2.726093e-01   3.322901e+01   2.726093e-01 143200804182255570      16547      12676     0 2454575.457257  1.119621e+01  8.907362e-03  1.119621e+01  8.907362e-03 
  135644347   3.289558e+01   2.733661e-01   3.289558e+01   2.733661e-01 143200804182256360      16536      12685     0 2454575.457720  1.120716e+01  9.022623e-03  1.120716e+01  9.022623e-03 
  135644874   3.048940e+01   4.657740e-01   3.048940e+01   4.657740e-01 144200804182305240      23939      13631     0 2454575.463819  1.128963e+01  1.658640e-02  1.128963e+01  1.658640e-02 
  135644914   3.113831e+01   4.697789e-01   3.113831e+01   4.697789e-01 144200804182306030      23946      13630     0 2454575.464282  1.126676e+01  1.638039e-02  1.126676e+01  1.638039e-02 
  135644970   3.336223e+01   2.734072e-01   3.336223e+01   2.734072e-01 143200804182306590      16438      12731     0 2454575.464931  1.119186e+01  8.897759e-03  1.119186e+01  8.897759e-03 
  135645008   3.337874e+01   2.717868e-01   3.337874e+01   2.717868e-01 143200804182307380      16428      12740     0 2454575.465370  1.119133e+01  8.840651e-03  1.119133e+01  8.840651e-03 
  135645546   3.132864e+01   4.700565e-01   3.132864e+01   4.700565e-01 144200804182316360      24071      13539     0 2454575.471597  1.126015e+01  1.629050e-02  1.126015e+01  1.629050e-02 
  135645586   3.113337e+01   4.605902e-01   3.113337e+01   4.605902e-01 144200804182317150      24079      13537     0 2454575.472060  1.126693e+01  1.606255e-02  1.126693e+01  1.606255e-02 
  135645643   3.302321e+01   2.714857e-01   3.302321e+01   2.714857e-01 143200804182318120      16322      12838     0 2454575.472720  1.120295e+01  8.925931e-03  1.120295e+01  8.925931e-03 
  135645680   3.280612e+01   2.715258e-01   3.280612e+01   2.715258e-01 143200804182318500      16312      12845     0 2454575.473148  1.121011e+01  8.986324e-03  1.121011e+01  8.986324e-03 
  135646119   3.021777e+01   4.688182e-01   3.021777e+01   4.688182e-01 144200804182326080      24171      13506     0 2454575.478229  1.129934e+01  1.684488e-02  1.129934e+01  1.684488e-02 
  135646156   2.992782e+01   4.647634e-01   2.992782e+01   4.647634e-01 144200804182326460      24179      13504     0 2454575.478657  1.130981e+01  1.686098e-02  1.130981e+01  1.686098e-02 
  135646213   3.341868e+01   2.702985e-01   3.341868e+01   2.702985e-01 143200804182327430      16219      12881     0 2454575.479317  1.119003e+01  8.781732e-03  1.119003e+01  8.781732e-03 
  135646253   3.288106e+01   2.723741e-01   3.288106e+01   2.723741e-01 143200804182328220      16211      12886     0 2454575.479780  1.120764e+01  8.993853e-03  1.120764e+01  8.993853e-03 
  135646694   2.987749e+01   4.721169e-01   2.987749e+01   4.721169e-01 144200804182335430      24261      13484     0 2454575.484884  1.131164e+01  1.715660e-02  1.131164e+01  1.715660e-02 
  135646734   3.128526e+01   4.707315e-01   3.128526e+01   4.707315e-01 144200804182336230      24268      13483     0 2454575.485347  1.126165e+01  1.633651e-02  1.126165e+01  1.633651e-02 
  135646826   3.207521e+01   4.747306e-01   3.207521e+01   4.747306e-01 143200804182337550      16138      13192     0 2454575.486412  1.123458e+01  1.606954e-02  1.123458e+01  1.606954e-02 
  137114454   3.065074e+01   2.948132e-01   3.065074e+01   2.948132e-01 144200805052320070      22518      16858     0 2454592.472847  1.128390e+01  1.044316e-02  1.128390e+01  1.044316e-02 
  137114492   3.182027e+01   2.997650e-01   3.182027e+01   2.997650e-01 144200805052320460      22521      16866     0 2454592.473287  1.124324e+01  1.022829e-02  1.124324e+01  1.022829e-02 
  137115519   2.996515e+01   1.131330e+00   2.996515e+01   1.131330e+00 144200805052337520      22587      16932     0 2454592.485174  1.130846e+01  4.099195e-02  1.130846e+01  4.099195e-02 
  137115557   3.153284e+01   1.123206e+00   3.153284e+01   1.123206e+00 144200805052338310      22591      16935     0 2454592.485613  1.125309e+01  3.867428e-02  1.125309e+01  3.867428e-02 
  137116656   3.221650e+01   6.443579e-01   3.221650e+01   6.443579e-01 144200805052356490      22715      16988     0 2454592.498333  1.122980e+01  2.171574e-02  1.122980e+01  2.171574e-02 
  137117146   3.342350e+01   9.654438e-01   3.342350e+01   9.654438e-01 144200805060004590      22748      17027     0 2454592.504005  1.118987e+01  3.136180e-02  1.118987e+01  3.136180e-02 
  137117184   3.290608e+01   1.039591e+00   3.290608e+01   1.039591e+00 144200805060005380      22753      17030     0 2454592.504444  1.120681e+01  3.430143e-02  1.120681e+01  3.430143e-02 
  138143626   3.275909e+01   2.298792e-01   3.275909e+01   2.298792e-01 143200805172114140      16994      10007     0 2454604.384560  1.121167e+01  7.618925e-03  1.121167e+01  7.618925e-03 
  138143666   3.259354e+01   2.280132e-01   3.259354e+01   2.280132e-01 143200805172114530      16991      10011     0 2454604.385023  1.121717e+01  7.595464e-03  1.121717e+01  7.595464e-03 
  138144368   3.233865e+01   3.338617e-01   3.233865e+01   3.338617e-01 144200805172126350      22249      16733     0 2454604.393148  1.122570e+01  1.120910e-02  1.122570e+01  1.120910e-02 
  138144406   3.247818e+01   3.318200e-01   3.247818e+01   3.318200e-01 144200805172127130      22251      16735     0 2454604.393588  1.122102e+01  1.109268e-02  1.122102e+01  1.109268e-02 
  138144458   3.290335e+01   2.299113e-01   3.290335e+01   2.299113e-01 143200805172128060      16985       9990     0 2454604.394190  1.120690e+01  7.586580e-03  1.120690e+01  7.586580e-03 
  138144497   3.302769e+01   2.294121e-01   3.302769e+01   2.294121e-01 143200805172128440      16983       9992     0 2454604.394641  1.120280e+01  7.541610e-03  1.120280e+01  7.541610e-03 
  138145009   3.150804e+01   3.375696e-01   3.150804e+01   3.375696e-01 144200805172137170      22259      16757     0 2454604.400567  1.125395e+01  1.163236e-02  1.125395e+01  1.163236e-02 
  138145049   3.150099e+01   3.377296e-01   3.150099e+01   3.377296e-01 144200805172137560      22261      16757     0 2454604.401030  1.125419e+01  1.164048e-02  1.125419e+01  1.164048e-02 
  138145100   3.310425e+01   2.291310e-01   3.310425e+01   2.291310e-01 143200805172138480      16978       9968     0 2454604.401620  1.120029e+01  7.514947e-03  1.120029e+01  7.514947e-03 
  138145140   3.301751e+01   2.288986e-01   3.301751e+01   2.288986e-01 143200805172139270      16976       9969     0 2454604.402083  1.120314e+01  7.527048e-03  1.120314e+01  7.527048e-03 
  138145748   3.104981e+01   3.421676e-01   3.104981e+01   3.421676e-01 144200805172149350      22290      16774     0 2454604.409120  1.126985e+01  1.196481e-02  1.126985e+01  1.196481e-02 
  138145786   3.140215e+01   3.437134e-01   3.140215e+01   3.437134e-01 144200805172150130      22293      16775     0 2454604.409560  1.125760e+01  1.188401e-02  1.125760e+01  1.188401e-02 
  138145839   3.340575e+01   2.362572e-01   3.340575e+01   2.362572e-01 143200805172151060      16953       9947     0 2454604.410174  1.119045e+01  7.678733e-03  1.119045e+01  7.678733e-03 
  138145875   3.334153e+01   2.358787e-01   3.334153e+01   2.358787e-01 143200805172151430      16951       9947     0 2454604.410590  1.119254e+01  7.681198e-03  1.119254e+01  7.681198e-03 
  138146480   3.094869e+01   3.496913e-01   3.094869e+01   3.496913e-01 144200805172201480      22337      16796     0 2454604.417593  1.127339e+01  1.226785e-02  1.127339e+01  1.226785e-02 
  138146518   3.005198e+01   3.527101e-01   3.005198e+01   3.527101e-01 144200805172202260      22342      16798     0 2454604.418032  1.130532e+01  1.274297e-02  1.130532e+01  1.274297e-02 
  138146571   3.304844e+01   2.393474e-01   3.304844e+01   2.393474e-01 143200805172203190      16915       9917     0 2454604.418646  1.120212e+01  7.863279e-03  1.120212e+01  7.863279e-03 
  138146609   3.269617e+01   2.388185e-01   3.269617e+01   2.388185e-01 143200805172203570      16912       9917     0 2454604.419086  1.121376e+01  7.930435e-03  1.121376e+01  7.930435e-03 
