\OBJNAME = '1SWASP J194052.20+395436.0'
\OBSSTART = '2007-05-10T02:19:07'
\OBSSTOP = '2007-07-14T21:28:05'
\TSTART = 105848397
\TSTOP = 111533540
\JD_REF = 2453005.5
\RA_OBJ = '295.217514'
\DEC_OBJ = '39.910003'
\WASP_MAG = 11.94403
\HJD_START = 2454230.597187
\HJD_STOP = 2454296.397454
\fixlen = T
\NUMRECORDS = 54
\
\ This file was produced by the NASA Exoplanet Archive  http://exoplanetarchive.ipac.caltech.edu 
\ Thu Sep 12, 03:15:20 2013
\ Documentation for the SuperWASP dataset can be found at http://exoplanetarchive.ipac.caltech.edu/docs/SuperWASPMission.html
\
|TMID      |FLUX2         |FLUX2_ERR     |TAMFLUX2      |TAMFLUX2_ERR  |IMAGEID           |CCDX      |CCDY      |FLAG |           HJD|         MAG2|     MAG2_ERR|      TAMMAG2|  TAMMAG2_ERR|
|int       |float         |float         |float         |float         |char              |int       |int       |int  |        double|        float|        float|        float|        float|
|sec       |micro Vega    |micro Vega    |micro Vega    |micro Vega    |                  |1/16 pixel|1/16 pixel|     |           day|          mag|          mag|          mag|          mag|
|null      |null          |null          |null          |null          |null              |null      |null      |null |          null|         null|         null|         null|         null|
  105848397   1.575664e+01   1.797882e-01   1.718366e+01   2.129420e-01 142200705100219070      16917        126    32 2454230.597187  1.200634e+01  1.238863e-02  1.191221e+01  1.345462e-02 
  105848437   1.604856e+01   1.800151e-01   1.751593e+01   2.184188e-01 142200705100219460      16917        123    32 2454230.597650  1.198641e+01  1.217864e-02  1.189142e+01  1.353888e-02 
  107311132   1.624342e+01   2.776126e-01   1.755956e+01   4.465821e-01 142200705270036520      17466        117    32 2454247.526991  1.197331e+01  1.855613e-02  1.188872e+01  2.761299e-02 
  107483463   1.576473e+01   3.051106e-01   1.712961e+01   5.196832e-01 142200705290028550      17412        354    32 2454249.521562  1.200578e+01  2.101341e-02  1.191563e+01  3.293950e-02 
  107483503   1.628595e+01   3.046345e-01   1.768860e+01   5.678023e-01 142200705290029350      17411        347    32 2454249.522025  1.197047e+01  2.030915e-02  1.188077e+01  3.485214e-02 
  107484138   1.639154e+01   2.985756e-01   1.779173e+01   5.894290e-01 142200705290040100      17402        279    32 2454249.529375  1.196345e+01  1.977700e-02  1.187445e+01  3.596989e-02 
  107484176   1.602653e+01   2.967784e-01   1.739962e+01   5.757297e-01 142200705290040480      17401        279    32 2454249.529815  1.198790e+01  2.010567e-02  1.189865e+01  3.592566e-02 
  107484910   1.640304e+01   3.063043e-01   1.780206e+01   6.228095e-01 142200705290053030      17395        201    32 2454249.538310  1.196269e+01  2.027471e-02  1.187382e+01  3.798487e-02 
  107484948   1.560705e+01   3.042288e-01   1.695407e+01   6.055666e-01 142200705290053410      17395        195    32 2454249.538750  1.201670e+01  2.116437e-02  1.192682e+01  3.878054e-02 
  107568816   1.563760e+01   3.435587e-01   1.719584e+01   3.668695e-01 142200705300011250      17430        379    32 2454250.509444  1.201458e+01  2.385376e-02  1.191144e+01  2.316403e-02 
  107568856   1.600316e+01   3.460977e-01   1.761120e+01   3.788428e-01 142200705300012040      17429        372    32 2454250.509907  1.198949e+01  2.348112e-02  1.188553e+01  2.335587e-02 
  107569800   1.574993e+01   3.324763e-01   1.730787e+01   3.700033e-01 142200705300027480      17398        341    32 2454250.520833  1.200680e+01  2.291965e-02  1.190439e+01  2.321068e-02 
  107569838   1.567043e+01   3.309860e-01   1.723717e+01   3.593374e-01 142200705300028260      17396        340    32 2454250.521273  1.201230e+01  2.293267e-02  1.190883e+01  2.263405e-02 
  107570467   1.621068e+01   3.200200e-01   1.782319e+01   3.467043e-01 142200705300038550      17387        276    32 2454250.528553  1.197550e+01  2.143393e-02  1.187254e+01  2.112028e-02 
  107570706   2.840717e+01   3.183841e-01   3.120010e+01   4.068052e-01 142200705300042550      17382        249    32 2454250.531319  1.136643e+01  1.216884e-02  1.126461e+01  1.415652e-02 
  107571433   1.541527e+01   3.219601e-01   1.693716e+01   3.514953e-01 142200705300055010      17380        169    32 2454250.539734  1.203012e+01  2.267653e-02  1.192790e+01  2.253226e-02 
  107571471   1.623212e+01   3.208624e-01   1.783389e+01   3.504693e-01 142200705300055400      17380        168    32 2454250.540174  1.197406e+01  2.146197e-02  1.187188e+01  2.133682e-02 
  107654948   1.608913e+01   3.576088e-01   1.762077e+01   3.798782e-01 142200705310006520      17445        317    32 2454251.506343  1.198367e+01  2.413245e-02  1.188494e+01  2.340698e-02 
  107654986   1.606109e+01   3.591057e-01   1.760159e+01   3.800109e-01 142200705310007310      17443        313    32 2454251.506782  1.198556e+01  2.427577e-02  1.188612e+01  2.344067e-02 
  107655876   3.322306e+01   3.464456e-01   3.646535e+01   4.058491e-01 142200705310022210      17423        218    32 2454251.517083  1.119640e+01  1.132195e-02  1.109530e+01  1.208398e-02 
  107655916   3.011210e+01   3.489811e-01   3.301400e+01   4.121270e-01 142200705310023000      17422        211    32 2454251.517546  1.130315e+01  1.258307e-02  1.120325e+01  1.355373e-02 
  107656822   1.596780e+01   3.473372e-01   1.750081e+01   3.651093e-01 142200705310038060      17409        116    32 2454251.528032  1.199189e+01  2.361739e-02  1.189235e+01  2.265117e-02 
  107656860   1.618218e+01   3.457571e-01   1.773158e+01   3.640683e-01 142200705310038440      17408        116    32 2454251.528472  1.197741e+01  2.319851e-02  1.187813e+01  2.229263e-02 
  107741463   1.597466e+01   4.007791e-01   1.751472e+01   4.108611e-01 142200706010008440      17465        146    32 2454252.507674  1.199142e+01  2.723950e-02  1.189149e+01  2.546935e-02 
  107741503   1.538145e+01   4.026108e-01   1.686875e+01   4.098060e-01 142200706010009230      17465        138    32 2454252.508137  1.203251e+01  2.841935e-02  1.193229e+01  2.637675e-02 
  108087305   1.580875e+01   2.285351e-01   1.742806e+01   3.038441e-01 142200706050012310      17411        138    32 2454256.510475  1.200276e+01  1.569572e-02  1.189688e+01  1.892900e-02 
  109466518   1.578193e+01   1.713430e-01   1.726834e+01   1.915117e-01 142200706202318330      17412        121    32 2454272.473588  1.200460e+01  1.178779e-02  1.190687e+01  1.204122e-02 
  109896212   1.618382e+01   2.434593e-01   1.789240e+01   2.495269e-01 142200706252239540      17427        135    32 2454277.446898  1.197730e+01  1.633320e-02  1.186833e+01  1.514170e-02 
  109896252   1.537418e+01   2.414854e-01   1.700534e+01   2.495013e-01 142200706252240330      17426        130    32 2454277.447361  1.203302e+01  1.705394e-02  1.192354e+01  1.592991e-02 
  110498932   1.575663e+01   1.753529e-01   1.729789e+01   3.081842e-01 142200707022204570      17432        409    32 2454284.422824  1.200634e+01  1.208301e-02  1.190502e+01  1.934386e-02 
  110499312   1.565415e+01   1.901069e-01   1.716833e+01   2.068136e-01 142200707022211180      17416        368    32 2454284.427222  1.201343e+01  1.318543e-02  1.191318e+01  1.307907e-02 
  110499352   1.595409e+01   1.934173e-01   1.748557e+01   2.119289e-01 142200707022211570      17414        358    32 2454284.427685  1.199282e+01  1.316283e-02  1.189330e+01  1.315940e-02 
  110499697   1.575618e+01   2.052424e-01   1.728210e+01   2.196812e-01 142200707022217430      17408        329    32 2454284.431678  1.200637e+01  1.414301e-02  1.190601e+01  1.380137e-02 
  110499736   1.592370e+01   2.062449e-01   1.747918e+01   2.209369e-01 142200707022218210      17407        326    32 2454284.432130  1.199489e+01  1.406258e-02  1.189370e+01  1.372376e-02 
  110500073   1.603639e+01   2.174499e-01   1.758304e+01   2.303440e-01 142200707022223580      17403        293    32 2454284.436030  1.198723e+01  1.472239e-02  1.188727e+01  1.422358e-02 
  110500111   1.547140e+01   2.178592e-01   1.695334e+01   2.334874e-01 142200707022224370      17402        285    32 2454284.436470  1.202618e+01  1.528875e-02  1.192686e+01  1.495320e-02 
  110500651   2.139059e+01   2.328468e-01   2.345765e+01   2.436371e-01 142200707022233360      17394        231    32 2454284.442720  1.167444e+01  1.181880e-02  1.157429e+01  1.127677e-02 
  110500689   2.195739e+01   2.321892e-01   2.408411e+01   2.435806e-01 142200707022234150      17394        225    32 2454284.443160  1.164605e+01  1.148120e-02  1.154567e+01  1.098090e-02 
  110501036   1.580239e+01   2.472229e-01   1.734685e+01   2.536374e-01 142200707022240020      17391        192    32 2454284.447176  1.200319e+01  1.698603e-02  1.190195e+01  1.587517e-02 
  110501076   1.599055e+01   2.464304e-01   1.753892e+01   2.514346e-01 142200707022240410      17391        187    32 2454284.447639  1.199034e+01  1.673234e-02  1.188999e+01  1.556496e-02 
  110501423   1.565398e+01   2.519645e-01   1.720117e+01   2.589708e-01 142200707022246280      17392        153    32 2454284.451655  1.201344e+01  1.747593e-02  1.191111e+01  1.634627e-02 
  110501461   1.591619e+01   2.511878e-01   1.748158e+01   2.560673e-01 142200707022247070      17391        148    32 2454284.452095  1.199540e+01  1.713504e-02  1.189355e+01  1.590374e-02 
  110501896   1.841509e+01   2.545498e-01   2.021707e+01   2.600648e-01 142200707022254210      17390        104    32 2454284.457130  1.183707e+01  1.500806e-02  1.173570e+01  1.396655e-02 
  110501934   1.783219e+01   2.545412e-01   1.957998e+01   2.589293e-01 142200707022255000      17390        101    32 2454284.457569  1.187199e+01  1.549813e-02  1.177047e+01  1.435802e-02 
  110587529   1.580132e+01   1.546509e-01   1.727205e+01   1.577173e-01 142200707032241330      17380        174    32 2454285.448252  1.200327e+01  1.062637e-02  1.190664e+01  9.914285e-03 
  110587567   1.558120e+01   1.565673e-01   1.703464e+01   1.595149e-01 142200707032242100      17380        170    32 2454285.448692  1.201850e+01  1.091003e-02  1.192167e+01  1.016704e-02 
  110588013   1.553136e+01   1.739009e-01   1.696454e+01   1.759572e-01 142200707032249370      17381        118    32 2454285.453854  1.202198e+01  1.215676e-02  1.192614e+01  1.126136e-02 
  110588053   1.567190e+01   1.744673e-01   1.713098e+01   1.765571e-01 142200707032250160      17380        118    32 2454285.454317  1.201220e+01  1.208699e-02  1.191554e+01  1.118997e-02 
  111532868   1.539110e+01   2.048127e-01   1.727393e+01   3.255754e-01 142200707142116530      17447        314    32 2454296.389676  1.203183e+01  1.444818e-02  1.190652e+01  2.046380e-02 
  111532906   1.523275e+01   1.986453e-01   1.709686e+01   3.253738e-01 142200707142117310      17445        309    32 2454296.390116  1.204305e+01  1.415878e-02  1.191771e+01  2.066294e-02 
  111533142   1.543333e+01   1.662125e-01   1.736628e+01   1.807011e+00 142200707142121270      17437        286    32 2454296.392847  1.202885e+01  1.169310e-02  1.190073e+01  1.129743e-01 
  111533182   1.508552e+01   1.627492e-01   1.689203e+01   3.082055e-01 142200707142122060      17435        286    32 2454296.393310  1.205360e+01  1.171344e-02  1.193080e+01  1.981000e-02 
  111533503   1.743927e+01   1.430468e-01   1.947849e+01   3.302847e-01 142200707142127270      17424        250    32 2454296.397025  1.189618e+01  8.905856e-03  1.177611e+01  1.841021e-02 
  111533540   1.698391e+01   1.408554e-01   1.894686e+01   3.148525e-01 142200707142128050      17423        244    32 2454296.397454  1.192491e+01  9.004546e-03  1.180616e+01  1.804246e-02 
