\OBJNAME = '1SWASP J201723.76+360735.9'
\OBSSTART = '2007-10-21T21:02:04'
\OBSSTOP = '2007-10-25T23:22:34'
\TSTART = 120085450
\TSTOP = 120439460
\JD_REF = 2453005.5
\RA_OBJ = '304.349019'
\DEC_OBJ = '36.12665'
\WASP_MAG = 10.66477
\HJD_START = 2454395.377894
\HJD_STOP = 2454399.475231
\fixlen = T
\NUMRECORDS = 120
\
\ This file was produced by the NASA Exoplanet Archive  http://exoplanetarchive.ipac.caltech.edu 
\ Tue Sep 17, 23:18:40 2013
\ Documentation for the SuperWASP dataset can be found at http://exoplanetarchive.ipac.caltech.edu/docs/SuperWASPMission.html
\
|TMID      |FLUX2         |FLUX2_ERR     |TAMFLUX2      |TAMFLUX2_ERR  |IMAGEID           |CCDX      |CCDY      |FLAG |           HJD|         MAG2|     MAG2_ERR|      TAMMAG2|  TAMMAG2_ERR|
|int       |float         |float         |float         |float         |char              |int       |int       |int  |        double|        float|        float|        float|        float|
|sec       |micro Vega    |micro Vega    |micro Vega    |micro Vega    |                  |1/16 pixel|1/16 pixel|     |           day|          mag|          mag|          mag|          mag|
|null      |null          |null          |null          |null          |null              |null      |null      |null |          null|         null|         null|         null|         null|
  120085450   5.871931e+01   2.540773e-01   5.839390e+01   6.043373e+00 141200710212102040      32663        395    32 2454395.377894  1.057805e+01  4.697975e-03  1.058408e+01  1.123667e-01 
  120085486   5.922237e+01   2.531771e-01   5.890599e+01   6.145841e+00 141200710212102410      32658        396    32 2454395.378310  1.056879e+01  4.641565e-03  1.057460e+01  1.132786e-01 
  120086053   5.937236e+01   2.515829e-01   5.915713e+01   6.595612e+00 141200710212112080      32558        419    32 2454395.384873  1.056604e+01  4.600686e-03  1.056998e+01  1.210525e-01 
  120086575   5.923008e+01   2.527932e-01   5.905946e+01   6.547442e+00 141200710212120500      32465        438    32 2454395.390914  1.056864e+01  4.633923e-03  1.057178e+01  1.203672e-01 
  120086615   5.909125e+01   2.541125e-01   5.890291e+01   6.666668e+00 141200710212121290      32459        440    32 2454395.391377  1.057119e+01  4.669052e-03  1.057466e+01  1.228847e-01 
  120087228   5.874894e+01   2.506587e-01   5.856416e+01   6.504874e+00 141200710212131420      32338        465    32 2454395.398472  1.057750e+01  4.632427e-03  1.058092e+01  1.205960e-01 
  120087266   5.884507e+01   2.520235e-01   5.870028e+01   6.668432e+00 141200710212132200      32331        463    32 2454395.398912  1.057572e+01  4.650041e-03  1.057840e+01  1.233416e-01 
  120087978   5.929823e+01   2.541734e-01   5.925428e+01   7.018447e+00 141200710212144130      32213        541    32 2454395.407153  1.056740e+01  4.653870e-03  1.056820e+01  1.286018e-01 
  120088018   5.958034e+01   2.523375e-01   5.950506e+01   7.098216e+00 141200710212144520      32207        542    32 2454395.407616  1.056224e+01  4.598378e-03  1.056361e+01  1.295153e-01 
  120088632   5.984781e+01   2.574223e-01   5.982178e+01   7.186513e+00 141200710212155060      32096        553    32 2454395.414722  1.055738e+01  4.670075e-03  1.055785e+01  1.304322e-01 
  120088670   5.964434e+01   2.575547e-01   5.959632e+01   7.259907e+00 141200710212155440      32088        558    32 2454395.415162  1.056108e+01  4.688415e-03  1.056195e+01  1.322627e-01 
  120089288   6.025043e+01   2.616186e-01   6.014082e+01   7.440333e+00 141200710212206030      31977        562    32 2454395.422315  1.055010e+01  4.714485e-03  1.055208e+01  1.343225e-01 
  120089326   6.003127e+01   2.596803e-01   5.997168e+01   7.406724e+00 141200710212206410      31970        561    32 2454395.422755  1.055406e+01  4.696640e-03  1.055513e+01  1.340929e-01 
  120089936   6.046290e+01   2.652625e-01   6.038753e+01   7.191088e+00 141200710212216500      31859        566    32 2454395.429815  1.054628e+01  4.763353e-03  1.054763e+01  1.292924e-01 
  120090702   6.079934e+01   2.690279e-01   6.074365e+01   7.182365e+00 141200710212229360      31723        567    32 2454395.438681  1.054025e+01  4.804237e-03  1.054125e+01  1.283786e-01 
  120090740   6.021360e+01   2.676589e-01   6.015878e+01   7.163974e+00 141200710212230140      31716        567    32 2454395.439120  1.055076e+01  4.826285e-03  1.055175e+01  1.292947e-01 
  120091566   6.118821e+01   2.676443e-01   6.112189e+01   7.175499e+00 141200710212244010      31569        560    32 2454395.448681  1.053333e+01  4.749152e-03  1.053451e+01  1.274621e-01 
  120091606   6.075404e+01   2.695788e-01   6.063027e+01   7.156219e+00 141200710212244410      31563        561    32 2454395.449144  1.054106e+01  4.817662e-03  1.054328e+01  1.281504e-01 
  120092325   6.116760e+01   2.741047e-01   6.099220e+01   7.044905e+00 141200710212256400      31435        551    32 2454395.457465  1.053370e+01  4.865427e-03  1.053681e+01  1.254084e-01 
  120092365   6.130294e+01   2.749304e-01   6.122563e+01   7.033146e+00 141200710212257190      31430        550    32 2454395.457928  1.053130e+01  4.869309e-03  1.053267e+01  1.247218e-01 
  120093091   6.183682e+01   2.776144e-01   6.172174e+01   6.999155e+00 141200710212309260      31305        539    32 2454395.466331  1.052188e+01  4.874395e-03  1.052390e+01  1.231213e-01 
  120093128   6.155057e+01   2.744786e-01   6.149334e+01   7.141540e+00 141200710212310030      31299        544    32 2454395.466759  1.052692e+01  4.841749e-03  1.052793e+01  1.260926e-01 
  120171752   5.831295e+01   2.824748e-01   5.815198e+01   4.269320e+00 141200710222100300      32649        469    32 2454396.376759  1.058559e+01  5.259452e-03  1.058859e+01  7.971134e-02 
  120171790   5.829811e+01   2.837615e-01   5.816542e+01   4.307096e+00 141200710222101090      32646        469    32 2454396.377199  1.058586e+01  5.284754e-03  1.058834e+01  8.039805e-02 
  120172317   5.888463e+01   2.783347e-01   5.869006e+01   4.629443e+00 141200710222109560      32546        496    32 2454396.383299  1.057500e+01  5.132054e-03  1.057859e+01  8.564263e-02 
  120172355   5.849421e+01   2.772743e-01   5.834293e+01   4.454783e+00 141200710222110340      32545        493    32 2454396.383738  1.058222e+01  5.146625e-03  1.058503e+01  8.290184e-02 
  120174356   5.779586e+01   2.780212e-01   5.761026e+01   4.059789e+00 141200710222143540      32178        551    32 2454396.406898  1.059526e+01  5.222843e-03  1.059875e+01  7.651198e-02 
  120174393   5.766951e+01   2.771398e-01   5.745554e+01   3.903885e+00 141200710222144320      32168        549    32 2454396.407326  1.059763e+01  5.217693e-03  1.060167e+01  7.377189e-02 
  120175025   5.844650e+01   2.815893e-01   5.826574e+01   4.069244e+00 141200710222155030      32056        553    32 2454396.414641  1.058310e+01  5.230986e-03  1.058647e+01  7.582743e-02 
  120175063   5.673473e+01   2.756360e-01   5.667699e+01   3.994167e+00 141200710222155410      32049        558    32 2454396.415081  1.061538e+01  5.274883e-03  1.061648e+01  7.651477e-02 
  120177146   6.011486e+01   2.942248e-01   5.996757e+01   3.936241e+00 141200710222230260      31658        566    32 2454396.439190  1.055255e+01  5.314022e-03  1.055521e+01  7.126743e-02 
  120177186   5.883104e+01   2.941808e-01   5.870492e+01   3.903183e+00 141200710222231050      31652        570    32 2454396.439653  1.057598e+01  5.429172e-03  1.057831e+01  7.218888e-02 
  120180141   5.933114e+01   3.091329e-01   5.912764e+01   3.410636e+00 141200710222320200      31156        509    32 2454396.473854  1.056679e+01  5.657028e-03  1.057052e+01  6.262830e-02 
  120180180   5.918851e+01   3.071554e-01   5.902420e+01   3.478898e+00 141200710222320590      31150        510    32 2454396.474306  1.056941e+01  5.634386e-03  1.057242e+01  6.399374e-02 
  120181043   5.900386e+01   3.165084e-01   5.882248e+01   3.393858e+00 141200710222335230      31017        474    32 2454396.484294  1.057280e+01  5.824125e-03  1.057614e+01  6.264352e-02 
  120258239   5.507411e+01   2.816673e-01   5.511710e+01   3.468144e+00 141200710232102020      32596        556    32 2454397.377766  1.064763e+01  5.552835e-03  1.064678e+01  6.831823e-02 
  120258277   5.438884e+01   2.808635e-01   5.438890e+01   3.456846e+00 141200710232102400      32592        554    32 2454397.378206  1.066123e+01  5.606752e-03  1.066122e+01  6.900739e-02 
  120258900   5.455031e+01   2.814291e-01   5.453448e+01   3.557756e+00 141200710232113040      32475        579    32 2454397.385417  1.065801e+01  5.601412e-03  1.065832e+01  7.083221e-02 
  120258938   5.431281e+01   2.808674e-01   5.435714e+01   3.591911e+00 141200710232113420      32469        578    32 2454397.385856  1.066274e+01  5.614678e-03  1.066186e+01  7.174552e-02 
  120259560   5.477611e+01   2.789727e-01   5.485891e+01   3.636251e+00 141200710232124040      32378        958    32 2454397.393056  1.065352e+01  5.529634e-03  1.065188e+01  7.196685e-02 
  120259599   5.439058e+01   2.779163e-01   5.441310e+01   3.561046e+00 141200710232124420      32371        960    32 2454397.393507  1.066119e+01  5.547741e-03  1.066074e+01  7.105587e-02 
  120260323   5.459494e+01   2.812904e-01   5.465091e+01   3.932923e+00 141200710232136460      32251        973    32 2454397.401887  1.065712e+01  5.594076e-03  1.065601e+01  7.813467e-02 
  120260361   5.516887e+01   2.829099e-01   5.522433e+01   3.834758e+00 141200710232137240      32243        969    32 2454397.402326  1.064576e+01  5.567752e-03  1.064467e+01  7.539342e-02 
  120260979   5.495996e+01   2.834871e-01   5.499930e+01   3.911763e+00 141200710232147430      32134        976    32 2454397.409479  1.064988e+01  5.600317e-03  1.064911e+01  7.722202e-02 
  120261019   5.504003e+01   2.802030e-01   5.509461e+01   3.929855e+00 141200710232148220      32126        977    32 2454397.409942  1.064830e+01  5.527389e-03  1.064723e+01  7.744497e-02 
  120261632   5.498255e+01   2.830341e-01   5.503973e+01   4.018752e+00 141200710232158350      32016        993    32 2454397.417037  1.064944e+01  5.589073e-03  1.064831e+01  7.927583e-02 
  120261670   5.530901e+01   2.869847e-01   5.539326e+01   3.951536e+00 141200710232159140      32008        988    32 2454397.417477  1.064301e+01  5.633634e-03  1.064136e+01  7.745240e-02 
  120262300   5.557127e+01   2.907259e-01   5.563836e+01   4.074489e+00 141200710232209430      31900       1064    32 2454397.424769  1.063787e+01  5.680142e-03  1.063656e+01  7.951053e-02 
  120262337   5.512809e+01   2.897233e-01   5.521640e+01   3.985621e+00 141200710232210210      31892       1064    32 2454397.425197  1.064657e+01  5.706059e-03  1.064483e+01  7.837071e-02 
  120263069   5.527985e+01   2.935002e-01   5.538353e+01   3.893112e+00 141200710232222320      31760       1064    32 2454397.433669  1.064358e+01  5.764576e-03  1.064155e+01  7.632066e-02 
  120263107   5.562977e+01   2.945008e-01   5.571552e+01   3.939818e+00 141200710232223110      31752       1068    32 2454397.434109  1.063673e+01  5.747845e-03  1.063506e+01  7.677606e-02 
  120263924   5.580662e+01   2.993203e-01   5.587688e+01   3.881057e+00 141200710232236470      31609       1056    32 2454397.443565  1.063329e+01  5.823395e-03  1.063192e+01  7.541257e-02 
  120263962   5.503356e+01   2.974053e-01   5.513472e+01   3.922374e+00 141200710232237260      31602       1058    32 2454397.444005  1.064843e+01  5.867416e-03  1.064644e+01  7.724132e-02 
  120264679   5.552896e+01   3.031265e-01   5.568037e+01   3.762476e+00 141200710232249220      31469        974    32 2454397.452303  1.063870e+01  5.926935e-03  1.063575e+01  7.336645e-02 
  120264717   5.511642e+01   3.061443e-01   5.519700e+01   3.695486e+00 141200710232250010      31463        974    32 2454397.452743  1.064680e+01  6.030744e-03  1.064521e+01  7.269122e-02 
  120265430   5.507253e+01   3.086638e-01   5.521700e+01   3.859441e+00 141200710232301540      31339        959    32 2454397.460995  1.064766e+01  6.085223e-03  1.064482e+01  7.588875e-02 
  120265470   5.521730e+01   3.105661e-01   5.531570e+01   3.831581e+00 141200710232302340      31333        961    32 2454397.461458  1.064481e+01  6.106673e-03  1.064288e+01  7.520652e-02 
  120266195   5.635344e+01   3.155951e-01   5.645360e+01   3.803544e+00 141200710232314390      31214        942    32 2454397.469850  1.062270e+01  6.080450e-03  1.062077e+01  7.315140e-02 
  120266233   5.624688e+01   3.193530e-01   5.647742e+01   4.125865e+00 141200710232315170      31209        942    32 2454397.470289  1.062475e+01  6.164508e-03  1.062031e+01  7.931693e-02 
  120267056   5.581641e+01   3.219169e-01   5.583783e+01   3.844977e+00 141200710232329010      31106       1268    32 2454397.479815  1.063310e+01  6.261923e-03  1.063268e+01  7.476375e-02 
  120267096   5.602966e+01   3.198823e-01   5.604876e+01   3.859231e+00 141200710232329400      31101       1264    32 2454397.480278  1.062895e+01  6.198663e-03  1.062858e+01  7.475851e-02 
  120344774   4.873166e+01   3.043504e-01   4.873166e+01   3.043504e-01 141200710242104220      32610       1504     0 2454398.379329  1.078047e+01  6.780918e-03  1.078047e+01  6.780918e-03 
  120344811   4.883540e+01   3.035193e-01   4.883540e+01   3.035193e-01 141200710242105000      32605       1502     0 2454398.379757  1.077816e+01  6.748037e-03  1.077816e+01  6.748037e-03 
  120345331   4.884977e+01   3.040113e-01   4.884977e+01   3.040113e-01 141200710242113400      32511       1514     0 2454398.385775  1.077784e+01  6.756986e-03  1.077784e+01  6.756986e-03 
  120345370   4.879031e+01   3.052137e-01   4.879031e+01   3.052137e-01 141200710242114180      32504       1515     0 2454398.386227  1.077917e+01  6.791977e-03  1.077917e+01  6.791977e-03 
  120346096   4.911828e+01   3.069946e-01   4.911828e+01   3.069946e-01 141200710242126240      32376       1539     0 2454398.394630  1.077189e+01  6.785994e-03  1.077189e+01  6.785994e-03 
  120346134   4.860307e+01   3.010212e-01   4.860307e+01   3.010212e-01 141200710242127020      32367       1535     0 2454398.395069  1.078334e+01  6.724488e-03  1.078334e+01  6.724488e-03 
  120346750   4.843394e+01   3.065548e-01   4.843394e+01   3.065548e-01 141200710242137180      32258       1541     0 2454398.402199  1.078713e+01  6.872015e-03  1.078713e+01  6.872015e-03 
  120346788   4.834464e+01   3.069756e-01   4.834464e+01   3.069756e-01 141200710242137560      32250       1542     0 2454398.402639  1.078913e+01  6.894160e-03  1.078913e+01  6.894160e-03 
  120347417   4.813170e+01   3.082611e-01   4.813170e+01   3.082611e-01 141200710242148260      32137       1558     0 2454398.409919  1.079392e+01  6.953659e-03  1.079392e+01  6.953659e-03 
  120347455   4.789775e+01   3.033843e-01   4.789775e+01   3.033843e-01 141200710242149040      32129       1554     0 2454398.410359  1.079921e+01  6.877077e-03  1.079921e+01  6.877077e-03 
  120348165   4.811307e+01   3.033180e-01   4.811307e+01   3.033180e-01 141200710242200540      31998       1633     0 2454398.418576  1.079434e+01  6.844804e-03  1.079434e+01  6.844804e-03 
  120348205   4.805124e+01   3.071317e-01   4.805124e+01   3.071317e-01 141200710242201330      31990       1632     0 2454398.419039  1.079574e+01  6.939783e-03  1.079574e+01  6.939783e-03 
  120348905   4.777113e+01   3.110317e-01   4.777113e+01   3.110317e-01 141200710242213140      31871       1640     0 2454398.427141  1.080209e+01  7.069114e-03  1.080209e+01  7.069114e-03 
  120348945   4.817289e+01   3.121882e-01   4.817289e+01   3.121882e-01 141200710242213530      31864       1644     0 2454398.427604  1.079299e+01  7.036223e-03  1.079299e+01  7.036223e-03 
  120349665   4.849829e+01   3.112460e-01   4.849829e+01   3.112460e-01 141200710242225530      31727       1630     0 2454398.435938  1.078568e+01  6.967921e-03  1.078568e+01  6.967921e-03 
  120349703   4.773170e+01   3.146473e-01   4.773170e+01   3.146473e-01 141200710242226310      31722       1631     0 2454398.436377  1.080298e+01  7.157195e-03  1.080298e+01  7.157195e-03 
  120350402   4.845401e+01   3.218920e-01   4.845401e+01   3.218920e-01 141200710242238110      31605       1625     0 2454398.444468  1.078668e+01  7.212840e-03  1.078668e+01  7.212840e-03 
  120350442   4.794198e+01   3.222190e-01   4.794198e+01   3.222190e-01 141200710242238500      31597       1623     0 2454398.444931  1.079821e+01  7.297281e-03  1.079821e+01  7.297281e-03 
  120351155   4.814690e+01   3.236875e-01   4.814690e+01   3.236875e-01 141200710242250440      31473       1613     0 2454398.453183  1.079358e+01  7.299338e-03  1.079358e+01  7.299338e-03 
  120351193   4.790810e+01   3.285030e-01   4.790810e+01   3.285030e-01 141200710242251220      31467       1609     0 2454398.453623  1.079898e+01  7.444856e-03  1.079898e+01  7.444856e-03 
  120352007   4.816496e+01   3.330988e-01   4.816496e+01   3.330988e-01 141200710242304550      31357       1665     0 2454398.463044  1.079317e+01  7.508751e-03  1.079317e+01  7.508751e-03 
  120352045   4.790105e+01   3.326653e-01   4.790105e+01   3.326653e-01 141200710242305340      31345       1660     0 2454398.463484  1.079914e+01  7.540294e-03  1.079914e+01  7.540294e-03 
  120352771   4.830735e+01   3.450027e-01   4.830735e+01   3.450027e-01 141200710242317390      31210       1639     0 2454398.471887  1.078997e+01  7.754167e-03  1.078997e+01  7.754167e-03 
  120352809   4.875347e+01   3.443520e-01   4.875347e+01   3.443520e-01 141200710242318180      31205       1635     0 2454398.472326  1.077999e+01  7.668721e-03  1.077999e+01  7.668721e-03 
  120353734   4.868015e+01   3.562156e-01   4.868015e+01   3.562156e-01 141200710242333430      31062       1594     0 2454398.483032  1.078162e+01  7.944871e-03  1.078162e+01  7.944871e-03 
  120353774   4.789952e+01   3.535616e-01   4.789952e+01   3.535616e-01 141200710242334220      31057       1595     0 2454398.483495  1.079917e+01  8.014191e-03  1.079917e+01  8.014191e-03 
  120430564   5.152956e+01   3.579563e-01   5.154425e+01   3.317181e+00 141200710252054180      32660       1200    32 2454399.372269  1.071986e+01  7.542225e-03  1.071955e+01  6.987386e-02 
  120430604   5.148371e+01   3.583288e-01   5.152313e+01   3.445482e+00 141200710252054570      32655       1203    32 2454399.372731  1.072083e+01  7.556796e-03  1.071999e+01  7.260616e-02 
  120431120   5.094713e+01   3.574761e-01   5.099754e+01   3.453394e+00 141200710252103340      32552       1218    32 2454399.378704  1.073220e+01  7.618213e-03  1.073113e+01  7.352293e-02 
  120431158   5.203551e+01   3.568886e-01   5.206737e+01   3.503175e+00 141200710252104120      32549       1216    32 2454399.379144  1.070925e+01  7.446611e-03  1.070859e+01  7.305032e-02 
  120431586   5.209003e+01   4.322922e-01   5.218207e+01   3.694014e+00 141200710252111200      32475       1236    32 2454399.384097  1.070811e+01  9.010496e-03  1.070620e+01  7.686047e-02 
  120431626   5.127034e+01   4.287966e-01   5.131213e+01   3.385941e+00 141200710252111590      32468       1233    32 2454399.384560  1.072533e+01  9.080526e-03  1.072445e+01  7.164489e-02 
  120432258   5.232128e+01   3.596129e-01   5.239209e+01   3.459159e+00 141200710252122320      32349       1250    32 2454399.391875  1.070330e+01  7.462473e-03  1.070184e+01  7.168538e-02 
  120432296   5.223150e+01   3.640813e-01   5.233081e+01   3.466596e+00 141200710252123100      32342       1253    32 2454399.392315  1.070517e+01  7.568184e-03  1.070311e+01  7.192362e-02 
  120432726   5.244840e+01   3.589278e-01   5.251884e+01   3.533444e+00 141200710252130200      32268       1259    32 2454399.397292  1.070067e+01  7.430202e-03  1.069921e+01  7.304809e-02 
  120432766   5.239603e+01   3.585761e-01   5.244434e+01   3.506449e+00 141200710252130590      32259       1259    32 2454399.397755  1.070175e+01  7.430340e-03  1.070075e+01  7.259301e-02 
  120433199   5.336981e+01   3.621520e-01   5.345945e+01   3.630041e+00 141200710252138120      32180       1267    32 2454399.402766  1.068176e+01  7.367515e-03  1.067994e+01  7.372466e-02 
  120433237   5.194227e+01   3.579878e-01   5.199842e+01   3.531409e+00 141200710252138510      32173       1265    32 2454399.403206  1.071120e+01  7.482955e-03  1.071002e+01  7.373670e-02 
  120433766   5.240784e+01   3.693450e-01   5.242783e+01   3.506476e+00 141200710252147390      32073       1273    32 2454399.409329  1.070151e+01  7.651770e-03  1.070110e+01  7.261641e-02 
  120433804   5.169109e+01   3.682869e-01   5.171524e+01   3.372531e+00 141200710252148170      32065       1269    32 2454399.409769  1.071646e+01  7.735643e-03  1.071595e+01  7.080489e-02 
  120434237   5.255231e+01   3.752584e-01   5.264598e+01   3.455326e+00 141200710252155300      31988       1349    32 2454399.414780  1.069852e+01  7.752904e-03  1.069659e+01  7.126064e-02 
  120434275   5.216157e+01   3.704367e-01   5.226216e+01   3.451818e+00 141200710252156080      31981       1343    32 2454399.415220  1.070662e+01  7.710618e-03  1.070453e+01  7.171109e-02 
  120434710   5.219753e+01   3.877125e-01   5.234324e+01   3.502866e+00 141200710252203230      31905       1348    32 2454399.420255  1.070588e+01  8.064652e-03  1.070285e+01  7.265889e-02 
  120434748   5.170575e+01   3.883369e-01   5.181589e+01   3.478935e+00 141200710252204010      31899       1348    32 2454399.420694  1.071615e+01  8.154469e-03  1.071384e+01  7.289693e-02 
  120435277   5.249564e+01   3.793362e-01   5.263130e+01   3.498938e+00 141200710252212500      31800       1349    32 2454399.426817  1.069969e+01  7.845613e-03  1.069689e+01  7.218020e-02 
  120435316   5.205434e+01   3.805748e-01   5.216428e+01   3.490251e+00 141200710252213290      31795       1352    32 2454399.427269  1.070886e+01  7.937960e-03  1.070657e+01  7.264560e-02 
  120436308   5.194643e+01   3.982717e-01   5.208958e+01   3.781986e+00 141200710252230010      31626       1346    32 2454399.438750  1.071111e+01  8.324334e-03  1.070812e+01  7.883060e-02 
  120436873   5.263189e+01   3.940915e-01   5.278527e+01   3.754040e+00 141200710252239260      31510       1327    32 2454399.445289  1.069688e+01  8.129690e-03  1.069372e+01  7.721683e-02 
  120436910   5.264511e+01   3.931439e-01   5.279601e+01   3.621898e+00 141200710252240030      31502       1330    32 2454399.445718  1.069660e+01  8.108104e-03  1.069350e+01  7.448365e-02 
  120437335   5.278075e+01   3.965011e-01   5.284245e+01   4.112964e+00 141200710252247080      31438       1323    32 2454399.450637  1.069381e+01  8.156328e-03  1.069254e+01  8.450800e-02 
  120437373   5.287585e+01   4.027430e-01   5.304127e+01   5.153660e+00 141200710252247470      31432       1327    32 2454399.451076  1.069186e+01  8.269827e-03  1.068847e+01  1.054940e-01 
  120437805   5.342889e+01   3.965877e-01   5.361282e+01   3.643938e+00 141200710252254580      31354       1313    32 2454399.456076  1.068056e+01  8.059145e-03  1.067683e+01  7.379521e-02 
  120437843   5.314595e+01   3.997960e-01   5.330272e+01   3.701652e+00 141200710252255360      31351       1316    32 2454399.456516  1.068632e+01  8.167594e-03  1.068313e+01  7.540012e-02 
  120438370   5.385503e+01   4.024391e-01   5.398655e+01   3.805453e+00 141200710252304240      31266       1370    32 2454399.462616  1.067193e+01  8.113340e-03  1.066929e+01  7.653263e-02 
  120438408   5.325098e+01   4.039642e-01   5.342183e+01   3.799852e+00 141200710252305020      31262       1369    32 2454399.463056  1.068418e+01  8.236470e-03  1.068070e+01  7.722782e-02 
  120438860   5.337033e+01   4.086592e-01   5.354748e+01   3.663321e+00 141200710252312330      31190       1358    32 2454399.468287  1.068175e+01  8.313564e-03  1.067815e+01  7.427827e-02 
  120438898   5.412894e+01   4.098378e-01   5.430713e+01   3.692020e+00 141200710252313110      31185       1352    32 2454399.468727  1.066643e+01  8.220691e-03  1.066286e+01  7.381304e-02 
  120439422   5.353208e+01   4.159386e-01   5.373645e+01   3.755705e+00 141200710252321560      31105       1335    32 2454399.474792  1.067846e+01  8.436086e-03  1.067433e+01  7.588366e-02 
  120439460   5.260894e+01   4.103156e-01   5.280461e+01   3.591204e+00 141200710252322340      31100       1328    32 2454399.475231  1.069735e+01  8.468069e-03  1.069332e+01  7.384041e-02 
