\OBJNAME = '1SWASP J154357.92+222023.0'
\OBSSTART = '2004-05-18T22:41:37'
\OBSSTOP = '2006-08-07T21:59:29'
\TSTART = 12005286
\TSTOP = 82072795
\JD_REF = 2453005.5
\RA_OBJ = '235.991339'
\DEC_OBJ = '22.339736'
\WASP_MAG = 8.520209
\HJD_START = 2453144.450069
\HJD_STOP = 2453955.416609
\fixlen = T
\NUMRECORDS = 38
\
\ This file was produced by the NASA Exoplanet Archive  http://exoplanetarchive.ipac.caltech.edu 
\ Tue Sep 17, 04:33:31 2013
\ Documentation for the SuperWASP dataset can be found at http://exoplanetarchive.ipac.caltech.edu/docs/SuperWASPMission.html
\
|TMID      |FLUX2         |FLUX2_ERR     |TAMFLUX2      |TAMFLUX2_ERR  |IMAGEID           |CCDX      |CCDY      |FLAG |           HJD|         MAG2|     MAG2_ERR|      TAMMAG2|  TAMMAG2_ERR|
|int       |float         |float         |float         |float         |char              |int       |int       |int  |        double|        float|        float|        float|        float|
|sec       |micro Vega    |micro Vega    |micro Vega    |micro Vega    |                  |1/16 pixel|1/16 pixel|     |           day|          mag|          mag|          mag|          mag|
|null      |null          |null          |null          |null          |null              |null      |null      |null |          null|         null|         null|         null|         null|
   12005286   5.051072e+02   2.466316e+00   7.151165e+02   1.658661e+02 101200405182241370      24804      17377    32 2453144.450069  8.241541e+00  5.301406e-03  7.864058e+00  2.518296e-01 
   12198686   4.448947e+02   1.085048e+01   4.729770e+02   2.228470e+02 101200405210425010      24485      16219    32 2453146.688495  8.379357e+00  2.647997e-02  8.312900e+00  5.115553e-01 
   12200971   6.441763e+02   4.683878e+00   8.676306e+02   2.859745e+02 101200405210503050      24579      16087    32 2453146.714942  7.977488e+00  7.894537e-03  7.654163e+00  3.578643e-01 
   19695386   2.201199e+02   8.561796e-01   4.319688e+02   9.628795e+01 101200408152256560      24491      16249    32 2453233.455856  9.143352e+00  4.223101e-03  8.411369e+00  2.420167e-01 
   19697447   3.068264e+02   4.200133e+00   5.505125e+02   2.348153e+02 101200408152331160      24584      16141    32 2453233.479711  8.782768e+00  1.486265e-02  8.148082e+00  4.631110e-01 
   73199985   5.141204e+02   6.072408e-01   5.505125e+02   1.384332e+02 141200604270513170      22794      12103    32 2453852.722049  8.222338e+00  1.282395e-03  8.148082e+00  2.730229e-01 
   76122870   4.600632e+02   7.718279e-01   5.505125e+02   9.524712e+01 142200605310108220      10089       8285    32 2453886.551736  8.342957e+00  1.821499e-03  8.148082e+00  1.878497e-01 
   76212906   9.020572e+01   9.099823e-01   2.222428e+02   1.969049e+02 142200606010209010      10654       8259    32 2453887.593819  1.011191e+01  1.095279e-02  9.132931e+00  9.619547e-01 
   77423959   4.428133e+02   4.933756e-01   4.428133e+02   4.933756e-01 141200606150233580       9966        905     0 2453901.610637  8.384448e+00  1.209714e-03  8.384448e+00  1.209714e-03 
   77425487   4.522877e+02   5.057334e-01   4.522877e+02   5.057334e-01 141200606150259260       9684        859     0 2453901.628322  8.361464e+00  1.214039e-03  8.361464e+00  1.214039e-03 
   77426436   4.450760e+02   5.201601e-01   4.450760e+02   5.201601e-01 141200606150315160       9530        829     0 2453901.639306  8.378915e+00  1.268904e-03  8.378915e+00  1.268904e-03 
   78010789   5.381434e+02   4.878189e-01   5.287760e+02   8.165647e+01 141200606212134560      26836       9895    32 2453908.402650  8.172755e+00  9.842070e-04  8.191821e+00  1.676659e-01 
   81723699   3.417649e+02   4.904315e-01   3.417649e+02   4.904315e-01 141200608032100470      13076        546     0 2453951.376146  8.665681e+00  1.558033e-03  8.665681e+00  1.558033e-03 
   81723959   3.441401e+02   4.795344e-01   3.441401e+02   4.795344e-01 141200608032105080      13028        554     0 2453951.379155  8.658162e+00  1.512900e-03  8.658162e+00  1.512900e-03 
   81724478   3.480753e+02   4.725385e-01   3.480753e+02   4.725385e-01 141200608032113460      12957        566     0 2453951.385162  8.645817e+00  1.473974e-03  8.645817e+00  1.473974e-03 
   81725110   3.538616e+02   4.726008e-01   3.538616e+02   4.726008e-01 141200608032124180      12869        585     0 2453951.392477  8.627916e+00  1.450063e-03  8.627916e+00  1.450063e-03 
   81728331   3.656436e+02   4.969069e-01   3.656436e+02   4.969069e-01 141200608032218000      12303        632     0 2453951.429757  8.592355e+00  1.475513e-03  8.592355e+00  1.475513e-03 
   81810503   3.670622e+02   4.362283e-01   3.670622e+02   4.362283e-01 141200608042107390      13040        559     0 2453952.380822  8.588151e+00  1.290328e-03  8.588151e+00  1.290328e-03 
   81811224   3.654310e+02   4.361200e-01   3.654310e+02   4.361200e-01 141200608042119400      12930        585     0 2453952.389167  8.592986e+00  1.295766e-03  8.592986e+00  1.295766e-03 
   81811875   3.720872e+02   4.368334e-01   3.720872e+02   4.368334e-01 141200608042130300      12833        595     0 2453952.396701  8.573388e+00  1.274667e-03  8.573388e+00  1.274667e-03 
   81812555   3.683450e+02   4.366709e-01   3.683450e+02   4.366709e-01 141200608042141510      12709        605     0 2453952.404572  8.584363e+00  1.287138e-03  8.584363e+00  1.287138e-03 
   81813342   3.740547e+02   4.408665e-01   3.740547e+02   4.408665e-01 141200608042154570      12545        618     0 2453952.413681  8.567662e+00  1.279669e-03  8.567662e+00  1.279669e-03 
   81896779   3.743329e+02   4.395382e-01   3.743329e+02   4.395382e-01 141200608052105400      12903        559     0 2453953.379387  8.566855e+00  1.274866e-03  8.566855e+00  1.274866e-03 
   81897362   3.790412e+02   4.364393e-01   3.790412e+02   4.364393e-01 141200608052115240      12916        570     0 2453953.386134  8.553284e+00  1.250153e-03  8.553284e+00  1.250153e-03 
   81898094   3.828727e+02   4.355842e-01   3.828727e+02   4.355842e-01 141200608052127360      12813        589     0 2453953.394606  8.542364e+00  1.235218e-03  8.542364e+00  1.235218e-03 
   81898747   3.855022e+02   4.383501e-01   3.855022e+02   4.383501e-01 141200608052138280      12705        602     0 2453953.402164  8.534933e+00  1.234582e-03  8.534933e+00  1.234582e-03 
   81899468   3.873589e+02   4.431954e-01   3.873589e+02   4.431954e-01 141200608052150300      12576        613     0 2453953.410509  8.529716e+00  1.242246e-03  8.529716e+00  1.242246e-03 
   81900204   3.824933e+02   4.473403e-01   3.824933e+02   4.473403e-01 141200608052202450      12485        628     0 2453953.419028  8.543441e+00  1.269814e-03  8.543441e+00  1.269814e-03 
   81983495   3.947289e+02   4.417652e-01   3.947289e+02   4.417652e-01 141200608062111030      12893        582     0 2453954.383044  8.509253e+00  1.215118e-03  8.509253e+00  1.215118e-03 
   81984936   3.961585e+02   4.369287e-01   3.961585e+02   4.369287e-01 141200608062135040      12636        608     0 2453954.399722  8.505327e+00  1.197478e-03  8.505327e+00  1.197478e-03 
   81985724   3.979486e+02   4.440034e-01   3.979486e+02   4.440034e-01 141200608062148130      12491        625     0 2453954.408843  8.500432e+00  1.211393e-03  8.500432e+00  1.211393e-03 
   81986445   3.983867e+02   4.422496e-01   3.983867e+02   4.422496e-01 141200608062200140      12431        624     0 2453954.417187  8.499238e+00  1.205281e-03  8.499238e+00  1.205281e-03 
   82069184   3.730628e+02   4.528393e-01   3.730628e+02   4.528393e-01 141200608072059190      12878        560     0 2453955.374815  8.570545e+00  1.317917e-03  8.570545e+00  1.317917e-03 
   82069660   3.781475e+02   4.492846e-01   3.781475e+02   4.492846e-01 141200608072107140      12879        567     0 2453955.380324  8.555847e+00  1.289989e-03  8.555847e+00  1.289989e-03 
   82070517   3.825088e+02   4.457625e-01   3.825088e+02   4.457625e-01 141200608072121310      12732        591     0 2453955.390243  8.543397e+00  1.265284e-03  8.543397e+00  1.265284e-03 
   82071295   3.862093e+02   4.467945e-01   3.862093e+02   4.467945e-01 141200608072134290      12624        606     0 2453955.399248  8.532944e+00  1.256062e-03  8.532944e+00  1.256062e-03 
   82072069   3.915708e+02   4.564549e-01   3.915708e+02   4.564549e-01 141200608072147240      12475        618     0 2453955.408206  8.517974e+00  1.265649e-03  8.517974e+00  1.265649e-03 
   82072795   3.944669e+02   4.605736e-01   3.944669e+02   4.605736e-01 141200608072159290      12387        630     0 2453955.416609  8.509974e+00  1.267694e-03  8.509974e+00  1.267694e-03 
