\OBJNAME = '1SWASP J174628.19+611147.2'
\OBSSTART = '2006-08-03T21:17:54'
\OBSSTOP = '2006-08-06T22:01:19'
\TSTART = 81724714
\TSTOP = 81986517
\JD_REF = 2453005.5
\RA_OBJ = '266.617472'
\DEC_OBJ = '61.196464'
\WASP_MAG = 10.42272
\HJD_START = 2453951.387894
\HJD_STOP = 2453954.418021
\fixlen = T
\NUMRECORDS = 40
\
\ This file was produced by the NASA Exoplanet Archive  http://exoplanetarchive.ipac.caltech.edu 
\ Thu Sep 19, 03:34:37 2013
\ Documentation for the SuperWASP dataset can be found at http://exoplanetarchive.ipac.caltech.edu/docs/SuperWASPMission.html
\
|TMID      |FLUX2         |FLUX2_ERR     |TAMFLUX2      |TAMFLUX2_ERR  |IMAGEID           |CCDX      |CCDY      |FLAG |           HJD|         MAG2|     MAG2_ERR|      TAMMAG2|  TAMMAG2_ERR|
|int       |float         |float         |float         |float         |char              |int       |int       |int  |        double|        float|        float|        float|        float|
|sec       |micro Vega    |micro Vega    |micro Vega    |micro Vega    |                  |1/16 pixel|1/16 pixel|     |           day|          mag|          mag|          mag|          mag|
|null      |null          |null          |null          |null          |null              |null      |null      |null |          null|         null|         null|         null|         null|
   81724714   7.733241e+01   2.927143e-01   7.733241e+01   2.927143e-01 148200608032117540      17425      30913     0 2453951.387894  1.027910e+01  4.109682e-03  1.027910e+01  4.109682e-03 
   81724779   6.037511e+01   2.504996e-01   6.037511e+01   2.504996e-01 148200608032119000      15403        101     0 2453951.388646  1.054786e+01  4.504795e-03  1.054786e+01  4.504795e-03 
   81725360   7.550988e+01   2.865286e-01   7.550988e+01   2.865286e-01 148200608032128410      17365      31018     0 2453951.395370  1.030499e+01  4.119931e-03  1.030499e+01  4.119931e-03 
   81725555   6.239036e+01   2.377549e-01   6.239036e+01   2.377549e-01 148200608032131550      15298        254     0 2453951.397627  1.051221e+01  4.137499e-03  1.051221e+01  4.137499e-03 
   81726086   7.535774e+01   2.861333e-01   7.535774e+01   2.861333e-01 148200608032140470      17283      31128     0 2453951.403773  1.030718e+01  4.122554e-03  1.030718e+01  4.122554e-03 
   81726287   5.913550e+01   2.355518e-01   5.913550e+01   2.355518e-01 148200608032144080      15237        394     0 2453951.406100  1.057038e+01  4.324780e-03  1.057038e+01  4.324780e-03 
   81726924   7.518008e+01   2.814594e-01   7.518008e+01   2.814594e-01 148200608032154440      17168      31247     0 2453951.413472  1.030974e+01  4.064796e-03  1.030974e+01  4.064796e-03 
   81727116   6.018568e+01   2.349484e-01   6.018568e+01   2.349484e-01 148200608032157570      15146        537     0 2453951.415694  1.055127e+01  4.238432e-03  1.055127e+01  4.238432e-03 
   81727780   7.474764e+01   2.827126e-01   7.474764e+01   2.827126e-01 148200608032209000      17036      31360     0 2453951.423380  1.031601e+01  4.106516e-03  1.031601e+01  4.106516e-03 
   81727987   5.887944e+01   2.282599e-01   5.887944e+01   2.282599e-01 148200608032212280      14992        687     0 2453951.425775  1.057509e+01  4.209124e-03  1.057509e+01  4.209124e-03 
   81810176   7.227657e+01   2.822830e-01   7.227657e+01   2.822830e-01 148200608042102170      17475      30815     0 2453952.377037  1.035251e+01  4.240461e-03  1.035251e+01  4.240461e-03 
   81810176   7.457307e+01   3.254688e-01   7.457307e+01   3.254688e-01 145200608042102170      26045      30338     0 2453952.377037  1.031855e+01  4.738634e-03  1.031855e+01  4.738634e-03 
   81810635   7.190500e+01   2.520328e-01   7.190500e+01   2.520328e-01 148200608042109560      17466      30893     0 2453952.382350  1.035810e+01  3.805606e-03  1.035810e+01  3.805606e-03 
   81810635   7.335948e+01   2.935024e-01   7.335948e+01   2.935024e-01 145200608042109550      26051      30275     0 2453952.382350  1.033636e+01  4.343915e-03  1.033636e+01  4.343915e-03 
   81811345   7.013712e+01   2.389945e-01   7.013712e+01   2.389945e-01 148200608042121450      17400      31006     0 2453952.390567  1.038513e+01  3.699695e-03  1.038513e+01  3.699695e-03 
   81811345   7.297076e+01   2.773743e-01   7.297076e+01   2.773743e-01 145200608042121450      26113      30159     0 2453952.390567  1.034213e+01  4.127082e-03  1.034213e+01  4.127082e-03 
   81811996   7.011501e+01   2.365424e-01   7.011501e+01   2.365424e-01 148200608042132360      17292      31104     0 2453952.398102  1.038547e+01  3.662889e-03  1.038547e+01  3.662889e-03 
   81811996   7.187892e+01   2.765282e-01   7.187892e+01   2.765282e-01 145200608042132360      26221      30061     0 2453952.398102  1.035850e+01  4.176992e-03  1.035850e+01  4.176992e-03 
   81812066   5.489832e+01   1.918732e-01   5.489832e+01   1.918732e-01 148200608042133470      15307        321     0 2453952.398912  1.065110e+01  3.794732e-03  1.065110e+01  3.794732e-03 
   81812676   7.137363e+01   2.778192e-01   7.137363e+01   2.778192e-01 145200608042143570      26297      29959     0 2453952.405972  1.036616e+01  4.226202e-03  1.036616e+01  4.226202e-03 
   81812677   7.057565e+01   2.382949e-01   7.057565e+01   2.382949e-01 148200608042143580      17211      31200     0 2453952.405984  1.037836e+01  3.665944e-03  1.037836e+01  3.665944e-03 
   81812740   5.539054e+01   1.925029e-01   5.539054e+01   1.925029e-01 148200608042145000      15204        439     0 2453952.406713  1.064141e+01  3.773354e-03  1.064141e+01  3.773354e-03 
   81813470   7.007551e+01   2.386843e-01   7.007551e+01   2.386843e-01 148200608042157110      17085      31309     0 2453952.415162  1.038608e+01  3.698140e-03  1.038608e+01  3.698140e-03 
   81813470   7.228597e+01   2.796490e-01   7.228597e+01   2.796490e-01 145200608042157110      26420      29849     0 2453952.415162  1.035236e+01  4.200347e-03  1.035236e+01  4.200347e-03 
   81813536   5.505097e+01   1.920204e-01   5.505097e+01   1.920204e-01 148200608042158160      15106        582     0 2453952.415926  1.064809e+01  3.787112e-03  1.064809e+01  3.787112e-03 
   81814247   7.000126e+01   2.400357e-01   7.000126e+01   2.400357e-01 148200608042210080      16966      31406     0 2453952.424155  1.038724e+01  3.723024e-03  1.038724e+01  3.723024e-03 
   81814247   7.154263e+01   2.775352e-01   7.154263e+01   2.775352e-01 145200608042210080      26534      29740     0 2453952.424155  1.036359e+01  4.211909e-03  1.036359e+01  4.211909e-03 
   81814312   5.565564e+01   1.894828e-01   5.565564e+01   1.894828e-01 148200608042211130      15010        705     0 2453952.424907  1.063623e+01  3.696464e-03  1.063623e+01  3.696464e-03 
   81983108   6.772504e+01   2.683381e-01   6.772504e+01   2.683381e-01 148200608062104310      17440      30903     0 2453954.378565  1.042313e+01  4.301886e-03  1.042313e+01  4.301886e-03 
   81983108   6.945679e+01   3.068482e-01   6.945679e+01   3.068482e-01 145200608062104310      26073      30243     0 2453954.378565  1.039571e+01  4.796613e-03  1.039571e+01  4.796613e-03 
   81983568   6.883167e+01   2.891040e-01   6.883167e+01   2.891040e-01 145200608062112110      26082      30173     0 2453954.383889  1.040553e+01  4.560281e-03  1.040553e+01  4.560281e-03 
   81983570   6.676178e+01   2.534647e-01   6.676178e+01   2.534647e-01 148200608062112120      17426      30982     0 2453954.383912  1.043868e+01  4.122071e-03  1.043868e+01  4.122071e-03 
   81984296   6.768887e+01   2.492926e-01   6.768887e+01   2.492926e-01 148200608062124180      17294      31096     0 2453954.392315  1.042371e+01  3.998692e-03  1.042371e+01  3.998692e-03 
   81984296   6.711507e+01   2.796636e-01   6.711507e+01   2.796636e-01 145200608062124180      26210      30062     0 2453954.392315  1.043295e+01  4.524200e-03  1.043295e+01  4.524200e-03 
   81985009   6.685954e+01   2.489820e-01   6.685954e+01   2.489820e-01 148200608062136120      17205      31195     0 2453954.400567  1.043709e+01  4.043249e-03  1.043709e+01  4.043249e-03 
   81985009   6.630297e+01   2.814567e-01   6.630297e+01   2.814567e-01 145200608062136120      26295      29957     0 2453954.400567  1.044617e+01  4.608975e-03  1.044617e+01  4.608975e-03 
   81985792   6.677819e+01   2.487111e-01   6.677819e+01   2.487111e-01 148200608062149150      17094      31303     0 2453954.409630  1.043841e+01  4.043770e-03  1.043841e+01  4.043770e-03 
   81985792   6.700098e+01   2.819782e-01   6.700098e+01   2.819782e-01 145200608062149150      26402      29846     0 2453954.409630  1.043480e+01  4.569410e-03  1.043480e+01  4.569410e-03 
   81986515   6.552763e+01   2.781318e-01   6.552763e+01   2.781318e-01 145200608062201180      26498      29746     0 2453954.417998  1.045894e+01  4.608421e-03  1.045894e+01  4.608421e-03 
   81986517   6.680522e+01   2.497925e-01   6.680522e+01   2.497925e-01 148200608062201190      16994      31396     0 2453954.418021  1.043797e+01  4.059708e-03  1.043797e+01  4.059708e-03 
