\OBJNAME = '1SWASP J030527.54+613917.6'
\OBSSTART = '2004-07-14T05:01:00'
\OBSSTOP = '2008-07-22T05:12:47'
\TSTART = 16865823
\TSTOP = 143788171
\JD_REF = 2453005.5
\RA_OBJ = '46.364778'
\DEC_OBJ = '61.654906'
\WASP_MAG = 9.141673
\HJD_START = 2453200.706285
\HJD_STOP = 2454669.714942
\fixlen = T
\NUMRECORDS = 80
\
\ This file was produced by the NASA Exoplanet Archive  http://exoplanetarchive.ipac.caltech.edu 
\ Thu Sep 12, 18:25:21 2013
\ Documentation for the SuperWASP dataset can be found at http://exoplanetarchive.ipac.caltech.edu/docs/SuperWASPMission.html
\
|TMID      |FLUX2         |FLUX2_ERR     |TAMFLUX2      |TAMFLUX2_ERR  |IMAGEID           |CCDX      |CCDY      |FLAG |           HJD|         MAG2|     MAG2_ERR|      TAMMAG2|  TAMMAG2_ERR|
|int       |float         |float         |float         |float         |char              |int       |int       |int  |        double|        float|        float|        float|        float|
|sec       |micro Vega    |micro Vega    |micro Vega    |micro Vega    |                  |1/16 pixel|1/16 pixel|     |           day|          mag|          mag|          mag|          mag|
|null      |null          |null          |null          |null          |null              |null      |null      |null |          null|         null|         null|         null|         null|
   16865823   2.629265e+02   3.938813e-01   2.624267e+02   3.938813e-01 105200407140501000      13912      29145    32 2453200.706285  8.950414e+00  1.626510e-03  8.952480e+00  1.629608e-03 
   16866175   2.598163e+02   3.754652e-01   2.593223e+02   3.754652e-01 105200407140506510      13903      29162    32 2453200.710359  8.963334e+00  1.569023e-03  8.965401e+00  1.572011e-03 
   16866525   2.634686e+02   3.863199e-01   2.629677e+02   3.863199e-01 105200407140512410      13897      29184    32 2453200.714410  8.948177e+00  1.592003e-03  8.950244e+00  1.595036e-03 
   16866874   2.661313e+02   4.429960e-01   2.656254e+02   4.429960e-01 105200407140518310      13889      29214    32 2453200.718449  8.937260e+00  1.807297e-03  8.939326e+00  1.810740e-03 
   16867226   2.627196e+02   5.435027e-01   2.622201e+02   5.435027e-01 105200407140524220      13880      29229    32 2453200.722523  8.951269e+00  2.246131e-03  8.953335e+00  2.250409e-03 
   18849651   2.622158e+02   3.267042e-01   2.617173e+02   3.267042e-01 105200408060402450      16678      29232    32 2453223.667257  8.953353e+00  1.352763e-03  8.955420e+00  1.355340e-03 
   18850017   2.552722e+02   3.137761e-01   2.547869e+02   3.137761e-01 105200408060408510      16670      29247    32 2453223.671493  8.982491e+00  1.334573e-03  8.984557e+00  1.337115e-03 
   18850616   2.586127e+02   3.116317e-01   2.581210e+02   3.116317e-01 105200408060418500      16667      29377    32 2453223.678426  8.968375e+00  1.308331e-03  8.970442e+00  1.310823e-03 
   18850954   2.588712e+02   3.150867e-01   2.583791e+02   3.150867e-01 105200408060424280      16662      29402    32 2453223.682338  8.967291e+00  1.321515e-03  8.969357e+00  1.324032e-03 
   18851294   2.559767e+02   3.107980e-01   2.554901e+02   3.107980e-01 105200408060430070      16655      29423    32 2453223.686273  8.979499e+00  1.318268e-03  8.981565e+00  1.320779e-03 
   18851634   2.586278e+02   3.139495e-01   2.581361e+02   3.139495e-01 105200408060435470      16650      29441    32 2453223.690208  8.968312e+00  1.317985e-03  8.970378e+00  1.320495e-03 
   18851971   2.603802e+02   3.138869e-01   2.598852e+02   3.138869e-01 105200408060441240      16644      29470    32 2453223.694109  8.960980e+00  1.308853e-03  8.963046e+00  1.311346e-03 
   18933379   2.570959e+02   4.350006e-01   2.566072e+02   4.350006e-01 105200408070318070      16758      29043    32 2453224.636331  8.974762e+00  1.837048e-03  8.976828e+00  1.840547e-03 
   18933743   2.647530e+02   3.849290e-01   2.642497e+02   3.849290e-01 105200408070324110      16752      29076    32 2453224.640544  8.942898e+00  1.578577e-03  8.944963e+00  1.581583e-03 
   18934110   2.661596e+02   3.463326e-01   2.656536e+02   3.463326e-01 105200408070330180      16741      29106    32 2453224.644792  8.937145e+00  1.412789e-03  8.939211e+00  1.415479e-03 
   18934501   2.623665e+02   3.188837e-01   2.618677e+02   3.188837e-01 105200408070336490      16726      29155    32 2453224.649317  8.952729e+00  1.319623e-03  8.954795e+00  1.322136e-03 
   18934871   2.609592e+02   3.085670e-01   2.604631e+02   3.085670e-01 105200408070342580      16713      29181    32 2453224.653600  8.958569e+00  1.283816e-03  8.960634e+00  1.286261e-03 
   18935238   2.617292e+02   3.148014e-01   2.612316e+02   3.148014e-01 105200408070349050      16703      29213    32 2453224.657847  8.955370e+00  1.305901e-03  8.957436e+00  1.308388e-03 
   18935608   2.620416e+02   3.212352e-01   2.615435e+02   3.212352e-01 105200408070355160      16691      29211    32 2453224.662130  8.954074e+00  1.331002e-03  8.956141e+00  1.333537e-03 
   18935971   2.630370e+02   3.250606e-01   2.625370e+02   3.250606e-01 105200408070401190      16680      29258    32 2453224.666331  8.949958e+00  1.341755e-03  8.952024e+00  1.344311e-03 
   18936340   2.603245e+02   3.243076e-01   2.598296e+02   3.243076e-01 105200408070407270      16669      29270    32 2453224.670602  8.961212e+00  1.352596e-03  8.963279e+00  1.355172e-03 
   18936660   2.599283e+02   3.236031e-01   2.594342e+02   3.236031e-01 105200408070412470      16671      29270    32 2453224.674306  8.962866e+00  1.351714e-03  8.964932e+00  1.354289e-03 
   18937040   2.594458e+02   3.220854e-01   2.589525e+02   3.220854e-01 105200408070419070      16657      29253    32 2453224.678704  8.964884e+00  1.347877e-03  8.966949e+00  1.350444e-03 
   18937446   2.615374e+02   3.230469e-01   2.610402e+02   3.230469e-01 105200408070425530      16651      29282    32 2453224.683403  8.956165e+00  1.341089e-03  8.958232e+00  1.343644e-03 
   18937818   2.614100e+02   3.237364e-01   2.609130e+02   3.237364e-01 105200408070432050      16645      29289    32 2453224.687708  8.956695e+00  1.344606e-03  8.958760e+00  1.347168e-03 
   18938246   2.309875e+02   3.700575e-01   2.309875e+02   3.700575e-01 105200408070439140      15258        625     0 2453224.692662  9.091029e+00  1.739429e-03  9.091029e+00  1.739429e-03 
   18938623   2.298494e+02   3.401169e-01   2.298494e+02   3.401169e-01 105200408070445310      15233        655     0 2453224.697025  9.096392e+00  1.606610e-03  9.096392e+00  1.606610e-03 
   18938998   2.312407e+02   3.303783e-01   2.312407e+02   3.303783e-01 105200408070451460      15207        703     0 2453224.701366  9.089839e+00  1.551219e-03  9.089839e+00  1.551219e-03 
   18939377   2.294408e+02   3.218245e-01   2.294408e+02   3.218245e-01 105200408070458040      15183        729     0 2453224.705752  9.098323e+00  1.522910e-03  9.098323e+00  1.522910e-03 
   18939757   2.316480e+02   3.315437e-01   2.316480e+02   3.315437e-01 105200408070504230      15159        749     0 2453224.710150  9.087929e+00  1.553954e-03  9.087929e+00  1.553954e-03 
   18940125   2.294173e+02   3.327645e-01   2.294173e+02   3.327645e-01 105200408070510320      15133        774     0 2453224.714410  9.098434e+00  1.574841e-03  9.098434e+00  1.574841e-03 
   18940477   2.313947e+02   3.373147e-01   2.313947e+02   3.373147e-01 105200408070516230      15110        806     0 2453224.718484  9.089116e+00  1.582733e-03  9.089116e+00  1.582733e-03 
   18940850   2.299708e+02   3.398031e-01   2.299708e+02   3.398031e-01 105200408070522360      15084        837     0 2453224.722801  9.095819e+00  1.604281e-03  9.095819e+00  1.604281e-03 
   18941230   2.316844e+02   3.484685e-01   2.316844e+02   3.484685e-01 105200408070528560      15059        868     0 2453224.727199  9.087758e+00  1.633024e-03  9.087758e+00  1.633024e-03 
   18941613   2.328071e+02   3.735681e-01   2.328071e+02   3.735681e-01 105200408070535200      15035        891     0 2453224.731632  9.082510e+00  1.742206e-03  9.082510e+00  1.742206e-03 
   19020637   1.568456e+02   3.090943e-01   1.565474e+02   3.090943e-01 105200408080332180      16693      29125    32 2453225.646262  9.511319e+00  2.139658e-03  9.513385e+00  2.143734e-03 
   19021000   1.536877e+02   2.752746e-01   1.533955e+02   2.752746e-01 105200408080338220      16680      29159    32 2453225.650463  9.533402e+00  1.944701e-03  9.535468e+00  1.948406e-03 
   19021360   1.512368e+02   2.563091e-01   1.509492e+02   2.563091e-01 105200408080344220      16670      29185    32 2453225.654630  9.550857e+00  1.840062e-03  9.552922e+00  1.843567e-03 
   19021731   1.506479e+02   2.679391e-01   1.503616e+02   2.679391e-01 105200408080350320      16661      29206    32 2453225.658924  9.555092e+00  1.931073e-03  9.557158e+00  1.934751e-03 
   19022108   1.483676e+02   2.714075e-01   1.480856e+02   2.714075e-01 105200408080356500      16650      29245    32 2453225.663287  9.571652e+00  1.986134e-03  9.573718e+00  1.989917e-03 
   19022477   1.512444e+02   2.742684e-01   1.509568e+02   2.742684e-01 105200408080402580      16642      29267    32 2453225.667558  9.550802e+00  1.968894e-03  9.552868e+00  1.972644e-03 
   19023957   1.439777e+02   3.502317e-01   1.439777e+02   3.502317e-01 105200408080427390      15292        522     0 2453225.684687  9.604262e+00  2.641108e-03  9.604262e+00  2.641108e-03 
   19024322   1.461275e+02   3.173524e-01   1.461275e+02   3.173524e-01 105200408080433430      15268        547     0 2453225.688912  9.588170e+00  2.357956e-03  9.588170e+00  2.357956e-03 
   19024684   1.516091e+02   2.996381e-01   1.516091e+02   2.996381e-01 105200408080439460      15241        578     0 2453225.693102  9.548186e+00  2.145841e-03  9.548186e+00  2.145841e-03 
   19025046   1.530047e+02   2.840386e-01   1.530047e+02   2.840386e-01 105200408080445480      15213        605     0 2453225.697292  9.538238e+00  2.015572e-03  9.538238e+00  2.015572e-03 
   19025410   1.557804e+02   2.936197e-01   1.557804e+02   2.936197e-01 105200408080451510      15191        630     0 2453225.701505  9.518718e+00  2.046436e-03  9.518718e+00  2.046436e-03 
   19025775   1.588691e+02   3.005132e-01   1.588691e+02   3.005132e-01 105200408080457550      15161        677     0 2453225.705729  9.497401e+00  2.053761e-03  9.497401e+00  2.053761e-03 
   19026134   1.607665e+02   2.996044e-01   1.607665e+02   2.996044e-01 105200408080503550      15137        688     0 2453225.709884  9.484511e+00  2.023385e-03  9.484511e+00  2.023385e-03 
   19026472   1.654313e+02   3.080998e-01   1.654313e+02   3.080998e-01 105200408080509320      15112        719     0 2453225.713796  9.453456e+00  2.022085e-03  9.453456e+00  2.022085e-03 
   19026837   1.678132e+02   3.069086e-01   1.678132e+02   3.069086e-01 105200408080515370      15085        750     0 2453225.718021  9.437935e+00  1.985678e-03  9.437935e+00  1.985678e-03 
   19027199   1.715993e+02   3.153214e-01   1.715993e+02   3.153214e-01 105200408080521390      15060        764     0 2453225.722211  9.413712e+00  1.995096e-03  9.413712e+00  1.995096e-03 
   19027561   1.760517e+02   3.240584e-01   1.760517e+02   3.240584e-01 105200408080527420      15029        785     0 2453225.726400  9.385900e+00  1.998522e-03  9.385900e+00  1.998522e-03 
   19106665   2.552284e+02   3.592640e-01   2.547432e+02   3.592640e-01 105200408090326010      16685      29162    32 2453226.641956  8.982677e+00  1.528307e-03  8.984743e+00  1.531218e-03 
   19107024   2.541622e+02   3.169503e-01   2.536790e+02   3.169503e-01 105200408090332000      16670      29190    32 2453226.646111  8.987223e+00  1.353960e-03  8.989288e+00  1.356539e-03 
   19107385   2.553712e+02   2.979105e-01   2.548857e+02   2.979105e-01 105200408090338000      16664      29213    32 2453226.650289  8.982070e+00  1.266601e-03  8.984137e+00  1.269013e-03 
   19107745   2.568575e+02   3.087589e-01   2.563692e+02   3.087589e-01 105200408090344000      16657      29233    32 2453226.654456  8.975769e+00  1.305128e-03  8.977836e+00  1.307614e-03 
   19108104   2.568205e+02   3.209049e-01   2.563322e+02   3.209049e-01 105200408090349590      16646      29263    32 2453226.658611  8.975926e+00  1.356665e-03  8.977992e+00  1.359249e-03 
   19108491   2.534515e+02   3.236635e-01   2.529697e+02   3.236636e-01 105200408090356260      16638      29283    32 2453226.663090  8.990263e+00  1.386516e-03  8.992329e+00  1.389157e-03 
   19109449   2.442833e+02   4.850368e-01   2.442833e+02   4.850368e-01 105200408090412240      15333        510     0 2453226.674178  9.030266e+00  2.155792e-03  9.030266e+00  2.155792e-03 
   19109771   2.398012e+02   4.151679e-01   2.398012e+02   4.151679e-01 105200408090417470      15312        504     0 2453226.677905  9.050371e+00  1.879742e-03  9.050371e+00  1.879742e-03 
   19110095   2.428573e+02   3.773226e-01   2.428573e+02   3.773226e-01 105200408090423100      15288        549     0 2453226.681655  9.036622e+00  1.686893e-03  9.036622e+00  1.686893e-03 
   19110418   2.388868e+02   3.489856e-01   2.388868e+02   3.489856e-01 105200408090428330      15266        582     0 2453226.685394  9.054520e+00  1.586139e-03  9.054520e+00  1.586139e-03 
   19110743   2.429444e+02   3.354084e-01   2.429444e+02   3.354084e-01 105200408090433580      15241        602     0 2453226.689155  9.036233e+00  1.498970e-03  9.036233e+00  1.498970e-03 
   19111068   2.412044e+02   3.233416e-01   2.412044e+02   3.233416e-01 105200408090439240      15217        617     0 2453226.692917  9.044037e+00  1.455466e-03  9.044037e+00  1.455466e-03 
   19111418   2.428984e+02   3.308144e-01   2.428984e+02   3.308144e-01 105200408090445130      15195        635     0 2453226.696968  9.036439e+00  1.478719e-03  9.036439e+00  1.478719e-03 
   19111743   2.408537e+02   3.335686e-01   2.408537e+02   3.335686e-01 105200408090450390      15174        674     0 2453226.700729  9.045617e+00  1.503688e-03  9.045617e+00  1.503688e-03 
   19112070   2.409901e+02   3.327357e-01   2.409901e+02   3.327357e-01 105200408090456050      15150        669     0 2453226.704514  9.045002e+00  1.499084e-03  9.045002e+00  1.499084e-03 
   19112387   2.449120e+02   3.402211e-01   2.449120e+02   3.402211e-01 105200408090501210      15127        717     0 2453226.708183  9.027474e+00  1.508263e-03  9.027474e+00  1.508263e-03 
   19112658   2.432879e+02   3.356977e-01   2.432879e+02   3.356977e-01 105200408090505530      15107        733     0 2453226.711319  9.034698e+00  1.498145e-03  9.034698e+00  1.498145e-03 
   19112983   2.417784e+02   3.373824e-01   2.417784e+02   3.373824e-01 105200408090511180      15084        757     0 2453226.715081  9.041456e+00  1.515063e-03  9.041456e+00  1.515063e-03 
   19113311   2.400787e+02   3.349493e-01   2.400787e+02   3.349493e-01 105200408090516460      15060        786     0 2453226.718877  9.049116e+00  1.514786e-03  9.049116e+00  1.514786e-03 
   19113634   2.414244e+02   3.383528e-01   2.414244e+02   3.383528e-01 105200408090522080      15037        806     0 2453226.722616  9.043047e+00  1.521649e-03  9.043047e+00  1.521649e-03 
   19113983   2.449104e+02   3.410311e-01   2.449104e+02   3.410311e-01 105200408090527580      15010        831     0 2453226.726655  9.027482e+00  1.511864e-03  9.027482e+00  1.511864e-03 
   19114307   2.429142e+02   3.537122e-01   2.429142e+02   3.537122e-01 105200408090533220      14988        847     0 2453226.730405  9.036368e+00  1.580968e-03  9.036368e+00  1.580968e-03 
   19114635   2.426718e+02   3.896830e-01   2.426718e+02   3.896830e-01 105200408090538500      14967        866     0 2453226.734201  9.037452e+00  1.743484e-03  9.037452e+00  1.743484e-03 
   19114960   2.437956e+02   4.611402e-01   2.437956e+02   4.611402e-01 105200408090544140      14943        889     0 2453226.737963  9.032435e+00  2.053680e-03  9.032435e+00  2.053680e-03 
   19115284   2.453770e+02   6.113732e-01   2.453770e+02   6.113732e-01 105200408090549380      14919        899     0 2453226.741713  9.025415e+00  2.705194e-03  9.025415e+00  2.705194e-03 
  143786118   6.128014e-01   1.039445e+00   6.128014e-01   1.039445e+00 145200807220438340      30734       3564     0 2454669.691181  1.553170e+01  1.841652e+00  1.553170e+01  1.841652e+00 
  143787486   6.793706e-01   6.446592e-01   6.793706e-01   6.446592e-01 145200807220501210      30653       3377     0 2454669.707014  1.541973e+01  1.030266e+00  1.541973e+01  1.030266e+00 
  143788171   4.747604e-01   6.316524e-01   4.747604e-01   6.316524e-01 145200807220512470      30614       3293     0 2454669.714942  1.580881e+01  1.444540e+00  1.580881e+01  1.444540e+00 
