\OBJNAME = '1SWASP J023234.55+613219.1'
\OBSSTART = '2004-07-10T05:05:27'
\OBSSTOP = '2008-07-22T05:12:47'
\TSTART = 16520501
\TSTOP = 143788202
\JD_REF = 2453005.5
\RA_OBJ = '38.143969'
\DEC_OBJ = '61.538664'
\WASP_MAG = 10.96216
\HJD_START = 2453196.709502
\HJD_STOP = 2454669.715301
\fixlen = T
\NUMRECORDS = 49
\
\ This file was produced by the NASA Exoplanet Archive  http://exoplanetarchive.ipac.caltech.edu 
\ Sun Sep 15, 20:01:21 2013
\ Documentation for the SuperWASP dataset can be found at http://exoplanetarchive.ipac.caltech.edu/docs/SuperWASPMission.html
\
|TMID      |FLUX2         |FLUX2_ERR     |TAMFLUX2      |TAMFLUX2_ERR  |IMAGEID           |CCDX      |CCDY      |FLAG |           HJD|         MAG2|     MAG2_ERR|      TAMMAG2|  TAMMAG2_ERR|
|int       |float         |float         |float         |float         |char              |int       |int       |int  |        double|        float|        float|        float|        float|
|sec       |micro Vega    |micro Vega    |micro Vega    |micro Vega    |                  |1/16 pixel|1/16 pixel|     |           day|          mag|          mag|          mag|          mag|
|null      |null          |null          |null          |null          |null              |null      |null      |null |          null|         null|         null|         null|         null|
   16520501   4.187259e+01   1.970246e-01   4.196643e+01   1.970246e-01 105200407100505270      14455      13324    32 2453196.709502  1.094518e+01  5.108771e-03  1.094275e+01  5.097347e-03 
   16520851   4.125070e+01   1.887572e-01   4.134315e+01   1.887572e-01 105200407100511170      14435      13351    32 2453196.713553  1.096142e+01  4.968187e-03  1.095899e+01  4.957078e-03 
   16521201   3.953806e+01   2.484858e-01   3.962667e+01   2.484858e-01 105200407100517070      14416      13377    32 2453196.717604  1.100746e+01  6.823577e-03  1.100503e+01  6.808318e-03 
   16693817   4.167710e+01   2.119817e-01   4.177050e+01   2.119817e-01 105200407120513530      14397      13389    32 2453198.715475  1.095026e+01  5.522384e-03  1.094783e+01  5.510036e-03 
   16694166   4.109343e+01   2.482399e-01   4.118552e+01   2.482399e-01 105200407120519420      14374      13418    32 2453198.719514  1.096557e+01  6.558810e-03  1.096314e+01  6.544144e-03 
   16779987   4.114562e+01   1.712089e-01   4.123783e+01   1.712089e-01 105200407130509570      14400      13393    32 2453199.712813  1.096419e+01  4.517816e-03  1.096176e+01  4.507713e-03 
   16780337   4.056998e+01   1.898074e-01   4.066091e+01   1.898074e-01 105200407130515470      14381      13418    32 2453199.716863  1.097949e+01  5.079653e-03  1.097706e+01  5.068295e-03 
   16780685   4.083867e+01   2.598200e-01   4.093020e+01   2.598200e-01 105200407130521360      14365      13439    32 2453199.720891  1.097232e+01  6.907595e-03  1.096989e+01  6.892148e-03 
   16865853   4.210645e+01   1.991526e-01   4.220081e+01   1.991526e-01 105200407140501000      14436      13409    32 2453200.706632  1.093913e+01  5.135271e-03  1.093670e+01  5.123788e-03 
   16866206   4.233204e+01   1.974483e-01   4.242691e+01   1.974483e-01 105200407140506510      14417      13424    32 2453200.710718  1.093333e+01  5.064192e-03  1.093090e+01  5.052868e-03 
   16866556   4.194260e+01   2.172762e-01   4.203659e+01   2.172762e-01 105200407140512410      14401      13446    32 2453200.714769  1.094336e+01  5.624484e-03  1.094093e+01  5.611907e-03 
   16866905   4.211217e+01   2.765169e-01   4.220655e+01   2.765169e-01 105200407140518310      14383      13477    32 2453200.718808  1.093898e+01  7.129185e-03  1.093655e+01  7.113243e-03 
   16867257   4.231755e+01   3.794250e-01   4.241239e+01   3.794250e-01 105200407140524220      14364      13491    32 2453200.722882  1.093370e+01  9.734897e-03  1.093127e+01  9.713128e-03 
   18849685   4.245237e+01   1.766625e-01   4.254752e+01   1.766625e-01 105200408060402450      17140      13517    32 2453223.667650  1.093025e+01  4.518229e-03  1.092781e+01  4.508126e-03 
   18850051   4.221500e+01   1.723926e-01   4.230961e+01   1.723926e-01 105200408060408510      17122      13532    32 2453223.671887  1.093633e+01  4.433815e-03  1.093390e+01  4.423901e-03 
   18850650   4.207258e+01   1.680311e-01   4.216687e+01   1.680311e-01 105200408060418500      17099      13661    32 2453223.678819  1.094000e+01  4.336270e-03  1.093757e+01  4.326573e-03 
   18850988   4.204033e+01   1.689717e-01   4.213454e+01   1.689717e-01 105200408060424280      17085      13686    32 2453223.682731  1.094083e+01  4.363890e-03  1.093840e+01  4.354132e-03 
   18851328   4.195480e+01   1.685336e-01   4.204883e+01   1.685336e-01 105200408060430070      17069      13706    32 2453223.686667  1.094305e+01  4.361448e-03  1.094062e+01  4.351696e-03 
   18851668   4.213636e+01   1.680115e-01   4.223079e+01   1.680115e-01 105200408060435470      17055      13724    32 2453223.690602  1.093836e+01  4.329202e-03  1.093593e+01  4.319522e-03 
   18852004   4.171466e+01   1.676702e-01   4.180814e+01   1.676702e-01 105200408060441240      17039      13752    32 2453223.694491  1.094928e+01  4.364084e-03  1.094685e+01  4.354327e-03 
   18933412   4.337013e+01   2.239208e-01   4.346733e+01   2.239208e-01 105200408070318070      17286      13331    32 2453224.636713  1.090702e+01  5.605696e-03  1.090459e+01  5.593161e-03 
   18933776   4.298026e+01   1.958403e-01   4.307658e+01   1.958403e-01 105200408070324110      17270      13365    32 2453224.640926  1.091683e+01  4.947194e-03  1.091440e+01  4.936132e-03 
   18934143   4.240572e+01   1.732198e-01   4.250075e+01   1.732198e-01 105200408070330180      17249      13393    32 2453224.645174  1.093144e+01  4.435054e-03  1.092901e+01  4.425137e-03 
   18934534   4.228767e+01   1.599455e-01   4.238244e+01   1.599455e-01 105200408070336490      17224      13440    32 2453224.649699  1.093447e+01  4.106616e-03  1.093204e+01  4.097433e-03 
   18934904   4.217541e+01   1.552284e-01   4.226993e+01   1.552284e-01 105200408070342580      17200      13467    32 2453224.653981  1.093735e+01  3.996112e-03  1.093492e+01  3.987176e-03 
   18935271   4.180009e+01   1.585252e-01   4.189377e+01   1.585252e-01 105200408070349050      17180      13498    32 2453224.658229  1.094706e+01  4.117626e-03  1.094463e+01  4.108419e-03 
   18935641   4.170084e+01   1.616317e-01   4.179430e+01   1.616317e-01 105200408070355160      17158      13496    32 2453224.662512  1.094964e+01  4.208310e-03  1.094721e+01  4.198899e-03 
   18936004   4.158262e+01   1.620330e-01   4.167582e+01   1.620330e-01 105200408070401190      17138      13543    32 2453224.666713  1.095272e+01  4.230751e-03  1.095029e+01  4.221291e-03 
   18936374   4.229918e+01   1.624335e-01   4.239398e+01   1.624335e-01 105200408070407270      17117      13554    32 2453224.670995  1.093417e+01  4.169361e-03  1.093174e+01  4.160038e-03 
   18936694   4.194602e+01   1.625554e-01   4.204002e+01   1.625554e-01 105200408070412470      17111      13554    32 2453224.674699  1.094327e+01  4.207620e-03  1.094084e+01  4.198211e-03 
   18937074   4.271897e+01   1.610918e-01   4.281471e+01   1.610918e-01 105200408070419070      17086      13536    32 2453224.679097  1.092345e+01  4.094289e-03  1.092102e+01  4.085133e-03 
   18937480   4.187358e+01   1.608380e-01   4.196742e+01   1.608380e-01 105200408070425530      17069      13565    32 2453224.683796  1.094515e+01  4.170369e-03  1.094272e+01  4.161044e-03 
   18937852   4.227547e+01   1.611422e-01   4.237022e+01   1.611422e-01 105200408070432050      17053      13572    32 2453224.688102  1.093478e+01  4.138535e-03  1.093235e+01  4.129281e-03 
   19020670   4.202378e+01   1.950053e-01   4.211796e+01   1.950053e-01 105200408080332180      17191      13410    32 2453225.646644  1.094126e+01  5.038221e-03  1.093883e+01  5.026955e-03 
   19021033   4.189117e+01   1.759283e-01   4.198505e+01   1.759283e-01 105200408080338220      17168      13445    32 2453225.650845  1.094469e+01  4.559730e-03  1.094226e+01  4.549534e-03 
   19021393   4.172200e+01   1.633076e-01   4.181551e+01   1.633076e-01 105200408080344220      17147      13470    32 2453225.655012  1.094909e+01  4.249786e-03  1.094666e+01  4.240283e-03 
   19021764   4.216168e+01   1.697347e-01   4.225617e+01   1.697347e-01 105200408080350320      17129      13491    32 2453225.659306  1.093771e+01  4.370977e-03  1.093528e+01  4.361203e-03 
   19022141   4.182373e+01   1.723721e-01   4.191746e+01   1.723721e-01 105200408080356500      17107      13530    32 2453225.663669  1.094644e+01  4.474763e-03  1.094401e+01  4.464757e-03 
   19022510   4.273978e+01   1.736041e-01   4.283556e+01   1.736041e-01 105200408080402580      17089      13550    32 2453225.667940  1.092292e+01  4.410152e-03  1.092049e+01  4.400290e-03 
   19106698   4.145845e+01   1.740438e-01   4.155136e+01   1.740438e-01 105200408090326010      17188      13449    32 2453226.642338  1.095597e+01  4.557970e-03  1.095354e+01  4.547778e-03 
   19107057   4.130401e+01   1.522573e-01   4.139658e+01   1.522573e-01 105200408090332000      17163      13477    32 2453226.646493  1.096002e+01  4.002319e-03  1.095759e+01  3.993370e-03 
   19107418   4.131821e+01   1.424902e-01   4.141080e+01   1.424902e-01 105200408090338000      17146      13500    32 2453226.650671  1.095965e+01  3.744290e-03  1.095722e+01  3.735917e-03 
   19107778   4.120796e+01   1.482146e-01   4.130031e+01   1.482146e-01 105200408090344000      17129      13520    32 2453226.654838  1.096255e+01  3.905133e-03  1.096012e+01  3.896400e-03 
   19108137   4.163939e+01   1.531434e-01   4.173271e+01   1.531434e-01 105200408090349590      17108      13550    32 2453226.658993  1.095124e+01  3.993188e-03  1.094881e+01  3.984259e-03 
   19108524   4.168004e+01   1.553870e-01   4.177345e+01   1.553870e-01 105200408090356260      17090      13569    32 2453226.663472  1.095018e+01  4.047739e-03  1.094775e+01  4.038688e-03 
  143787517   1.332872e+01   5.518427e-01   1.332872e+01   5.518427e-01 145200807220501210      27504      18825     0 2454669.707373  1.218803e+01  4.495240e-02  1.218803e+01  4.495240e-02 
  143787555   1.386195e+01   5.517038e-01   1.386195e+01   5.517038e-01 145200807220502000      27503      18820     0 2454669.707813  1.214544e+01  4.321231e-02  1.214544e+01  4.321231e-02 
  143788164   2.656144e+01   5.997040e-01   2.656144e+01   5.997040e-01 145200807220512080      27482      18750     0 2454669.714861  1.143937e+01  2.451384e-02  1.143937e+01  2.451384e-02 
  143788202   2.712578e+01   5.608034e-01   2.712578e+01   5.608034e-01 145200807220512470      27481      18745     0 2454669.715301  1.141654e+01  2.244679e-02  1.141654e+01  2.244679e-02 
