\OBJNAME = '1SWASP J192744.71+471834.9'
\OBSSTART = '2004-05-03T03:07:41'
\OBSSTOP = '2004-05-13T05:29:57'
\TSTART = 10638479
\TSTOP = 11511048
\JD_REF = 2453005.5
\RA_OBJ = '291.936333'
\DEC_OBJ = '47.309697'
\WASP_MAG = 11.65749
\HJD_START = 2453128.630544
\HJD_STOP = 2453138.729722
\fixlen = T
\NUMRECORDS = 138
\
\ This file was produced by the NASA Exoplanet Archive  http://exoplanetarchive.ipac.caltech.edu 
\ Thu Sep 19, 01:38:09 2013
\ Documentation for the SuperWASP dataset can be found at http://exoplanetarchive.ipac.caltech.edu/docs/SuperWASPMission.html
\
|TMID      |FLUX2         |FLUX2_ERR     |TAMFLUX2      |TAMFLUX2_ERR  |IMAGEID           |CCDX      |CCDY      |FLAG |           HJD|         MAG2|     MAG2_ERR|      TAMMAG2|  TAMMAG2_ERR|
|int       |float         |float         |float         |float         |char              |int       |int       |int  |        double|        float|        float|        float|        float|
|sec       |micro Vega    |micro Vega    |micro Vega    |micro Vega    |                  |1/16 pixel|1/16 pixel|     |           day|          mag|          mag|          mag|          mag|
|null      |null          |null          |null          |null          |null              |null      |null      |null |          null|         null|         null|         null|         null|
   10638479   2.150899e+01   1.941126e-01   2.168027e+01   3.157904e-01 103200405030307410      24323      13650    32 2453128.630544  1.166845e+01  9.798498e-03  1.165984e+01  1.581467e-02 
   10638839   2.128955e+01   1.932526e-01   2.151964e+01   2.164709e-01 103200405030313410      24323      13651    32 2453128.634711  1.167958e+01  9.855638e-03  1.166791e+01  1.092170e-02 
   10639200   2.165173e+01   1.928617e-01   2.189029e+01   2.190347e-01 103200405030319410      24329      13598    32 2453128.638889  1.166127e+01  9.671173e-03  1.164937e+01  1.086394e-02 
   10639560   2.159380e+01   1.909729e-01   2.181965e+01   2.129841e-01 103200405030325410      24327      13592    32 2453128.643056  1.166418e+01  9.602150e-03  1.165288e+01  1.059803e-02 
   10639994   2.131494e+01   1.904475e-01   2.157493e+01   2.183895e-01 103200405030332550      24327      13618    32 2453128.648079  1.167829e+01  9.701013e-03  1.166513e+01  1.099027e-02 
   10640354   2.142811e+01   1.891499e-01   2.168140e+01   2.152986e-01 103200405030338550      24324      13656    32 2453128.652245  1.167254e+01  9.584030e-03  1.165978e+01  1.078152e-02 
   10640714   2.119790e+01   1.871262e-01   2.145827e+01   2.152132e-01 103200405030344550      24313      13671    32 2453128.656412  1.168427e+01  9.584457e-03  1.167101e+01  1.088930e-02 
   10641073   2.159824e+01   1.851428e-01   2.186252e+01   2.122053e-01 103200405030350550      24324      13626    32 2453128.660567  1.166395e+01  9.307099e-03  1.165075e+01  1.053857e-02 
   10641433   2.179476e+01   1.822805e-01   2.206324e+01   2.057119e-01 103200405030356550      24319      13641    32 2453128.664734  1.165412e+01  9.080589e-03  1.164083e+01  1.012316e-02 
   10641794   2.163916e+01   1.798880e-01   2.189927e+01   2.032640e-01 103200405030402550      24314      13649    32 2453128.668912  1.166190e+01  9.025841e-03  1.164893e+01  1.007759e-02 
   10642153   2.141257e+01   1.793820e-01   2.167892e+01   2.002991e-01 103200405030408550      24309      13669    32 2453128.673067  1.167333e+01  9.095697e-03  1.165991e+01  1.003153e-02 
   10642513   2.154837e+01   1.763969e-01   2.181617e+01   1.958438e-01 103200405030414550      24306      13670    32 2453128.677234  1.166646e+01  8.887967e-03  1.165305e+01  9.746689e-03 
   10642874   2.124049e+01   1.706374e-01   2.151728e+01   1.988302e-01 103200405030420560      24304      13678    32 2453128.681412  1.168209e+01  8.722394e-03  1.166803e+01  1.003277e-02 
   10643696   2.140724e+01   1.697362e-01   2.170367e+01   2.034100e-01 103200405030434380      24297      13707    32 2453128.690926  1.167360e+01  8.608744e-03  1.165867e+01  1.017572e-02 
   10644008   2.137540e+01   1.668103e-01   2.166762e+01   1.959287e-01 103200405030439490      24293      13740    32 2453128.694537  1.167521e+01  8.472946e-03  1.166047e+01  9.817766e-03 
   10644317   2.132550e+01   1.604037e-01   2.162146e+01   1.856344e-01 103200405030444590      24290      13792    32 2453128.698113  1.167775e+01  8.166593e-03  1.166279e+01  9.321786e-03 
   10644628   2.126447e+01   1.566341e-01   2.157577e+01   1.871023e-01 103200405030450090      24288      13806    32 2453128.701713  1.168086e+01  7.997564e-03  1.166508e+01  9.415396e-03 
   10644938   2.143074e+01   1.561026e-01   2.173295e+01   1.845823e-01 103200405030455200      24286      13834    32 2453128.705301  1.167241e+01  7.908588e-03  1.165720e+01  9.221410e-03 
   10645249   2.135905e+01   1.510061e-01   2.168021e+01   1.879920e-01 103200405030500300      24281      13825    32 2453128.708900  1.167605e+01  7.676061e-03  1.165984e+01  9.414593e-03 
   10645558   2.131774e+01   1.472137e-01   2.165094e+01   1.848679e-01 103200405030505390      24277      13818    32 2453128.712477  1.167815e+01  7.497783e-03  1.166131e+01  9.270661e-03 
   10645868   2.133992e+01   1.430140e-01   2.166142e+01   1.815748e-01 103200405030510500      24275      13850    32 2453128.716065  1.167702e+01  7.276320e-03  1.166078e+01  9.101112e-03 
   10646179   2.128424e+01   1.369876e-01   2.162857e+01   1.888155e-01 103200405030516000      24272      13838    32 2453128.719664  1.167985e+01  6.987934e-03  1.166243e+01  9.478413e-03 
   10646488   2.141648e+01   1.380383e-01   2.175622e+01   1.901057e-01 103200405030521100      24269      13864    32 2453128.723241  1.167313e+01  6.998055e-03  1.165604e+01  9.487187e-03 
   10647300   2.151203e+01   1.913975e-01   2.182332e+01   2.269274e-01 103200405030534410      24257      13862    32 2453128.732639  1.166830e+01  9.660084e-03  1.165270e+01  1.128995e-02 
   10647609   2.132391e+01   2.649442e-01   2.159359e+01   2.892571e-01 103200405030539510      24257      13826    32 2453128.736215  1.167783e+01  1.349005e-02  1.166419e+01  1.454404e-02 
   10722346   2.183598e+01   2.653407e-01   2.166922e+01   2.724127e-01 103200405040225240      24334      13566    32 2453129.601227  1.165207e+01  1.319341e-02  1.166039e+01  1.364929e-02 
   10722704   2.182447e+01   2.682706e-01   2.160106e+01   2.774003e-01 103200405040231230      24331      13633    32 2453129.605370  1.165264e+01  1.334612e-02  1.166381e+01  1.394304e-02 
   10723065   2.205947e+01   2.643802e-01   2.188507e+01   2.778158e-01 103200405040237240      24334      13574    32 2453129.609549  1.164101e+01  1.301247e-02  1.164963e+01  1.378272e-02 
   10723425   2.139304e+01   2.586165e-01   2.123179e+01   2.715489e-01 103200405040243240      24334      13569    32 2453129.613715  1.167432e+01  1.312531e-02  1.168253e+01  1.388632e-02 
   10723784   2.205629e+01   2.574850e-01   2.187031e+01   2.579902e-01 103200405040249230      24331      13649    32 2453129.617870  1.164117e+01  1.267492e-02  1.165036e+01  1.280779e-02 
   10724145   2.193241e+01   2.527681e-01   2.176165e+01   2.545209e-01 103200405040255230      24331      13616    32 2453129.622049  1.164728e+01  1.251301e-02  1.165577e+01  1.269865e-02 
   10724505   2.158212e+01   2.483130e-01   2.144832e+01   2.488167e-01 103200405040301230      24335      13579    32 2453129.626215  1.166476e+01  1.249198e-02  1.167152e+01  1.259540e-02 
   10724864   2.212963e+01   2.475900e-01   2.199995e+01   2.475900e-01 103200405040307230      24323      13655    32 2453129.630370  1.163756e+01  1.214744e-02  1.164395e+01  1.221904e-02 
   10725224   2.154152e+01   2.447166e-01   2.139737e+01   2.459709e-01 103200405040313230      24336      13594    32 2453129.634537  1.166681e+01  1.233425e-02  1.167410e+01  1.248100e-02 
   10725709   2.159972e+01   2.417395e-01   2.149183e+01   2.430204e-01 103200405040321280      24332      13601    32 2453129.640150  1.166388e+01  1.215137e-02  1.166932e+01  1.227708e-02 
   10726020   2.158954e+01   2.429351e-01   2.148030e+01   2.442084e-01 103200405040326380      24327      13646    32 2453129.643750  1.166439e+01  1.221723e-02  1.166990e+01  1.234372e-02 
   10726379   2.180224e+01   2.406633e-01   2.168315e+01   2.445496e-01 103200405040332380      24331      13626    32 2453129.647905  1.165375e+01  1.198490e-02  1.165969e+01  1.224533e-02 
   10726739   2.185749e+01   2.390584e-01   2.175490e+01   2.395966e-01 103200405040338370      24329      13638    32 2453129.652072  1.165100e+01  1.187489e-02  1.165611e+01  1.195775e-02 
   10727100   2.170776e+01   2.370526e-01   2.162218e+01   2.370526e-01 103200405040344390      24325      13664    32 2453129.656250  1.165846e+01  1.185648e-02  1.166275e+01  1.190340e-02 
   10727460   2.172483e+01   2.351694e-01   2.165237e+01   2.357114e-01 103200405040350380      24321      13663    32 2453129.660417  1.165761e+01  1.175304e-02  1.166124e+01  1.181955e-02 
   10727819   2.169715e+01   2.369608e-01   2.163347e+01   2.369608e-01 103200405040356380      24314      13691    32 2453129.664572  1.165899e+01  1.185768e-02  1.166218e+01  1.189258e-02 
   10728181   2.165937e+01   2.345090e-01   2.161089e+01   2.345090e-01 103200405040402390      24318      13672    32 2453129.668762  1.166089e+01  1.175546e-02  1.166332e+01  1.178183e-02 
   10728540   2.176724e+01   2.335429e-01   2.172173e+01   2.335429e-01 103200405040408380      24312      13680    32 2453129.672917  1.165549e+01  1.164901e-02  1.165776e+01  1.167342e-02 
   10729024   2.185016e+01   2.294978e-01   2.182068e+01   2.304295e-01 103200405040416420      24310      13679    32 2453129.678519  1.165136e+01  1.140380e-02  1.165283e+01  1.146557e-02 
   10729692   2.196585e+01   2.242442e-01   2.193700e+01   2.242442e-01 103200405040427510      24300      13691    32 2453129.686250  1.164563e+01  1.108406e-02  1.164706e+01  1.109864e-02 
   10730054   2.143983e+01   2.236121e-01   2.143283e+01   2.236121e-01 103200405040433520      24298      13699    32 2453129.690440  1.167195e+01  1.132400e-02  1.167230e+01  1.132770e-02 
   10730412   2.163754e+01   2.218850e-01   2.162692e+01   2.218850e-01 103200405040439510      24294      13728    32 2453129.694583  1.166198e+01  1.113386e-02  1.166251e+01  1.113933e-02 
   10730773   2.153760e+01   2.170798e-01   2.153351e+01   2.170797e-01 103200405040445510      24290      13739    32 2453129.698762  1.166701e+01  1.094329e-02  1.166721e+01  1.094537e-02 
   10731134   2.191767e+01   2.138932e-01   2.191811e+01   2.138932e-01 103200405040451520      24284      13771    32 2453129.702940  1.164801e+01  1.059567e-02  1.164799e+01  1.059545e-02 
   10731843   2.186411e+01   2.076949e-01   2.187807e+01   2.076949e-01 103200405040503410      24282      13787    32 2453129.711146  1.165067e+01  1.031383e-02  1.164998e+01  1.030725e-02 
   10732203   2.124214e+01   2.014277e-01   2.127257e+01   2.015400e-01 103200405040509410      24273      13822    32 2453129.715313  1.168200e+01  1.029548e-02  1.168045e+01  1.028649e-02 
   10732562   2.179187e+01   2.027733e-01   2.180728e+01   2.049632e-01 103200405040515410      24270      13818    32 2453129.719468  1.165426e+01  1.010281e-02  1.165350e+01  1.020470e-02 
   10732922   2.156737e+01   2.001593e-01   2.158121e+01   2.007917e-01 103200405040521410      24269      13824    32 2453129.723634  1.166551e+01  1.007638e-02  1.166481e+01  1.010173e-02 
   10733232   2.180008e+01   2.070437e-01   2.180146e+01   2.073623e-01 103200405040526510      24261      13809    32 2453129.727222  1.165385e+01  1.031169e-02  1.165379e+01  1.032690e-02 
   10733592   2.176375e+01   2.323199e-01   2.173863e+01   2.323199e-01 103200405040532510      24259      13819    32 2453129.731389  1.165567e+01  1.158987e-02  1.165692e+01  1.160326e-02 
   10733953   2.194598e+01   3.048653e-01   2.187835e+01   3.094447e-01 103200405040538520      24247      13843    32 2453129.735567  1.164661e+01  1.508269e-02  1.164996e+01  1.535658e-02 
   10808446   2.232848e+01   2.797464e-01   2.175167e+01   4.816267e-01 103200405050220210      24343      13504    32 2453130.597755  1.162785e+01  1.360289e-02  1.165627e+01  2.404052e-02 
   10808806   2.210342e+01   2.769475e-01   2.153350e+01   4.694388e-01 103200405050226220      24345      13520    32 2453130.601921  1.163885e+01  1.360391e-02  1.166721e+01  2.366956e-02 
   10809167   2.164851e+01   2.753921e-01   2.111154e+01   4.554150e-01 103200405050232220      24347      13516    32 2453130.606100  1.166143e+01  1.381177e-02  1.168870e+01  2.342142e-02 
   10809527   2.213238e+01   2.742779e-01   2.158262e+01   4.539396e-01 103200405050238220      24348      13526    32 2453130.610266  1.163743e+01  1.345515e-02  1.166474e+01  2.283598e-02 
   10809886   2.227202e+01   2.708247e-01   2.175828e+01   4.288721e-01 103200405050244220      24343      13511    32 2453130.614421  1.163060e+01  1.320245e-02  1.165594e+01  2.140076e-02 
   10810246   2.237407e+01   2.673388e-01   2.184217e+01   4.169875e-01 103200405050250220      24348      13490    32 2453130.618588  1.162564e+01  1.297307e-02  1.165176e+01  2.072779e-02 
   10811022   2.213369e+01   2.634403e-01   2.163743e+01   4.017573e-01 103200405050303170      24347      13502    32 2453130.627569  1.163737e+01  1.292273e-02  1.166199e+01  2.015970e-02 
   10811382   2.180241e+01   2.638386e-01   2.134259e+01   3.955471e-01 103200405050309170      24342      13556    32 2453130.631736  1.165374e+01  1.313892e-02  1.167688e+01  2.012226e-02 
   10811741   2.161124e+01   2.625869e-01   2.117206e+01   3.896491e-01 103200405050315170      24341      13557    32 2453130.635891  1.166330e+01  1.319226e-02  1.168559e+01  1.998188e-02 
   10812052   2.235653e+01   2.618707e-01   2.190084e+01   3.828797e-01 103200405050320280      24339      13556    32 2453130.639491  1.162649e+01  1.271769e-02  1.164885e+01  1.898136e-02 
   10812413   2.228759e+01   2.620451e-01   2.183354e+01   3.790344e-01 103200405050326280      24346      13539    32 2453130.643669  1.162984e+01  1.276552e-02  1.165219e+01  1.884865e-02 
   10812774   2.215487e+01   2.596003e-01   2.171987e+01   3.697388e-01 103200405050332290      24335      13577    32 2453130.647847  1.163633e+01  1.272219e-02  1.165786e+01  1.848262e-02 
   10813134   2.200727e+01   2.594506e-01   2.159313e+01   3.783626e-01 103200405050338290      24334      13593    32 2453130.652014  1.164358e+01  1.280013e-02  1.166421e+01  1.902473e-02 
   10813493   2.223020e+01   2.592594e-01   2.180210e+01   4.258297e-01 103200405050344290      24333      13607    32 2453130.656169  1.163264e+01  1.266243e-02  1.165375e+01  2.120623e-02 
   10813853   2.155417e+01   2.559835e-01   2.115996e+01   3.884511e-01 103200405050350290      24329      13612    32 2453130.660336  1.166617e+01  1.289456e-02  1.168621e+01  1.993184e-02 
   10814336   2.198769e+01   2.502820e-01   2.161847e+01   3.723746e-01 103200405050358310      24322      13644    32 2453130.665926  1.164455e+01  1.235879e-02  1.166294e+01  1.870169e-02 
   10814697   2.203786e+01   2.462143e-01   2.166026e+01   3.803853e-01 103200405050404310      24320      13631    32 2453130.670104  1.164208e+01  1.213025e-02  1.166084e+01  1.906716e-02 
   10815057   2.235302e+01   2.442358e-01   2.197739e+01   3.580109e-01 103200405050410310      24318      13646    32 2453130.674271  1.162666e+01  1.186312e-02  1.164506e+01  1.768667e-02 
   10815418   2.250070e+01   2.427604e-01   2.211744e+01   3.582308e-01 103200405050416320      24316      13631    32 2453130.678449  1.161951e+01  1.171406e-02  1.163816e+01  1.758547e-02 
   10815727   2.185754e+01   2.439406e-01   2.150636e+01   3.440050e-01 103200405050421410      24315      13639    32 2453130.682025  1.165100e+01  1.211738e-02  1.166858e+01  1.736696e-02 
   10816087   2.224883e+01   2.404732e-01   2.190931e+01   3.224165e-01 103200405050427410      24308      13631    32 2453130.686192  1.163173e+01  1.173507e-02  1.164843e+01  1.597771e-02 
   10816448   2.199002e+01   2.381340e-01   2.165943e+01   3.220972e-01 103200405050433420      24306      13635    32 2453130.690370  1.164444e+01  1.175768e-02  1.166088e+01  1.614603e-02 
   10816807   2.221456e+01   2.381758e-01   2.186585e+01   3.298328e-01 103200405050439420      24302      13656    32 2453130.694525  1.163341e+01  1.164088e-02  1.165058e+01  1.637772e-02 
   10817167   2.217825e+01   2.346080e-01   2.182293e+01   3.334266e-01 103200405050445420      24299      13649    32 2453130.698692  1.163518e+01  1.148528e-02  1.165272e+01  1.658873e-02 
   10817649   2.219812e+01   2.340739e-01   2.184081e+01   3.299281e-01 103200405050453440      24295      13675    32 2453130.704271  1.163421e+01  1.144887e-02  1.165183e+01  1.640123e-02 
   10818010   2.200113e+01   2.287433e-01   2.162496e+01   3.245337e-01 103200405050459440      24290      13712    32 2453130.708449  1.164389e+01  1.128832e-02  1.166261e+01  1.629410e-02 
   10818370   2.155187e+01   2.275497e-01   2.117429e+01   3.234563e-01 103200405050505440      24284      13757    32 2453130.712616  1.166629e+01  1.146350e-02  1.168548e+01  1.658566e-02 
   10818729   2.194909e+01   2.291023e-01   2.157847e+01   3.276732e-01 103200405050511440      24282      13764    32 2453130.716771  1.164646e+01  1.133284e-02  1.166495e+01  1.648717e-02 
   10819091   2.238506e+01   2.295271e-01   2.200369e+01   3.149698e-01 103200405050517450      24279      13763    32 2453130.720961  1.162510e+01  1.113273e-02  1.164376e+01  1.554173e-02 
   10819401   2.193993e+01   2.310648e-01   2.158635e+01   2.984206e-01 103200405050522550      24276      13708    32 2453130.724549  1.164691e+01  1.143469e-02  1.166455e+01  1.500982e-02 
   10819761   2.237205e+01   2.458870e-01   2.199256e+01   3.209741e-01 103200405050528550      24269      13784    32 2453130.728715  1.162574e+01  1.193317e-02  1.164431e+01  1.584602e-02 
   10984676   2.157585e+01   1.996045e-01   2.171764e+01   2.018106e-01 103200405070317250      24341      13588    32 2453132.637454  1.166508e+01  1.004450e-02  1.165797e+01  1.008921e-02 
   10985035   2.151958e+01   1.975329e-01   2.166172e+01   2.013103e-01 103200405070323240      24344      13582    32 2453132.641609  1.166792e+01  9.966244e-03  1.166077e+01  1.009018e-02 
   10985397   2.148651e+01   1.955446e-01   2.164009e+01   1.993522e-01 103200405070329250      24340      13604    32 2453132.645799  1.166959e+01  9.881112e-03  1.166185e+01  1.000202e-02 
   10985756   2.141676e+01   1.926676e-01   2.161308e+01   1.996652e-01 103200405070335250      24340      13615    32 2453132.649954  1.167312e+01  9.767441e-03  1.166321e+01  1.003025e-02 
   10986117   2.125538e+01   1.890641e-01   2.145555e+01   1.913362e-01 103200405070341250      24337      13617    32 2453132.654132  1.168133e+01  9.657529e-03  1.167115e+01  9.682408e-03 
   10986475   2.125004e+01   1.910373e-01   2.145105e+01   1.932853e-01 103200405070347240      24330      13655    32 2453132.658275  1.168160e+01  9.760771e-03  1.167138e+01  9.783091e-03 
   10986835   2.166051e+01   1.906930e-01   2.188542e+01   1.967500e-01 103200405070353240      24327      13652    32 2453132.662442  1.166083e+01  9.558549e-03  1.164961e+01  9.760804e-03 
   10987319   2.131427e+01   1.877192e-01   2.158589e+01   2.096201e-01 103200405070401280      24322      13660    32 2453132.668044  1.167832e+01  9.562341e-03  1.166457e+01  1.054360e-02 
   11415484   2.208344e+01   1.087103e-01   2.194159e+01   1.099091e-01 103200405120257160      24349      13541    32 2453137.623657  1.163983e+01  5.344779e-03  1.164683e+01  5.438654e-03 
   11415844   2.185953e+01   1.088669e-01   2.171844e+01   1.088669e-01 103200405120303160      24346      13595    32 2453137.627824  1.165090e+01  5.407307e-03  1.165793e+01  5.442435e-03 
   11416203   2.194233e+01   1.092435e-01   2.180789e+01   1.132568e-01 103200405120309160      24346      13589    32 2453137.631979  1.164679e+01  5.405535e-03  1.165347e+01  5.638664e-03 
   11416563   2.179902e+01   1.097814e-01   2.166307e+01   1.097814e-01 103200405120315160      24344      13599    32 2453137.636146  1.165391e+01  5.467863e-03  1.166070e+01  5.502177e-03 
   11416923   2.173294e+01   1.106798e-01   2.160707e+01   1.106798e-01 103200405120321160      24339      13622    32 2453137.640312  1.165720e+01  5.529372e-03  1.166351e+01  5.561584e-03 
   11417283   2.177407e+01   1.094643e-01   2.165138e+01   1.123060e-01 103200405120327160      24337      13661    32 2453137.644479  1.165515e+01  5.458319e-03  1.166129e+01  5.631746e-03 
   11417767   2.194867e+01   1.098506e-01   2.183560e+01   1.100674e-01 103200405120335190      24333      13644    32 2453137.650081  1.164648e+01  5.434005e-03  1.165209e+01  5.472922e-03 
   11418128   2.176253e+01   1.101380e-01   2.164560e+01   1.112899e-01 103200405120341200      24330      13684    32 2453137.654259  1.165573e+01  5.494820e-03  1.166158e+01  5.582283e-03 
   11418488   2.195684e+01   1.108963e-01   2.183617e+01   1.108963e-01 103200405120347200      24328      13675    32 2453137.658426  1.164608e+01  5.483693e-03  1.165206e+01  5.513997e-03 
   11418848   2.182214e+01   1.110854e-01   2.170649e+01   1.176980e-01 103200405120353200      24325      13687    32 2453137.662593  1.165276e+01  5.526951e-03  1.165853e+01  5.887153e-03 
   11419158   2.159220e+01   1.106059e-01   2.147953e+01   1.106059e-01 103200405120358300      24322      13692    32 2453137.666181  1.166426e+01  5.561695e-03  1.166994e+01  5.590867e-03 
   11419518   2.182506e+01   1.112521e-01   2.169443e+01   1.112521e-01 103200405120404300      24318      13705    32 2453137.670347  1.165261e+01  5.534504e-03  1.165913e+01  5.567829e-03 
   11419877   2.190905e+01   1.110998e-01   2.179365e+01   1.110998e-01 103200405120410300      24315      13716    32 2453137.674502  1.164844e+01  5.505740e-03  1.165417e+01  5.534894e-03 
   11420237   2.167478e+01   1.115425e-01   2.154294e+01   1.115425e-01 103200405120416300      24310      13713    32 2453137.678669  1.166011e+01  5.587421e-03  1.166674e+01  5.621615e-03 
   11420597   2.179466e+01   1.125173e-01   2.166651e+01   1.125173e-01 103200405120422300      24305      13641    32 2453137.682836  1.165413e+01  5.605252e-03  1.166053e+01  5.638405e-03 
   11421081   2.180838e+01   1.115426e-01   2.170579e+01   1.115426e-01 103200405120430330      24303      13629    32 2453137.688438  1.165344e+01  5.553197e-03  1.165856e+01  5.579443e-03 
   11421441   2.194625e+01   1.128691e-01   2.183157e+01   1.128691e-01 103200405120436330      24295      13668    32 2453137.692604  1.164660e+01  5.583934e-03  1.165229e+01  5.613268e-03 
   11421802   2.189100e+01   1.121504e-01   2.176735e+01   1.121504e-01 103200405120442340      24291      13691    32 2453137.696782  1.164934e+01  5.562384e-03  1.165549e+01  5.593984e-03 
   11422162   2.186368e+01   1.099829e-01   2.172943e+01   1.099829e-01 103200405120448340      24287      13743    32 2453137.700949  1.165069e+01  5.461696e-03  1.165738e+01  5.495440e-03 
   11422522   2.185226e+01   1.117551e-01   2.173087e+01   1.145601e-01 103200405120454340      24283      13754    32 2453137.705116  1.165126e+01  5.552605e-03  1.165731e+01  5.723771e-03 
   11422832   2.194070e+01   1.123547e-01   2.180338e+01   1.162590e-01 103200405120459440      24277      13790    32 2453137.708704  1.164687e+01  5.559898e-03  1.165369e+01  5.789337e-03 
   11423551   2.168580e+01   1.191311e-01   2.157486e+01   1.283465e-01 103200405120511440      24258      13797    32 2453137.717025  1.165956e+01  5.964520e-03  1.166513e+01  6.458947e-03 
   11423911   2.168162e+01   1.319164e-01   2.157463e+01   1.402943e-01 103200405120517440      24251      13797    32 2453137.721192  1.165977e+01  6.605915e-03  1.166514e+01  7.060291e-03 
   11504061   2.153916e+01   1.043607e-01   2.166594e+01   1.043607e-01 103200405130333300      24324      13628    32 2453138.648854  1.166693e+01  5.260583e-03  1.166056e+01  5.229800e-03 
   11504420   2.153669e+01   1.046249e-01   2.166955e+01   1.046249e-01 103200405130339300      24324      13614    32 2453138.653009  1.166705e+01  5.274511e-03  1.166038e+01  5.242171e-03 
   11504780   2.154120e+01   1.036495e-01   2.167365e+01   1.036495e-01 103200405130345300      24318      13647    32 2453138.657176  1.166683e+01  5.224242e-03  1.166017e+01  5.192316e-03 
   11505140   2.173502e+01   1.046953e-01   2.187669e+01   1.046953e-01 103200405130351300      24317      13628    32 2453138.661343  1.165710e+01  5.229896e-03  1.165005e+01  5.196029e-03 
   11505450   2.151271e+01   1.046403e-01   2.164750e+01   1.046403e-01 103200405130356400      24314      13645    32 2453138.664931  1.166826e+01  5.281167e-03  1.166148e+01  5.248283e-03 
   11505810   2.163848e+01   1.042307e-01   2.175958e+01   1.042307e-01 103200405130402400      24311      13649    32 2453138.669097  1.166193e+01  5.229917e-03  1.165587e+01  5.200809e-03 
   11506170   2.146811e+01   1.041998e-01   2.160013e+01   1.041997e-01 103200405130408400      24308      13639    32 2453138.673264  1.167052e+01  5.269857e-03  1.166386e+01  5.237645e-03 
   11506530   2.146224e+01   1.045482e-01   2.160286e+01   1.045482e-01 103200405130414400      24305      13640    32 2453138.677431  1.167081e+01  5.288925e-03  1.166372e+01  5.254498e-03 
   11506892   2.144966e+01   1.042112e-01   2.158160e+01   1.042112e-01 103200405130420410      24301      13638    32 2453138.681620  1.167145e+01  5.274966e-03  1.166479e+01  5.242717e-03 
   11507374   2.159465e+01   1.056535e-01   2.176772e+01   1.097831e-01 103200405130428430      24297      13644    32 2453138.687199  1.166413e+01  5.312068e-03  1.165547e+01  5.475811e-03 
   11507735   2.153988e+01   1.052914e-01   2.170087e+01   1.072850e-01 103200405130434440      24293      13650    32 2453138.691377  1.166689e+01  5.307324e-03  1.165881e+01  5.367696e-03 
   11508094   2.146655e+01   1.061235e-01   2.164381e+01   1.090502e-01 103200405130440440      24288      13676    32 2453138.695532  1.167059e+01  5.367541e-03  1.166167e+01  5.470395e-03 
   11508454   2.145987e+01   1.073839e-01   2.162840e+01   1.093265e-01 103200405130446440      24284      13693    32 2453138.699699  1.167093e+01  5.432979e-03  1.166244e+01  5.488159e-03 
   11508765   2.174196e+01   1.084891e-01   2.190675e+01   1.096865e-01 103200405130451540      24281      13735    32 2453138.703299  1.165675e+01  5.417679e-03  1.164855e+01  5.436273e-03 
   11509124   2.136285e+01   1.071596e-01   2.151564e+01   1.083291e-01 103200405130457540      24273      13743    32 2453138.707454  1.167585e+01  5.446251e-03  1.166811e+01  5.466590e-03 
   11509484   2.152381e+01   1.105793e-01   2.172192e+01   1.188284e-01 103200405130503540      24260      13798    32 2453138.711620  1.166770e+01  5.578026e-03  1.165775e+01  5.939476e-03 
   11509844   2.163547e+01   1.157366e-01   2.185241e+01   1.292702e-01 103200405130509530      24251      13811    32 2453138.715787  1.166208e+01  5.808049e-03  1.165125e+01  6.422809e-03 
   11510205   2.146968e+01   1.248103e-01   2.170932e+01   1.458756e-01 103200405130515540      24245      13814    32 2453138.719965  1.167044e+01  6.311762e-03  1.165838e+01  7.295623e-03 
   11510565   2.137207e+01   1.482363e-01   2.159948e+01   1.641801e-01 103200405130521540      24244      13808    32 2453138.724132  1.167538e+01  7.530672e-03  1.166389e+01  8.252829e-03 
   11511048   2.126858e+01   2.317127e-01   2.144184e+01   2.420732e-01 103200405130529570      24237      13829    32 2453138.729722  1.168065e+01  1.182870e-02  1.167185e+01  1.225774e-02 
