\OBJNAME = '1SWASP J012040.56+513541.2'
\OBSSTART = '2007-10-23T03:15:29'
\OBSSTOP = '2007-12-17T21:57:48'
\TSTART = 120194519
\TSTOP = 125013753
\JD_REF = 2453005.5
\RA_OBJ = '20.169019'
\DEC_OBJ = '51.594786'
\WASP_MAG = 7.754861
\HJD_START = 2454396.640266
\HJD_STOP = 2454452.418438
\fixlen = T
\NUMRECORDS = 41
\
\ This file was produced by the NASA Exoplanet Archive  http://exoplanetarchive.ipac.caltech.edu 
\ Thu Sep 19, 11:17:37 2013
\ Documentation for the SuperWASP dataset can be found at http://exoplanetarchive.ipac.caltech.edu/docs/SuperWASPMission.html
\
|TMID      |FLUX2         |FLUX2_ERR     |TAMFLUX2      |TAMFLUX2_ERR  |IMAGEID           |CCDX      |CCDY      |FLAG |           HJD|         MAG2|     MAG2_ERR|      TAMMAG2|  TAMMAG2_ERR|
|int       |float         |float         |float         |float         |char              |int       |int       |int  |        double|        float|        float|        float|        float|
|sec       |micro Vega    |micro Vega    |micro Vega    |micro Vega    |                  |1/16 pixel|1/16 pixel|     |           day|          mag|          mag|          mag|          mag|
|null      |null          |null          |null          |null          |null              |null      |null      |null |          null|         null|         null|         null|         null|
  120194519   1.210217e+03   1.295397e+00   8.085383e+02   4.093256e+02 148200710230315290      29701       9884    32 2454396.640266  7.292842e+00  1.162159e-03  7.730749e+00  5.496600e-01 
  121897850   8.797275e+02   1.806112e+00   7.534177e+02   3.378197e+02 145200711112024170      11188      18667    32 2454416.354745  7.639130e+00  2.229063e-03  7.807411e+00  4.868274e-01 
  121897940   9.300313e+02   1.717492e+00   6.022041e+02   1.987393e+02 148200711112025480      32130       4735    32 2454416.355787  7.578756e+00  2.005040e-03  8.050641e+00  3.583158e-01 
  121897979   7.857546e+02   1.421387e+00   5.417012e+02   1.966996e+02 148200711112026260      32130       4743    32 2454416.356238  7.761783e+00  1.964044e-03  8.165601e+00  3.942479e-01 
  121899028   7.833646e+02   9.691859e-01   6.176514e+02   2.021283e+02 148200711112043560      32094       4934    32 2454416.368380  7.765090e+00  1.343288e-03  8.023142e+00  3.553117e-01 
  121899419   4.025569e+02   1.687053e+00   3.412643e+02   2.368532e+02 145200711112050270      11242      18434    32 2454416.372905  8.487932e+00  4.550167e-03  8.667273e+00  7.535539e-01 
  121899475   4.219299e+02   2.241912e+00   3.540306e+02   2.974856e+02 148200711112051230      32080       5008    32 2454416.373553  8.436899e+00  5.769048e-03  8.627398e+00  9.123279e-01 
  121899475   3.111545e+02   1.589653e+00   5.094590e+02   9.445891e+01 143200711112051230        673       3406    32 2454416.373553  8.767560e+00  5.546923e-03  8.232227e+00  2.013073e-01 
  121899515   7.220035e+02   2.702476e+00   4.214344e+02   2.564895e+02 148200711112052020      32081       5018    32 2454416.374016  7.853652e+00  4.063951e-03  8.438175e+00  6.607929e-01 
  121899515   2.959905e+02   1.667122e+00   5.983276e+02   1.212600e+02 143200711112052020        671       3416    32 2454416.374016  8.821806e+00  6.115266e-03  8.057652e+00  2.200413e-01 
  121900459   8.096434e+02   5.100066e+00   6.242996e+02   5.827113e+02 145200711112107470      11298      18275    32 2454416.384942  7.729266e+00  6.839240e-03  8.011518e+00  1.013412e+00 
  121901089   7.120029e+02   1.255293e+00   5.645342e+02   1.998510e+02 148200711112118170      32010       5341    32 2454416.392234  7.868796e+00  1.914208e-03  8.120774e+00  3.843633e-01 
  121901129   1.101846e+03   1.955782e+00   9.293297e+02   3.320668e+02 148200711112118560      32009       5353    32 2454416.392697  7.394698e+00  1.927194e-03  7.579576e+00  3.879551e-01 
  121987267   6.850876e+02   7.311038e-01   6.548779e+02   1.388105e+02 148200711122114360      32012       5401    32 2454417.389664  7.910635e+00  1.158667e-03  7.959599e+00  2.301377e-01 
  121987837   7.276199e+02   8.287224e-01   6.242996e+02   7.619779e+01 148200711122124060      31982       5550    32 2454417.396262  7.845239e+00  1.236603e-03  8.011518e+00  1.325181e-01 
  121987877   7.698424e+02   9.059779e-01   7.412853e+02   1.305473e+02 148200711122124450      31980       5557    32 2454417.396725  7.783996e+00  1.277737e-03  7.825037e+00  1.912090e-01 
  121989077   7.900684e+02   8.288141e-01   6.534061e+02   9.056248e+01 148200711122144460      31883       5758    32 2454417.410613  7.755838e+00  1.138986e-03  7.962042e+00  1.504842e-01 
  121989117   9.268488e+02   9.289880e-01   6.862371e+02   8.962531e+01 148200711122145250      31880       5761    32 2454417.411076  7.582478e+00  1.088246e-03  7.908814e+00  1.418020e-01 
  121989759   4.587898e+02   1.791144e+00   6.968114e+02   1.604465e+02 143200711122156070        407       4263    32 2454417.418507  8.345965e+00  4.238798e-03  7.892212e+00  2.500004e-01 
  121989797   1.121741e+03   4.831278e+00   5.727664e+02   4.955128e+02 148200711122156460      31819       5879    32 2454417.418947  7.375268e+00  4.676223e-03  8.105056e+00  9.392976e-01 
  121990244   5.167437e+02   6.784562e+00   4.851604e+02   3.206912e+02 145200711122204120      11605      17598    32 2454417.424120  8.216812e+00  1.425517e-02  8.285287e+00  7.176746e-01 
  121990281   4.418120e+02   8.080040e+00   4.073437e+02   2.932386e+02 145200711122204500      11609      17593    32 2454417.424549  8.386907e+00  1.985646e-02  8.475098e+00  7.816025e-01 
  121990338   3.181277e+02   6.517251e+00   2.449749e+02   2.085791e+02 148200711122205470      31766       5960    32 2454417.425208  8.743496e+00  2.224276e-02  9.027196e+00  9.244319e-01 
  121990338   5.657963e+02   1.415797e+01   6.242996e+02   2.665958e+02 143200711122205470        351       4348    32 2454417.425208  8.118350e+00  2.716856e-02  8.011518e+00  4.636455e-01 
  121990376   2.582875e+02   4.138125e+00   2.853086e+02   2.268652e+02 148200711122206250      31760       5962    32 2454417.425648  8.969742e+00  1.739506e-02  8.861712e+00  8.633339e-01 
  121990376   9.281331e+02   1.453664e+01   1.228513e+03   5.098586e+02 143200711122206250        348       4353    32 2454417.425648  7.580974e+00  1.700512e-02  7.276551e+00  4.506049e-01 
  121990913   9.179490e+02   2.450532e+00   8.676831e+02   4.198201e+02 145200711122215220      11681      17505    32 2454417.431863  7.592954e+00  2.898462e-03  7.654097e+00  5.253248e-01 
  121990951   9.739794e+02   2.616457e+00   9.428376e+02   4.561826e+02 145200711122216000      11684      17497    32 2454417.432303  7.528625e+00  2.916686e-03  7.563908e+00  5.253245e-01 
  121991774   6.220410e+02   9.740455e-01   5.824387e+02   2.561469e+02 148200711122229430      31605       6178    32 2454417.441829  8.015452e+00  1.700145e-03  8.086875e+00  4.774905e-01 
  121991814   6.246440e+02   1.013870e+00   6.211783e+02   2.764392e+02 148200711122230220      31601       6183    32 2454417.442292  8.010919e+00  1.762283e-03  8.016959e+00  4.831803e-01 
  122073876   9.777720e+02   9.489383e-01   9.777720e+02   9.489383e-01 148200711132118050      31996       5590     0 2454418.392083  7.524406e+00  1.053722e-03  7.524406e+00  1.053722e-03 
  122073913   5.790410e+02   1.214209e+00   5.790410e+02   1.214209e+00 148200711132118430      31994       5596     0 2454418.392512  8.093226e+00  2.276722e-03  8.093226e+00  2.276722e-03 
  122327188   1.253191e+03   3.391702e+00   8.387705e+02   2.964485e+02 145200711161940010      11426      15694    32 2454421.323935  7.254957e+00  2.938505e-03  7.690892e+00  3.837355e-01 
  122327478   8.712549e+02   5.548265e+00   5.434936e+02   3.437982e+02 145200711161944520      11427      15652    32 2454421.327292  7.649637e+00  6.914135e-03  8.162014e+00  6.868074e-01 
  125011677   1.010945e+03   8.153922e-01   6.657406e+02   1.152232e+02 148200712172123120      31072       7216    32 2454452.394410  7.488181e+00  8.757188e-04  7.941737e+00  1.879147e-01 
  125011717   9.682153e+02   8.141167e-01   6.474833e+02   9.938492e+01 148200712172123510      31066       7219    32 2454452.394873  7.535070e+00  9.129365e-04  7.971929e+00  1.666548e-01 
  125012137   1.199395e+03   1.058876e+00   6.996469e+02   1.160761e+02 148200712172130520      31001       7323    32 2454452.399734  7.302594e+00  9.585367e-04  7.887803e+00  1.801315e-01 
  125012177   1.195644e+03   1.067765e+00   6.925232e+02   1.118385e+02 148200712172131310      30994       7329    32 2454452.400197  7.305995e+00  9.696161e-04  7.898914e+00  1.753407e-01 
  125012616   1.927151e+03   3.864055e+00   1.071702e+03   4.577336e+02 148200712172138510      30918       7375    32 2454452.405278  6.787710e+00  2.176974e-03  7.424815e+00  4.637292e-01 
  125012654   1.406032e+03   2.844449e+00   8.222968e+02   3.448589e+02 148200712172139290      30913       7381    32 2454452.405718  7.130012e+00  2.196487e-03  7.712429e+00  4.553429e-01 
  125013753   1.959797e+01   1.425484e+01   1.065800e+01   2.001905e+01 148200712172157480      30700       7490    32 2454452.418438  1.176947e+01  7.897274e-01  1.243081e+01  2.039360e+00 
