\OBJNAME = '1SWASP J185326.23+241640.7'
\OBSSTART = '2004-05-03T01:31:01'
\OBSSTOP = '2007-07-14T21:29:42'
\TSTART = 10632820
\TSTOP = 111533741
\JD_REF = 2453005.5
\RA_OBJ = '283.359328'
\DEC_OBJ = '24.277997'
\WASP_MAG = 8.781394
\HJD_START = 2453128.565046
\HJD_STOP = 2454296.399780
\fixlen = T
\NUMRECORDS = 79
\
\ This file was produced by the NASA Exoplanet Archive  http://exoplanetarchive.ipac.caltech.edu 
\ Wed Sep 11, 15:08:44 2013
\ Documentation for the SuperWASP dataset can be found at http://exoplanetarchive.ipac.caltech.edu/docs/SuperWASPMission.html
\
|TMID      |FLUX2         |FLUX2_ERR     |TAMFLUX2      |TAMFLUX2_ERR  |IMAGEID           |CCDX      |CCDY      |FLAG |           HJD|         MAG2|     MAG2_ERR|      TAMMAG2|  TAMMAG2_ERR|
|int       |float         |float         |float         |float         |char              |int       |int       |int  |        double|        float|        float|        float|        float|
|sec       |micro Vega    |micro Vega    |micro Vega    |micro Vega    |                  |1/16 pixel|1/16 pixel|     |           day|          mag|          mag|          mag|          mag|
|null      |null          |null          |null          |null          |null              |null      |null      |null |          null|         null|         null|         null|         null|
   10632820   2.974643e+02   3.679544e-01   2.974638e+02   3.679544e-01 101200405030131010      17358      26461    32 2453128.565046  8.816413e+00  1.343028e-03  8.816415e+00  1.343030e-03 
   10633180   2.960075e+02   3.671142e-01   2.960070e+02   3.671142e-01 101200405030137010      17337      26473    32 2453128.569213  8.821743e+00  1.346556e-03  8.821745e+00  1.346558e-03 
   10635822   3.015585e+02   3.460607e-01   3.015581e+02   3.460607e-01 101200405030221030      17183      26363    32 2453128.599792  8.801571e+00  1.245967e-03  8.801573e+00  1.245969e-03 
   10636254   3.038654e+02   3.474865e-01   3.038649e+02   3.474865e-01 101200405030228140      17160      26346    32 2453128.604792  8.793297e+00  1.241602e-03  8.793299e+00  1.241604e-03 
   10636613   3.049897e+02   3.460280e-01   3.049892e+02   3.460280e-01 101200405030234140      17142      26283    32 2453128.608947  8.789288e+00  1.231833e-03  8.789289e+00  1.231835e-03 
   10637267   3.061335e+02   3.419840e-01   3.061331e+02   3.419840e-01 101200405030245080      17111      26289    32 2453128.616516  8.785223e+00  1.212888e-03  8.785224e+00  1.212890e-03 
   10637627   3.052318e+02   3.382833e-01   3.052313e+02   3.382833e-01 101200405030251080      17093      26226    32 2453128.620683  8.788425e+00  1.203308e-03  8.788427e+00  1.203310e-03 
   10637988   3.036335e+02   3.336904e-01   3.036331e+02   3.336904e-01 101200405030257080      17074      26208    32 2453128.624861  8.794126e+00  1.193218e-03  8.794127e+00  1.193220e-03 
   10638570   3.027158e+02   3.340046e-01   3.027154e+02   3.340046e-01 101200405030306510      17043      26170    32 2453128.631597  8.797412e+00  1.197962e-03  8.797414e+00  1.197964e-03 
   10638931   3.041747e+02   3.341680e-01   3.041742e+02   3.341680e-01 101200405030312510      17028      26152    32 2453128.635775  8.792192e+00  1.192800e-03  8.792194e+00  1.192802e-03 
   10639290   3.007026e+02   3.321561e-01   3.007021e+02   3.321561e-01 101200405030318510      17010      26150    32 2453128.639931  8.804657e+00  1.199308e-03  8.804659e+00  1.199310e-03 
   10639650   3.018104e+02   3.285454e-01   3.018099e+02   3.285454e-01 101200405030324510      16995      26158    32 2453128.644097  8.800665e+00  1.181917e-03  8.800666e+00  1.181919e-03 
   10640085   3.021414e+02   3.297226e-01   3.021409e+02   3.297226e-01 101200405030332050      16984      26114    32 2453128.649132  8.799475e+00  1.184853e-03  8.799476e+00  1.184855e-03 
   10640444   3.043280e+02   3.280635e-01   3.043275e+02   3.280635e-01 101200405030338050      16965      26093    32 2453128.653287  8.791645e+00  1.170420e-03  8.791647e+00  1.170422e-03 
   10640804   3.013991e+02   3.227039e-01   3.013987e+02   3.227039e-01 101200405030344050      16957      26081    32 2453128.657454  8.802145e+00  1.162487e-03  8.802147e+00  1.162489e-03 
   10641165   3.012148e+02   3.241461e-01   3.012143e+02   3.241461e-01 101200405030350050      16944      26087    32 2453128.661632  8.802810e+00  1.168397e-03  8.802811e+00  1.168399e-03 
   10641525   3.017556e+02   3.231693e-01   3.017551e+02   3.231693e-01 101200405030356050      16930      26071    32 2453128.665799  8.800861e+00  1.162788e-03  8.800863e+00  1.162790e-03 
   10641883   3.042332e+02   3.235040e-01   3.042327e+02   3.235040e-01 101200405030402040      16917      26059    32 2453128.669942  8.791984e+00  1.154513e-03  8.791986e+00  1.154515e-03 
   10642244   3.056600e+02   3.216375e-01   3.056595e+02   3.216375e-01 101200405030408050      16907      26024    32 2453128.674120  8.786903e+00  1.142494e-03  8.786905e+00  1.142496e-03 
   10642605   3.043526e+02   3.169787e-01   3.043521e+02   3.169787e-01 101200405030414050      16896      26012    32 2453128.678299  8.791557e+00  1.130782e-03  8.791559e+00  1.130784e-03 
   10642965   3.056863e+02   3.181845e-01   3.056859e+02   3.181845e-01 101200405030420050      16884      25989    32 2453128.682465  8.786810e+00  1.130131e-03  8.786812e+00  1.130133e-03 
   10643788   3.056898e+02   3.142484e-01   3.056894e+02   3.142484e-01 101200405030433490      16861      25931    32 2453128.691991  8.786798e+00  1.116138e-03  8.786799e+00  1.116140e-03 
   10644099   3.092297e+02   3.136112e-01   3.092293e+02   3.136112e-01 101200405030438590      16857      25887    32 2453128.695590  8.774297e+00  1.101124e-03  8.774299e+00  1.101125e-03 
   10644408   3.106594e+02   3.117849e-01   3.106590e+02   3.117849e-01 101200405030444090      16851      25819    32 2453128.699167  8.769289e+00  1.089673e-03  8.769290e+00  1.089675e-03 
   10644717   3.101374e+02   3.084336e-01   3.101370e+02   3.084336e-01 101200405030449180      16844      25793    32 2453128.702743  8.771114e+00  1.079775e-03  8.771116e+00  1.079777e-03 
   10645030   3.105341e+02   3.076268e-01   3.105336e+02   3.076268e-01 101200405030454300      16838      25747    32 2453128.706366  8.769727e+00  1.075575e-03  8.769729e+00  1.075577e-03 
   10645339   3.067593e+02   3.027048e-01   3.067588e+02   3.027048e-01 101200405030459400      16831      25755    32 2453128.709942  8.783006e+00  1.071390e-03  8.783008e+00  1.071391e-03 
   10645650   3.115929e+02   3.043513e-01   3.115925e+02   3.043512e-01 101200405030504500      16825      25754    32 2453128.713542  8.766031e+00  1.060507e-03  8.766032e+00  1.060508e-03 
   10645959   3.104818e+02   3.006633e-01   3.104814e+02   3.006633e-01 101200405030510000      16820      25704    32 2453128.717118  8.769910e+00  1.051405e-03  8.769911e+00  1.051407e-03 
   10646269   3.093999e+02   2.951964e-01   3.093994e+02   2.951964e-01 101200405030515100      16814      25712    32 2453128.720706  8.773700e+00  1.035897e-03  8.773702e+00  1.035899e-03 
   10646580   3.104571e+02   2.974108e-01   3.104566e+02   2.974108e-01 101200405030520200      16810      25674    32 2453128.724306  8.769996e+00  1.040114e-03  8.769998e+00  1.040116e-03 
   10646890   3.108752e+02   2.987877e-01   3.108747e+02   2.987877e-01 101200405030525300      16807      25672    32 2453128.727894  8.768535e+00  1.043524e-03  8.768537e+00  1.043526e-03 
   10647390   3.083094e+02   3.185495e-01   3.083089e+02   3.185495e-01 101200405030533510      16798      25661    32 2453128.733681  8.777534e+00  1.121802e-03  8.777534e+00  1.121803e-03 
   10647702   3.098984e+02   3.701547e-01   3.098979e+02   3.701547e-01 101200405030539010      16791      25673    32 2453128.737292  8.771952e+00  1.296850e-03  8.771954e+00  1.296852e-03 
   10718967   3.096239e+02   4.256999e-01   3.096235e+02   4.256999e-01 101200405040126420      17350      26392    32 2453129.562118  8.772914e+00  1.492777e-03  8.772915e+00  1.492779e-03 
   10719326   3.048771e+02   4.212468e-01   3.048766e+02   4.212468e-01 101200405040132420      17331      26356    32 2453129.566273  8.789688e+00  1.500160e-03  8.789690e+00  1.500163e-03 
   10719810   3.036395e+02   4.165153e-01   3.036391e+02   4.165153e-01 101200405040140450      17302      26342    32 2453129.571875  8.794105e+00  1.489356e-03  8.794106e+00  1.489358e-03 
   10720170   3.016275e+02   4.102716e-01   3.016270e+02   4.102716e-01 101200405040146450      17278      26370    32 2453129.576042  8.801323e+00  1.476816e-03  8.801324e+00  1.476818e-03 
   10720529   3.046361e+02   4.088886e-01   3.046356e+02   4.088886e-01 101200405040152450      17259      26350    32 2453129.580197  8.790546e+00  1.457302e-03  8.790548e+00  1.457304e-03 
   10720889   3.056424e+02   4.080783e-01   3.056419e+02   4.080783e-01 101200405040158450      17236      26326    32 2453129.584363  8.786966e+00  1.449625e-03  8.786967e+00  1.449627e-03 
   10721250   3.050661e+02   4.018992e-01   3.050657e+02   4.018992e-01 101200405040204450      17214      26344    32 2453129.588542  8.789015e+00  1.430372e-03  8.789017e+00  1.430374e-03 
   10721610   3.063303e+02   3.986086e-01   3.063298e+02   3.986086e-01 101200405040210450      17195      26311    32 2453129.592708  8.784525e+00  1.412806e-03  8.784527e+00  1.412808e-03 
   10721969   3.073497e+02   3.944359e-01   3.073493e+02   3.944359e-01 101200405040216450      17175      26320    32 2453129.596863  8.780918e+00  1.393380e-03  8.780919e+00  1.393382e-03 
   10722438   3.046441e+02   3.904828e-01   3.046436e+02   3.904828e-01 101200405040224330      17152      26280    32 2453129.602292  8.790518e+00  1.391666e-03  8.790520e+00  1.391668e-03 
   10722798   3.078462e+02   3.889847e-01   3.078457e+02   3.889847e-01 101200405040230330      17132      26257    32 2453129.606458  8.779165e+00  1.371907e-03  8.779167e+00  1.371909e-03 
   10723157   3.069840e+02   3.918662e-01   3.069835e+02   3.918662e-01 101200405040236330      17113      26245    32 2453129.610613  8.782210e+00  1.385951e-03  8.782212e+00  1.385953e-03 
   10723517   3.069482e+02   3.851117e-01   3.069477e+02   3.851117e-01 101200405040242330      17094      26266    32 2453129.614780  8.782337e+00  1.362221e-03  8.782339e+00  1.362223e-03 
   10723878   3.056404e+02   3.816510e-01   3.056399e+02   3.816510e-01 101200405040248330      17075      26202    32 2453129.618958  8.786973e+00  1.355756e-03  8.786975e+00  1.355758e-03 
   10724238   3.081966e+02   3.772766e-01   3.081962e+02   3.772766e-01 101200405040254340      17059      26225    32 2453129.623125  8.777930e+00  1.329101e-03  8.777932e+00  1.329103e-03 
   10724599   3.061088e+02   3.746966e-01   3.061084e+02   3.746966e-01 101200405040300340      17042      26202    32 2453129.627303  8.785311e+00  1.329015e-03  8.785312e+00  1.329017e-03 
   10724958   3.058979e+02   3.715675e-01   3.058975e+02   3.715675e-01 101200405040306340      17024      26183    32 2453129.631458  8.786058e+00  1.318825e-03  8.786060e+00  1.318827e-03 
   10725318   3.058187e+02   3.698093e-01   3.058182e+02   3.698093e-01 101200405040312340      17007      26163    32 2453129.635625  8.786340e+00  1.312924e-03  8.786342e+00  1.312926e-03 
   10725802   3.068165e+02   3.707475e-01   3.068161e+02   3.707475e-01 101200405040320370      16987      26136    32 2453129.641227  8.782804e+00  1.311974e-03  8.782804e+00  1.311976e-03 
   10726112   3.049365e+02   3.684250e-01   3.049361e+02   3.684250e-01 101200405040325470      16977      26121    32 2453129.644815  8.789476e+00  1.311794e-03  8.789478e+00  1.311796e-03 
   10726472   3.061540e+02   3.667590e-01   3.061535e+02   3.667590e-01 101200405040331470      16956      26099    32 2453129.648981  8.785151e+00  1.300669e-03  8.785151e+00  1.300671e-03 
   10726831   3.066889e+02   3.655581e-01   3.066884e+02   3.655581e-01 101200405040337470      16944      26086    32 2453129.653137  8.783255e+00  1.294149e-03  8.783257e+00  1.294151e-03 
   10727193   3.087738e+02   3.656709e-01   3.087733e+02   3.656709e-01 101200405040343480      16932      26055    32 2453129.657326  8.775899e+00  1.285807e-03  8.775901e+00  1.285809e-03 
   10727552   3.086992e+02   3.661849e-01   3.086988e+02   3.661849e-01 101200405040349480      16921      26045    32 2453129.661481  8.776161e+00  1.287926e-03  8.776163e+00  1.287927e-03 
   10727912   3.076731e+02   3.649035e-01   3.076727e+02   3.649035e-01 101200405040355480      16909      26022    32 2453129.665648  8.779776e+00  1.287699e-03  8.779778e+00  1.287701e-03 
   10728273   3.058576e+02   3.615540e-01   3.058571e+02   3.615540e-01 101200405040401480      16896      26025    32 2453129.669826  8.786201e+00  1.283452e-03  8.786203e+00  1.283454e-03 
   10728632   3.089149e+02   3.624475e-01   3.089145e+02   3.624475e-01 101200405040407480      16885      26006    32 2453129.673981  8.775403e+00  1.273890e-03  8.775404e+00  1.273892e-03 
   10729116   3.091692e+02   3.603038e-01   3.091688e+02   3.603038e-01 101200405040415520      16869      25989    32 2453129.679583  8.774509e+00  1.265314e-03  8.774511e+00  1.265316e-03 
   10729478   3.096374e+02   3.581385e-01   3.096369e+02   3.581385e-01 101200405040421520      16860      25958    32 2453129.683773  8.772866e+00  1.255809e-03  8.772868e+00  1.255811e-03 
   10729787   3.113291e+02   3.537867e-01   3.113287e+02   3.537866e-01 101200405040427010      16852      25952    32 2453129.687350  8.766951e+00  1.233808e-03  8.766953e+00  1.233810e-03 
   10730147   3.115341e+02   3.547671e-01   3.115336e+02   3.547671e-01 101200405040433010      16843      25933    32 2453129.691516  8.766236e+00  1.236413e-03  8.766237e+00  1.236415e-03 
   10730506   3.101695e+02   3.512551e-01   3.101691e+02   3.512551e-01 101200405040439010      16833      25892    32 2453129.695671  8.771002e+00  1.229559e-03  8.771004e+00  1.229561e-03 
   10730866   3.116827e+02   3.525396e-01   3.116822e+02   3.525396e-01 101200405040445010      16825      25869    32 2453129.699838  8.765718e+00  1.228064e-03  8.765720e+00  1.228066e-03 
   10731226   3.128291e+02   3.451392e-01   3.128287e+02   3.451392e-01 101200405040451010      16818      25823    32 2453129.704005  8.761732e+00  1.197879e-03  8.761734e+00  1.197881e-03 
   10731937   3.133297e+02   3.450936e-01   3.133293e+02   3.450936e-01 101200405040502520      16797      25767    32 2453129.712234  8.759996e+00  1.195807e-03  8.759997e+00  1.195809e-03 
   10732298   3.134777e+02   3.427077e-01   3.134773e+02   3.427077e-01 101200405040508520      16799      25734    32 2453129.716412  8.759483e+00  1.186979e-03  8.759485e+00  1.186981e-03 
   10732657   3.171210e+02   3.419376e-01   3.171206e+02   3.419376e-01 101200405040514510      16793      25728    32 2453129.720567  8.746938e+00  1.170706e-03  8.746939e+00  1.170707e-03 
   10733017   3.148101e+02   3.412045e-01   3.148097e+02   3.412044e-01 101200405040520510      16787      25706    32 2453129.724734  8.754878e+00  1.176771e-03  8.754880e+00  1.176772e-03 
   10733167   3.121311e+02   3.413642e-01   3.121306e+02   3.413642e-01 101200405040523220      16778      25982    32 2453129.726470  8.764157e+00  1.187427e-03  8.764159e+00  1.187428e-03 
   10733327   3.148278e+02   3.414731e-01   3.148274e+02   3.414731e-01 101200405040526020      16785      25724    32 2453129.728322  8.754817e+00  1.177631e-03  8.754819e+00  1.177633e-03 
   10733528   3.111431e+02   3.476568e-01   3.111426e+02   3.476568e-01 101200405040529220      16770      25944    32 2453129.730648  8.767599e+00  1.213155e-03  8.767601e+00  1.213157e-03 
   10733687   3.166862e+02   3.563065e-01   3.166858e+02   3.563065e-01 101200405040532020      16777      25704    32 2453129.732488  8.748427e+00  1.221576e-03  8.748428e+00  1.221578e-03 
   10733888   3.112024e+02   3.689274e-01   3.112019e+02   3.689274e-01 101200405040535220      16767      25920    32 2453129.734815  8.767393e+00  1.287134e-03  8.767394e+00  1.287136e-03 
  111533704   4.438597e+02   5.233352e-01   4.438597e+02   5.233352e-01 141200707142129050       3202      24918     0 2454296.399352  8.381886e+00  1.280148e-03  8.381886e+00  1.280148e-03 
  111533741   4.439983e+02   5.232029e-01   4.439983e+02   5.232029e-01 141200707142129420       3202      24919     0 2454296.399780  8.381547e+00  1.279425e-03  8.381547e+00  1.279425e-03 
