\OBJNAME = '1SWASP J051357.69+563028.6'
\OBSSTART = '2006-09-11T05:22:28'
\OBSSTOP = '2007-12-17T22:03:24'
\TSTART = 85036932
\TSTOP = 125014227
\JD_REF = 2453005.5
\RA_OBJ = '78.490378'
\DEC_OBJ = '56.50795'
\WASP_MAG = 8.458861
\HJD_START = 2453989.723750
\HJD_STOP = 2454452.423924
\fixlen = T
\NUMRECORDS = 95
\
\ This file was produced by the NASA Exoplanet Archive  http://exoplanetarchive.ipac.caltech.edu 
\ Tue Sep 17, 19:23:38 2013
\ Documentation for the SuperWASP dataset can be found at http://exoplanetarchive.ipac.caltech.edu/docs/SuperWASPMission.html
\
|TMID      |FLUX2         |FLUX2_ERR     |TAMFLUX2      |TAMFLUX2_ERR  |IMAGEID           |CCDX      |CCDY      |FLAG |           HJD|         MAG2|     MAG2_ERR|      TAMMAG2|  TAMMAG2_ERR|
|int       |float         |float         |float         |float         |char              |int       |int       |int  |        double|        float|        float|        float|        float|
|sec       |micro Vega    |micro Vega    |micro Vega    |micro Vega    |                  |1/16 pixel|1/16 pixel|     |           day|          mag|          mag|          mag|          mag|
|null      |null          |null          |null          |null          |null              |null      |null      |null |          null|         null|         null|         null|         null|
   85036932   3.627293e+02   6.018249e-01   3.627293e+02   6.018249e-01 145200609110522280       6871      31053     0 2453989.723750  8.601044e+00  1.801413e-03  8.601044e+00  1.801413e-03 
   85037271   3.606902e+02   5.240734e-01   3.606902e+02   5.240734e-01 145200609110528070       6912      31003     0 2453989.727674  8.607164e+00  1.577551e-03  8.607164e+00  1.577551e-03 
   85037543   3.578416e+02   4.781373e-01   3.578416e+02   4.781373e-01 145200609110532390       6942      30961     0 2453989.730822  8.615773e+00  1.450733e-03  8.615773e+00  1.450733e-03 
   85037951   3.588844e+02   5.103926e-01   3.588844e+02   5.103926e-01 145200609110539260       6957      30886     0 2453989.735544  8.612614e+00  1.544101e-03  8.612614e+00  1.544101e-03 
   85038368   3.568594e+02   5.221634e-01   3.568594e+02   5.221634e-01 145200609110546240       7006      30822     0 2453989.740370  8.618757e+00  1.588675e-03  8.618757e+00  1.588675e-03 
   85039183   3.580780e+02   5.566496e-01   3.580780e+02   5.566496e-01 145200609110559580       7067      30710     0 2453989.749803  8.615056e+00  1.687836e-03  8.615056e+00  1.687836e-03 
  118117029   1.257565e+02   8.473231e-01   1.380424e+02   4.425807e+01 145200709290215210      30640      24776    32 2454372.595243  9.751174e+00  7.315509e-03  9.649968e+00  3.481013e-01 
  118117069   1.346751e+02   8.295873e-01   1.473029e+02   4.647794e+01 145200709290216000      30637      24768    32 2454372.595706  9.676782e+00  6.688067e-03  9.579472e+00  3.425794e-01 
  120018008   2.622609e+02   2.865457e-01   3.591036e+02   2.216846e+00 148200710210215580      12188       5634    32 2454394.597315  8.953166e+00  1.186277e-03  8.611951e+00  6.702575e-03 
  120018726   2.479209e+02   2.782344e-01   3.354517e+02   1.406153e+00 148200710210227550      12155       5778    32 2454394.605625  9.014217e+00  1.218494e-03  8.685925e+00  4.551226e-03 
  120020154   2.715046e+02   3.724061e-01   2.214865e+02   7.462767e-01 145200710210251440      31008      21010    32 2454394.622153  8.915557e+00  1.489242e-03  9.136632e+00  3.658294e-03 
  120020246   2.326042e+02   2.675444e-01   3.006989e+02   7.786548e-01 148200710210253150      12061       6065    32 2454394.623218  9.083456e+00  1.248832e-03  8.804670e+00  2.811505e-03 
  120020284   2.320132e+02   2.676106e-01   3.012554e+02   5.941799e-01 148200710210253540      12059       6074    32 2454394.623657  9.086218e+00  1.252324e-03  8.802663e+00  2.141454e-03 
  120020854   2.306471e+02   2.660554e-01   2.905717e+02   8.933536e-01 148200710210303230      12019       6226    32 2454394.630255  9.092630e+00  1.252420e-03  8.841866e+00  3.338073e-03 
  120021378   2.363731e+02   2.694995e-01   2.937589e+02   1.188724e+00 148200710210312070      11976       6323    32 2454394.636319  9.066005e+00  1.237901e-03  8.830023e+00  4.393553e-03 
  120022079   2.489126e+02   2.750163e-01   3.018099e+02   6.898988e-01 148200710210323480      11901       6452    32 2454394.644433  9.009883e+00  1.199603e-03  8.800667e+00  2.481863e-03 
  120022618   2.583232e+02   2.786125e-01   2.979681e+02   3.580434e-01 148200710210332480      11880       6848    32 2454394.650671  8.969591e+00  1.171016e-03  8.814575e+00  1.304643e-03 
  120357465   1.206718e+02   8.293893e-01   1.835266e+02   5.972122e+01 145200710250033120      30858      21272    32 2454398.526215  9.795985e+00  7.462400e-03  9.340753e+00  3.533098e-01 
  120357505   1.312190e+02   8.202231e-01   1.994603e+02   6.414558e+01 145200710250033510      30856      21262    32 2454398.526678  9.705008e+00  6.786736e-03  9.250359e+00  3.491694e-01 
  121325356   4.298378e+02   5.394320e-01   4.543436e+02   1.551587e+01 148200711050523470      10326       8713    32 2454409.728657  8.416739e+00  1.362567e-03  8.356539e+00  3.707810e-02 
  121325396   4.423985e+02   5.392913e-01   4.031600e+02   1.667577e+01 148200711050524260      10317       8718    32 2454409.729120  8.385466e+00  1.323535e-03  8.486306e+00  4.490910e-02 
  121327986   4.468312e+02   5.916376e-01   8.024048e+02   1.114955e+02 148200711050607350       9798       8845    32 2454409.759097  8.374641e+00  1.437600e-03  7.739016e+00  1.508654e-01 
  121328618   4.863494e+02   6.944935e-01   4.590275e+02   3.114795e+01 148200711050618080       9688       8866    32 2454409.766412  8.282629e+00  1.550407e-03  8.345403e+00  7.367439e-02 
  121328658   3.909817e+02   6.370147e-01   3.100640e+02   3.617255e+01 148200711050618470       9680       8865    32 2454409.766875  8.519608e+00  1.768963e-03  8.771372e+00  1.266641e-01 
  121404370   4.197296e+02   4.890552e-01   4.170556e+02   1.550058e+01 148200711060320360      11629       8589    32 2454410.643171  8.442575e+00  1.265069e-03  8.449515e+00  4.035337e-02 
  121407864   4.394782e+02   5.523325e-01   4.531042e+02   2.565291e+01 148200711060418500      11083       9068    32 2454410.683611  8.392656e+00  1.364549e-03  8.359505e+00  6.147016e-02 
  121408207   5.885624e+02   9.646037e-01   1.961974e+02   3.067653e+01 145200711060424320      32386      18220    32 2454410.687581  8.075519e+00  1.779435e-03  9.268267e+00  1.697613e-01 
  121408245   5.441003e+02   9.395109e-01   1.841391e+02   2.757732e+01 145200711060425110      32395      18213    32 2454410.688021  8.160803e+00  1.874773e-03  9.337134e+00  1.626042e-01 
  121408302   4.477883e+02   5.683897e-01   3.694127e+02   2.042207e+01 148200711060426080      11007       9113    32 2454410.688681  8.372318e+00  1.378159e-03  8.581221e+00  6.002247e-02 
  121408819   4.429460e+02   5.265838e-01   3.962666e+02   1.579271e+01 148200711060434450      10912       9169    32 2454410.694664  8.384123e+00  1.290751e-03  8.505032e+00  4.327080e-02 
  121409975   4.149658e+02   5.636548e-01   4.087085e+02   2.019447e+01 148200711060454010      10681       9288    32 2454410.708044  8.454969e+00  1.474778e-03  8.471466e+00  5.364689e-02 
  121411206   4.314388e+02   5.027812e-01   4.635057e+02   1.054515e+01 148200711060514320      10461       9383    32 2454410.722292  8.412702e+00  1.265277e-03  8.334862e+00  2.470152e-02 
  121411539   4.245412e+02   6.196148e-01   4.719526e+02   2.561322e+01 148200711060520040      10397       9402    32 2454410.726146  8.430201e+00  1.584630e-03  8.315254e+00  5.892391e-02 
  121411575   4.339131e+02   6.391225e-01   4.818982e+02   2.873866e+01 148200711060520410      10389       9405    32 2454410.726562  8.406493e+00  1.599216e-03  8.292612e+00  6.474960e-02 
  122177579   4.661829e+02   6.649042e-01   4.180378e+02   5.005020e+01 145200711150206480      31326      20644    32 2454419.592350  8.328609e+00  1.548562e-03  8.446961e+00  1.299918e-01 
  122177638   4.393271e+02   4.864553e-01   3.572499e+02   2.310238e+01 148200711150207470      11744       6484    32 2454419.593032  8.393030e+00  1.202211e-03  8.617570e+00  7.021186e-02 
  122177677   4.450515e+02   5.435326e-01   3.430754e+02   2.489106e+01 148200711150208260      11740       6492    32 2454419.593484  8.378974e+00  1.325993e-03  8.661526e+00  7.877343e-02 
  122178190   5.330302e+02   8.478484e-01   4.556925e+02   5.895617e+01 145200711150216590      31393      20601    32 2454419.599421  8.183121e+00  1.726999e-03  8.353320e+00  1.404699e-01 
  122184265   5.022767e+02   6.516018e-01   4.539862e+02   2.749934e+01 145200711150358150      32319      20000    32 2454419.669734  8.247643e+00  1.408527e-03  8.357393e+00  6.576660e-02 
  122185503   4.977595e+02   7.689621e-01   4.269288e+02   9.631570e+01 145200711150418530      32551      19872    32 2454419.684063  8.257451e+00  1.677302e-03  8.424111e+00  2.449444e-01 
  122185540   5.344517e+02   7.132580e-01   4.228311e+02   5.212735e+01 145200711150419300      32561      19818    32 2454419.684491  8.180229e+00  1.448985e-03  8.434583e+00  1.338519e-01 
  122186013   4.915541e+02   6.234817e-01   4.519025e+02   3.528802e+01 145200711150427230      32651      19793    32 2454419.689965  8.271071e+00  1.377140e-03  8.362389e+00  8.478293e-02 
  122186637   4.300678e+02   5.111250e-01   5.231829e+02   2.286303e+01 148200711150437470      10333       7651    32 2454419.697188  8.416158e+00  1.290375e-03  8.203366e+00  4.744672e-02 
  122186677   4.045736e+02   6.351690e-01   6.069219e+02   5.613958e+01 148200711150438260      10324       7655    32 2454419.697650  8.482506e+00  1.704580e-03  8.042168e+00  1.004297e-01 
  122187583   4.742535e+02   7.256479e-01   5.545930e+02   5.074317e+01 148200711150453320      10145       7670    32 2454419.708137  8.309974e+00  1.661274e-03  8.140064e+00  9.934112e-02 
  122187621   4.820137e+02   6.720256e-01   3.182734e+02   3.435538e+01 148200711150454100      10138       7675    32 2454419.708576  8.292352e+00  1.513743e-03  8.742999e+00  1.171980e-01 
  122188148   4.818523e+02   8.461587e-01   2.949958e+02   5.113865e+01 148200711150502580      10013       7658    32 2454419.714676  8.292715e+00  1.906618e-03  8.825460e+00  1.882172e-01 
  122188186   4.686546e+02   6.876069e-01   5.395416e+02   4.864195e+01 148200711150503360      10003       7657    32 2454419.715116  8.322867e+00  1.592990e-03  8.169938e+00  9.788404e-02 
  122188622   4.035368e+02   4.604137e-01   5.429358e+02   4.248037e+01 148200711150510510       9924       7733    32 2454419.720162  8.485292e+00  1.238771e-03  8.163129e+00  8.495044e-02 
  122188659   4.287852e+02   5.840613e-01   3.982345e+02   3.543628e+01 148200711150511290       9916       7734    32 2454419.720590  8.419400e+00  1.478920e-03  8.499653e+00  9.661289e-02 
  122188993   5.386206e+02   1.852115e+00   9.183479e+02   2.705389e+02 148200711150517020       9853       7747    32 2454419.724456  8.171793e+00  3.733455e-03  7.592482e+00  3.198515e-01 
  122189031   4.906099e+02   1.561694e+00   1.082934e+03   2.737978e+02 148200711150517400       9846       7746    32 2454419.724896  8.273159e+00  3.456094e-03  7.413496e+00  2.745073e-01 
  122189555   5.047250e+02   6.657839e-01   2.549268e+02   4.256713e+01 148200711150526240       9737       7778    32 2454419.730961  8.242363e+00  1.432202e-03  8.983961e+00  1.812945e-01 
  122189929   5.151238e+02   1.049187e+00   5.744203e+02   1.051575e+02 148200711150532390       9660       7785    32 2454419.735289  8.220221e+00  2.211399e-03  8.101926e+00  1.987633e-01 
  122189967   5.114746e+02   8.318249e-01   7.093867e+02   8.584269e+01 148200711150533170       9653       7789    32 2454419.735729  8.227940e+00  1.765768e-03  7.872792e+00  1.313851e-01 
  122190313   4.521085e+02   1.030627e+00   4.815523e+02   7.402557e+01 148200711150539020       9581       7796    32 2454419.739734  8.361894e+00  2.475053e-03  8.293391e+00  1.669030e-01 
  122190351   4.981467e+02   1.059389e+00   5.425053e+02   8.948957e+01 148200711150539410       9573       7797    32 2454419.740174  8.256607e+00  2.309002e-03  8.163990e+00  1.790995e-01 
  122192349   4.486819e+02   3.739954e+00   5.821427e+02   2.825240e+02 148200711150612580       9186       7848    32 2454419.763299  8.370153e+00  9.050103e-03  8.087426e+00  5.269287e-01 
  122192387   5.144574e+02   3.889957e+00   7.081624e+02   3.562639e+02 148200711150613370       9178       7850    32 2454419.763738  8.221626e+00  8.209584e-03  7.874668e+00  5.462164e-01 
  122192785   4.710161e+02   2.725916e+00   7.234376e+02   2.657857e+02 148200711150620150       9103       7904    32 2454419.768345  8.317410e+00  6.283514e-03  7.851497e+00  3.988930e-01 
  122193137   4.772994e+02   1.758306e+00   5.684066e+02   1.409544e+02 148200711150626060       9023       7906    32 2454419.772419  8.303022e+00  3.999717e-03  8.113353e+00  2.692436e-01 
  122193175   5.088736e+02   1.477108e+00   8.311829e+02   2.008100e+02 148200711150626450       9017       7907    32 2454419.772859  8.233476e+00  3.151579e-03  7.700758e+00  2.623098e-01 
  122268789   4.400873e+02   4.568514e-01   4.545745e+02   2.222797e+01 148200711160326560      11053       7185    32 2454420.648021  8.391153e+00  1.127099e-03  8.355988e+00  5.309096e-02 
  122269234   5.187276e+02   6.800460e-01   4.409484e+02   2.816579e+01 145200711160334200      32115      20005    32 2454420.653171  8.212651e+00  1.423393e-03  8.389030e+00  6.935216e-02 
  122269272   5.246561e+02   6.861131e-01   4.406031e+02   2.836754e+01 145200711160334590      32124      19999    32 2454420.653611  8.200314e+00  1.419864e-03  8.389881e+00  6.990366e-02 
  122270467   4.686060e+02   6.990622e-01   4.792779e+02   6.297854e+01 145200711160354530      32385      19205    32 2454420.667442  8.322981e+00  1.619697e-03  8.298532e+00  1.426695e-01 
  122270505   5.081351e+02   7.516115e-01   4.760732e+02   4.660406e+01 145200711160355310      32393      19202    32 2454420.667882  8.235052e+00  1.605980e-03  8.305816e+00  1.062860e-01 
  122270567   4.773126e+02   5.314361e-01   3.921827e+02   2.075842e+01 148200711160356320      10821       8136    32 2454420.668600  8.302993e+00  1.208854e-03  8.516279e+00  5.746873e-02 
  122270605   4.365620e+02   5.021839e-01   3.997157e+02   1.907867e+01 148200711160357110      10814       8139    32 2454420.669039  8.399885e+00  1.248943e-03  8.495622e+00  5.182303e-02 
  122271037   5.400163e+02   7.912270e-01   3.997157e+02   2.289955e+01 145200711160404220      32488      19161    32 2454420.674039  8.168983e+00  1.590816e-03  8.495622e+00  6.220160e-02 
  122271075   5.506549e+02   8.184957e-01   3.933802e+02   2.812833e+01 145200711160405010      32496      19156    32 2454420.674479  8.147801e+00  1.613848e-03  8.512969e+00  7.763495e-02 
  122271221   4.784447e+02   5.406680e-01   3.998117e+02   2.545246e+01 148200711160407270      10702       8196    32 2454420.676169  8.300421e+00  1.226944e-03  8.495361e+00  6.911941e-02 
  122271260   4.905523e+02   5.220976e-01   3.517213e+02   2.374835e+01 148200711160408050      10694       8202    32 2454420.676620  8.273287e+00  1.155559e-03  8.634503e+00  7.330958e-02 
  122271697   5.018416e+02   6.345654e-01   4.240897e+02   2.030721e+01 145200711160415230      32610      19132    32 2454420.681678  8.248583e+00  1.372889e-03  8.431355e+00  5.198983e-02 
  122271736   5.359115e+02   6.566249e-01   4.334033e+02   2.603342e+01 145200711160416010      32617      19129    32 2454420.682130  8.177267e+00  1.330302e-03  8.407769e+00  6.521761e-02 
  122271826   4.486752e+02   4.322852e-01   3.188143e+02   1.596634e+01 148200711160417320      10594       8260    32 2454420.683171  8.370170e+00  1.046078e-03  8.741156e+00  5.437427e-02 
  123723907   4.947097e+02   5.078749e-01   4.023822e+02   8.601031e+01 148200712022338110      12409       8206    32 2454437.489664  8.264124e+00  1.114634e-03  8.488403e+00  2.320799e-01 
  123735086   4.865909e+02   3.797470e-01   3.017166e+02   2.082599e+01 148200712030244300      11244      12581    32 2454437.619051  8.282090e+00  8.473371e-04  8.801002e+00  7.494319e-02 
  123737356   4.846297e+02   3.810909e-01   3.013655e+02   1.822460e+01 148200712030322210      10821      12824    32 2454437.645324  8.286475e+00  8.537769e-04  8.802266e+00  6.565840e-02 
  123738028   4.837339e+02   3.822679e-01   2.999123e+02   1.753333e+01 148200712030333330      10692      12871    32 2454437.653102  8.288484e+00  8.579997e-04  8.807514e+00  6.347401e-02 
  123740180   4.826600e+02   3.864410e-01   3.098100e+02   1.639757e+01 148200712030409250      10244      12727    32 2454437.678009  8.290896e+00  8.692961e-04  8.772262e+00  5.746586e-02 
  123740801   4.850812e+02   3.883531e-01   3.113984e+02   1.653385e+01 148200712030419450      10117      12748    32 2454437.685197  8.285463e+00  8.692370e-04  8.766709e+00  5.764791e-02 
  123741422   4.850475e+02   3.895383e-01   3.101705e+02   1.667673e+01 148200712030430060       9989      12760    32 2454437.692384  8.285540e+00  8.719503e-04  8.770999e+00  5.837628e-02 
  123741990   4.876308e+02   3.948921e-01   3.115460e+02   1.659408e+01 148200712030439340       9874      12817    32 2454437.698958  8.279772e+00  8.792516e-04  8.766194e+00  5.783049e-02 
  123742632   4.958994e+02   4.421090e-01   3.365723e+02   2.057976e+01 148200712030450160       9741      12821    32 2454437.706389  8.261516e+00  9.679694e-04  8.682304e+00  6.638771e-02 
  123742670   4.952688e+02   4.470133e-01   3.353545e+02   2.089905e+01 148200712030450550       9734      12819    32 2454437.706829  8.262897e+00  9.799532e-04  8.686239e+00  6.766252e-02 
  124500147   2.184206e+02   1.928685e+00   3.007542e+02   1.847975e+02 148200712112315240      11895       4013    32 2454446.473924  9.151766e+00  9.587236e-03  8.804471e+00  6.671294e-01 
  124603657   4.386737e+02   4.295561e-01   4.837019e+02   7.030249e+00 148200712130400330       9226       5667    32 2454447.671956  8.394646e+00  1.063174e-03  8.288555e+00  1.578043e-02 
  125010213   7.822671e+01   4.430592e-01   9.188996e+01   4.368993e+01 145200712172056300      30598      24358    32 2454452.377465  1.026661e+01  6.149397e-03  1.009183e+01  5.162252e-01 
  125010253   8.570895e+01   4.339033e-01   9.970287e+01   4.745485e+01 145200712172057090      30594      24352    32 2454452.377928  1.016743e+01  5.496581e-03  1.000323e+01  5.167719e-01 
  125010681   1.825701e+02   3.965506e-01   2.290720e+02   9.605573e+01 145200712172104180      30587      24274    32 2454452.382882  9.346426e+00  2.358277e-03  9.100070e+00  4.552785e-01 
  125010721   1.909449e+02   3.943331e-01   2.377643e+02   9.638039e+01 145200712172104570      30586      24267    32 2454452.383345  9.297730e+00  2.242235e-03  9.059633e+00  4.401168e-01 
  125012566   4.629386e+02   1.606497e+00   4.222872e+02   2.690671e+01 145200712172135430      30586      23830    32 2454452.404699  8.336191e+00  3.767753e-03  8.435980e+00  6.917967e-02 
  125012606   4.222433e+02   1.629905e+00   3.956028e+02   4.357346e+01 145200712172136220      30587      23825    32 2454452.405162  8.436093e+00  4.191074e-03  8.506851e+00  1.195882e-01 
  125014227   3.132017e+02   2.307178e+00   3.070595e+02   1.145908e+02 145200712172203240      30612      23527    32 2454452.423924  8.760440e+00  7.998025e-03  8.781943e+00  4.051847e-01 
