\OBJNAME = '1SWASP J141009.99+523236.6'
\OBSSTART = '2006-04-11T22:43:10'
\OBSSTOP = '2008-05-17T22:07:02'
\TSTART = 71880439
\TSTOP = 138146969
\JD_REF = 2453005.5
\RA_OBJ = '212.541639'
\DEC_OBJ = '52.5435 '
\WASP_MAG = 11.39609
\HJD_START = 2453837.449525
\HJD_STOP = 2454604.423252
\fixlen = T
\NUMRECORDS = 58
\
\ This file was produced by the NASA Exoplanet Archive  http://exoplanetarchive.ipac.caltech.edu 
\ Thu Sep 12, 14:54:08 2013
\ Documentation for the SuperWASP dataset can be found at http://exoplanetarchive.ipac.caltech.edu/docs/SuperWASPMission.html
\
|TMID      |FLUX2         |FLUX2_ERR     |TAMFLUX2      |TAMFLUX2_ERR  |IMAGEID           |CCDX      |CCDY      |FLAG |           HJD|         MAG2|     MAG2_ERR|      TAMMAG2|  TAMMAG2_ERR|
|int       |float         |float         |float         |float         |char              |int       |int       |int  |        double|        float|        float|        float|        float|
|sec       |micro Vega    |micro Vega    |micro Vega    |micro Vega    |                  |1/16 pixel|1/16 pixel|     |           day|          mag|          mag|          mag|          mag|
|null      |null          |null          |null          |null          |null              |null      |null      |null |          null|         null|         null|         null|         null|
   71880439   2.768816e+01   2.929084e-01   2.768816e+01   2.929084e-01 145200604112243100      22842      27204     0 2453837.449525  1.139427e+01  1.148586e-02  1.139427e+01  1.148586e-02 
   71880821   2.722477e+01   2.859769e-01   2.722477e+01   2.859769e-01 145200604112249320      22847      27144     0 2453837.453947  1.141259e+01  1.140493e-02  1.141259e+01  1.140493e-02 
   71881143   2.795973e+01   2.848609e-01   2.795973e+01   2.848609e-01 145200604112254540      22850      27094     0 2453837.457674  1.138367e+01  1.106180e-02  1.138367e+01  1.106180e-02 
   71881463   2.782799e+01   2.839008e-01   2.782799e+01   2.839008e-01 145200604112300130      22856      27042     0 2453837.461377  1.138880e+01  1.107671e-02  1.138880e+01  1.107671e-02 
   71882026   2.775670e+01   2.811161e-01   2.775670e+01   2.811161e-01 145200604112309370      22870      26948     0 2453837.467894  1.139158e+01  1.099623e-02  1.139158e+01  1.099623e-02 
   71882356   2.780670e+01   2.773109e-01   2.780670e+01   2.773109e-01 145200604112315070      22881      26842     0 2453837.471713  1.138963e+01  1.082788e-02  1.138963e+01  1.082788e-02 
   71882695   2.772792e+01   2.710872e-01   2.772792e+01   2.710872e-01 145200604112320450      22895      26784     0 2453837.475637  1.139271e+01  1.061494e-02  1.139271e+01  1.061494e-02 
   71883080   2.756579e+01   2.701500e-01   2.756579e+01   2.701500e-01 145200604112327110      22913      26722     0 2453837.480093  1.139907e+01  1.064046e-02  1.139907e+01  1.064046e-02 
   71883462   2.757633e+01   2.705138e-01   2.757633e+01   2.705138e-01 145200604112333330      22889      26661     0 2453837.484514  1.139866e+01  1.065071e-02  1.139866e+01  1.065071e-02 
   71883856   2.727640e+01   2.670028e-01   2.727640e+01   2.670028e-01 145200604112340060      22917      26597     0 2453837.489074  1.141053e+01  1.062807e-02  1.141053e+01  1.062807e-02 
   71884309   2.751667e+01   2.632268e-01   2.751667e+01   2.632268e-01 145200604112347390      22948      26525     0 2453837.494317  1.140101e+01  1.038628e-02  1.140101e+01  1.038628e-02 
   71884690   2.767333e+01   2.610524e-01   2.767333e+01   2.610524e-01 145200604112354010      22979      26463     0 2453837.498727  1.139485e+01  1.024218e-02  1.139485e+01  1.024218e-02 
   71885088   2.732431e+01   2.614066e-01   2.732431e+01   2.614066e-01 145200604120000380      23014      26400     0 2453837.503333  1.140863e+01  1.038707e-02  1.140863e+01  1.038707e-02 
   71885486   2.782790e+01   2.582370e-01   2.782790e+01   2.582370e-01 145200604120007160      23006      26338     0 2453837.507940  1.138880e+01  1.007544e-02  1.138880e+01  1.007544e-02 
   71887181   2.728848e+01   2.541414e-01   2.728848e+01   2.541414e-01 145200604120035310      23156      26081     0 2453837.527558  1.141005e+01  1.011165e-02  1.141005e+01  1.011165e-02 
   71888162   2.719729e+01   2.644865e-01   2.719729e+01   2.644865e-01 145200604120051520      23243      25937     0 2453837.538912  1.141369e+01  1.055853e-02  1.141369e+01  1.055853e-02 
   71888608   2.748581e+01   2.523258e-01   2.748581e+01   2.523258e-01 145200604120059200      23307      25874     0 2453837.544074  1.140223e+01  9.967335e-03  1.140223e+01  9.967335e-03 
   71889062   2.805652e+01   2.513596e-01   2.805652e+01   2.513596e-01 145200604120106530      23336      25811     0 2453837.549329  1.137992e+01  9.727193e-03  1.137992e+01  9.727193e-03 
   71890036   2.765021e+01   2.489875e-01   2.765021e+01   2.489875e-01 145200604120123080      23454      25678     0 2453837.560602  1.139575e+01  9.776982e-03  1.139575e+01  9.776982e-03 
   71890544   2.790104e+01   2.568642e-01   2.790104e+01   2.568642e-01 145200604120131350      23503      25612     0 2453837.566481  1.138595e+01  9.995602e-03  1.138595e+01  9.995602e-03 
   71890990   2.752717e+01   2.660275e-01   2.752717e+01   2.660275e-01 145200604120139020      23585      25556     0 2453837.571644  1.140060e+01  1.049279e-02  1.140060e+01  1.049279e-02 
   71891442   2.824246e+01   4.298272e-01   2.824246e+01   4.298272e-01 145200604120146330      23626      25498     0 2453837.576875  1.137274e+01  1.652408e-02  1.137274e+01  1.652408e-02 
   71896673   2.763660e+01   2.592994e-01   2.763660e+01   2.592994e-01 145200604120313440      24440      24999     0 2453837.637419  1.139629e+01  1.018692e-02  1.139629e+01  1.018692e-02 
   71897474   2.769415e+01   2.433628e-01   2.769415e+01   2.433628e-01 145200604120327050      24600      24941     0 2453837.646690  1.139403e+01  9.540960e-03  1.139403e+01  9.540960e-03 
   71898128   2.788180e+01   2.561645e-01   2.788180e+01   2.561645e-01 145200604120337590      24726      24911     0 2453837.654259  1.138670e+01  9.975253e-03  1.138670e+01  9.975253e-03 
  135556737   2.932759e+01   3.968944e-01   2.932759e+01   3.968944e-01 144200804172235010      19015      12717     0 2454574.443715  1.133181e+01  1.469347e-02  1.133181e+01  1.469347e-02 
  135556777   2.900750e+01   3.946636e-01   2.900750e+01   3.946636e-01 144200804172235400      19015      12711     0 2454574.444178  1.134372e+01  1.477211e-02  1.134372e+01  1.477211e-02 
  135557312   2.892523e+01   4.176620e-01   2.892523e+01   4.176620e-01 144200804172244360      19037      12583     0 2454574.450370  1.134681e+01  1.567740e-02  1.134681e+01  1.567740e-02 
  135557352   2.882415e+01   3.910431e-01   2.882415e+01   3.910431e-01 144200804172245150      19029      12628     0 2454574.450833  1.135061e+01  1.472970e-02  1.135061e+01  1.472970e-02 
  135557788   2.816233e+01   3.867620e-01   2.816233e+01   3.867620e-01 144200804172252320      19051      12506     0 2454574.455880  1.137583e+01  1.491080e-02  1.137583e+01  1.491080e-02 
  135557826   2.812720e+01   3.847477e-01   2.812720e+01   3.847477e-01 144200804172253100      19051      12501     0 2454574.456319  1.137718e+01  1.485167e-02  1.137718e+01  1.485167e-02 
  135558263   2.833828e+01   3.794375e-01   2.833828e+01   3.794375e-01 144200804172300260      19067      12436     0 2454574.461377  1.136907e+01  1.453760e-02  1.136907e+01  1.453760e-02 
  135558301   2.837431e+01   3.753936e-01   2.837431e+01   3.753936e-01 144200804172301040      19069      12431     0 2454574.461817  1.136769e+01  1.436440e-02  1.136769e+01  1.436440e-02 
  135558742   2.868912e+01   3.710934e-01   2.868912e+01   3.710934e-01 144200804172308250      19088      12366     0 2454574.466921  1.135571e+01  1.404403e-02  1.135571e+01  1.404403e-02 
  135558780   2.835331e+01   3.778925e-01   2.835331e+01   3.778925e-01 144200804172309040      19089      12360     0 2454574.467361  1.136849e+01  1.447073e-02  1.136849e+01  1.447073e-02 
  135559216   2.823536e+01   3.753907e-01   2.823536e+01   3.753907e-01 144200804172316200      19113      12297     0 2454574.472407  1.137302e+01  1.443497e-02  1.137302e+01  1.443497e-02 
  135559256   2.837422e+01   3.752700e-01   2.837422e+01   3.752700e-01 144200804172316590      19114      12292     0 2454574.472870  1.136769e+01  1.435971e-02  1.136769e+01  1.435971e-02 
  135559601   2.809277e+01   3.712965e-01   2.809277e+01   3.712965e-01 144200804172322450      19123      12299     0 2454574.476863  1.137851e+01  1.435001e-02  1.137851e+01  1.435001e-02 
  135559641   2.877965e+01   3.728294e-01   2.877965e+01   3.728294e-01 144200804172323240      19125      12294     0 2454574.477326  1.135229e+01  1.406535e-02  1.135229e+01  1.406535e-02 
  135560082   2.846736e+01   3.613990e-01   2.846736e+01   3.613990e-01 144200804172330450      19151      12237     0 2454574.482431  1.136413e+01  1.378369e-02  1.136413e+01  1.378369e-02 
  135560119   2.802065e+01   3.667193e-01   2.802065e+01   3.667193e-01 144200804172331220      19152      12233     0 2454574.482859  1.138130e+01  1.420959e-02  1.138130e+01  1.420959e-02 
  135560568   2.859155e+01   3.655014e-01   2.859155e+01   3.655014e-01 144200804172338510      19186      12170     0 2454574.488056  1.135941e+01  1.387961e-02  1.135941e+01  1.387961e-02 
  135560606   2.833108e+01   3.655981e-01   2.833108e+01   3.655981e-01 144200804172339290      19188      12165     0 2454574.488495  1.136934e+01  1.401092e-02  1.136934e+01  1.401092e-02 
  135643952   2.426906e+01   5.396563e-01   2.426906e+01   5.396563e-01 144200804182248380      19247      11209     0 2454575.453148  1.153737e+01  2.414294e-02  1.153737e+01  2.414294e-02 
  135645245   2.334301e+01   5.306211e-01   2.334301e+01   5.306211e-01 144200804182310100      19308      10969     0 2454575.468113  1.157961e+01  2.468047e-02  1.157961e+01  2.468047e-02 
  135645283   2.398570e+01   5.256170e-01   2.398570e+01   5.256170e-01 144200804182310480      19310      10964     0 2454575.468553  1.155012e+01  2.379265e-02  1.155012e+01  2.379265e-02 
  135645918   2.324985e+01   5.219464e-01   2.324985e+01   5.219464e-01 144200804182321240      19348      10873     0 2454575.475903  1.158395e+01  2.437427e-02  1.158395e+01  2.437427e-02 
  135645956   2.426785e+01   5.216756e-01   2.426785e+01   5.216756e-01 144200804182322020      19350      10868     0 2454575.476343  1.153742e+01  2.333969e-02  1.153742e+01  2.333969e-02 
  135646491   2.422360e+01   5.074248e-01   2.422360e+01   5.074248e-01 144200804182330570      19380      10848     0 2454575.482535  1.153940e+01  2.274358e-02  1.153940e+01  2.274358e-02 
  135646530   2.360783e+01   5.137092e-01   2.360783e+01   5.137092e-01 144200804182331350      19382      10844     0 2454575.482986  1.156736e+01  2.362583e-02  1.156736e+01  2.362583e-02 
  138144818   3.016799e+01   4.161547e-01   3.016799e+01   4.161547e-01 144200805172131100      19048      12863     0 2454604.398356  1.130113e+01  1.497733e-02  1.130113e+01  1.497733e-02 
  138144856   3.002170e+01   4.147759e-01   3.002170e+01   4.147759e-01 144200805172131490      19045      12862     0 2454604.398796  1.130641e+01  1.500044e-02  1.130641e+01  1.500044e-02 
  138145460   2.925496e+01   4.085664e-01   2.925496e+01   4.085664e-01 144200805172141520      19006      12851     0 2454604.405787  1.133450e+01  1.516314e-02  1.133450e+01  1.516314e-02 
  138145498   2.914449e+01   4.133669e-01   2.914449e+01   4.133669e-01 144200805172142310      19002      12851     0 2454604.406227  1.133861e+01  1.539944e-02  1.133861e+01  1.539944e-02 
  138146195   2.865686e+01   4.181260e-01   2.865686e+01   4.181260e-01 144200805172154070      18966      12843     0 2454604.414294  1.135693e+01  1.584179e-02  1.135693e+01  1.584179e-02 
  138146232   2.850827e+01   4.152503e-01   2.850827e+01   4.152503e-01 144200805172154440      18962      12843     0 2454604.414722  1.136257e+01  1.581485e-02  1.136257e+01  1.581485e-02 
  138146929   2.842233e+01   4.309880e-01   2.842233e+01   4.309880e-01 144200805172206220      18923      12840     0 2454604.422789  1.136585e+01  1.646385e-02  1.136585e+01  1.646385e-02 
  138146969   2.776214e+01   4.305027e-01   2.776214e+01   4.305027e-01 144200805172207020      18919      12841     0 2454604.423252  1.139137e+01  1.683638e-02  1.139137e+01  1.683638e-02 
