\OBJNAME = '1SWASP J221633.23+590459.8'
\OBSSTART = '2006-11-30T19:13:36'
\OBSSTOP = '2008-07-23T05:10:11'
\TSTART = 91998976
\TSTOP = 143874685
\JD_REF = 2453005.5
\RA_OBJ = '334.138494'
\DEC_OBJ = '59.083294'
\WASP_MAG = 11.82975
\HJD_START = 2454070.302963
\HJD_STOP = 2454670.716262
\fixlen = T
\NUMRECORDS = 52
\
\ This file was produced by the NASA Exoplanet Archive  http://exoplanetarchive.ipac.caltech.edu 
\ Thu Sep 12, 00:51:42 2013
\ Documentation for the SuperWASP dataset can be found at http://exoplanetarchive.ipac.caltech.edu/docs/SuperWASPMission.html
\
|TMID      |FLUX2         |FLUX2_ERR     |TAMFLUX2      |TAMFLUX2_ERR  |IMAGEID           |CCDX      |CCDY      |FLAG |           HJD|         MAG2|     MAG2_ERR|      TAMMAG2|  TAMMAG2_ERR|
|int       |float         |float         |float         |float         |char              |int       |int       |int  |        double|        float|        float|        float|        float|
|sec       |micro Vega    |micro Vega    |micro Vega    |micro Vega    |                  |1/16 pixel|1/16 pixel|     |           day|          mag|          mag|          mag|          mag|
|null      |null          |null          |null          |null          |null              |null      |null      |null |          null|         null|         null|         null|         null|
   91998976   1.642228e+01   2.069444e-01   1.642228e+01   2.069444e-01 148200611301913360      25529       9833     0 2454070.302963  1.196142e+01  1.368189e-02  1.196142e+01  1.368189e-02 
   91999461   1.642873e+01   1.822959e-01   1.642873e+01   1.822959e-01 148200611301921420      25475       9899     0 2454070.308576  1.196099e+01  1.204755e-02  1.196099e+01  1.204755e-02 
   91999999   1.678151e+01   1.762814e-01   1.678151e+01   1.762814e-01 148200611301930400      25370       9971     0 2454070.314803  1.193792e+01  1.140516e-02  1.193792e+01  1.140516e-02 
   92000555   1.662211e+01   1.751695e-01   1.662211e+01   1.751695e-01 148200611301939550      25292      10038     0 2454070.321238  1.194828e+01  1.144190e-02  1.194828e+01  1.144190e-02 
   92001037   1.665339e+01   1.767254e-01   1.665339e+01   1.767254e-01 148200611301947570      25225      10093     0 2454070.326817  1.194624e+01  1.152185e-02  1.194624e+01  1.152185e-02 
   92001534   1.675355e+01   1.770891e-01   1.675355e+01   1.770891e-01 148200611301956150      25160      10153     0 2454070.332569  1.193973e+01  1.147654e-02  1.193973e+01  1.147654e-02 
   92001943   1.683850e+01   1.769096e-01   1.683850e+01   1.769096e-01 148200611302003040      25063      10193     0 2454070.337303  1.193424e+01  1.140706e-02  1.193424e+01  1.140706e-02 
   92086027   1.806936e+01   3.008481e-01   1.806936e+01   3.008481e-01 148200612011924300      25391       9942     0 2454071.310498  1.185764e+01  1.807716e-02  1.185764e+01  1.807716e-02 
   92086492   1.858430e+01   2.639375e-01   1.858430e+01   2.639375e-01 148200612011932160      25336      10005     0 2454071.315880  1.182714e+01  1.541988e-02  1.182714e+01  1.541988e-02 
   92088807   1.849965e+01   3.141373e-01   1.849965e+01   3.141373e-01 148200612012010500      24906      10256     0 2454071.342674  1.183209e+01  1.843664e-02  1.183209e+01  1.843664e-02 
   92089080   1.877343e+01   2.920839e-01   1.877343e+01   2.920839e-01 148200612012015240      24887      10278     0 2454071.345833  1.181614e+01  1.689234e-02  1.181614e+01  1.689234e-02 
   92089343   1.827304e+01   2.732157e-01   1.827304e+01   2.732157e-01 148200612012019460      24823      10303     0 2454071.348877  1.184547e+01  1.623382e-02  1.184547e+01  1.623382e-02 
   92089617   1.862577e+01   2.391137e-01   1.862577e+01   2.391137e-01 148200612012024210      24753      10321     0 2454071.352049  1.182471e+01  1.393850e-02  1.182471e+01  1.393850e-02 
   92089883   1.919121e+01   2.529809e-01   1.919121e+01   2.529809e-01 148200612012028470      24727      10343     0 2454071.355127  1.179224e+01  1.431236e-02  1.179224e+01  1.431236e-02 
   92090561   1.874170e+01   3.500452e-01   1.874170e+01   3.500452e-01 148200612012040050      24595      10387     0 2454071.362975  1.181798e+01  2.027874e-02  1.181798e+01  2.027874e-02 
   92090965   1.864716e+01   5.028689e-01   1.864716e+01   5.028689e-01 148200612012046480      24533      10418     0 2454071.367650  1.182347e+01  2.927979e-02  1.182347e+01  2.927979e-02 
  143526800   1.988961e+01   2.917768e-01   1.988961e+01   2.917768e-01 148200807190432210      25601       9177     0 2454666.689815  1.175343e+01  1.592759e-02  1.175343e+01  1.592759e-02 
  143526838   2.028831e+01   2.905954e-01   2.028831e+01   2.905954e-01 148200807190433000      25600       9178     0 2454666.690255  1.173188e+01  1.555137e-02  1.173188e+01  1.555137e-02 
  143528088   1.982165e+01   2.895053e-01   1.982165e+01   2.895053e-01 148200807190453500      25527       9201     0 2454666.704722  1.175715e+01  1.585779e-02  1.175715e+01  1.585779e-02 
  143528126   2.004496e+01   2.902819e-01   2.004496e+01   2.902819e-01 148200807190454280      25528       9201     0 2454666.705162  1.174499e+01  1.572318e-02  1.174499e+01  1.572318e-02 
  143529296   2.008428e+01   3.005998e-01   2.008428e+01   3.005998e-01 148200807190513580      25468       9209     0 2454666.718704  1.174286e+01  1.625018e-02  1.174286e+01  1.625018e-02 
  143529333   2.014902e+01   3.028703e-01   2.014902e+01   3.028703e-01 148200807190514350      25466       9209     0 2454666.719132  1.173936e+01  1.632031e-02  1.173936e+01  1.632031e-02 
  143698796   1.756835e+01   4.581726e-01   1.756835e+01   4.581726e-01 148200807210418490      25603       9181     0 2454668.680509  1.188817e+01  2.831548e-02  1.188817e+01  2.831548e-02 
  143698833   1.881519e+01   4.556328e-01   1.881519e+01   4.556328e-01 148200807210419270      25602       9182     0 2454668.680938  1.181373e+01  2.629252e-02  1.181373e+01  2.629252e-02 
  143699255   1.864684e+01   4.486674e-01   1.864684e+01   4.486674e-01 148200807210426290      25592       9188     0 2454668.685822  1.182349e+01  2.612434e-02  1.182349e+01  2.612434e-02 
  143699295   1.856809e+01   4.481351e-01   1.856809e+01   4.481351e-01 148200807210427080      25590       9191     0 2454668.686285  1.182808e+01  2.620399e-02  1.182808e+01  2.620399e-02 
  143700079   1.882058e+01   4.622903e-01   1.882058e+01   4.622903e-01 148200807210440130      25552       9197     0 2454668.695359  1.181342e+01  2.666905e-02  1.181342e+01  2.666905e-02 
  143700119   1.863643e+01   4.642202e-01   1.863643e+01   4.642202e-01 148200807210440520      25552       9198     0 2454668.695822  1.182409e+01  2.704501e-02  1.182409e+01  2.704501e-02 
  143700630   1.848412e+01   4.687138e-01   1.848412e+01   4.687138e-01 148200807210449240      25529       9208     0 2454668.701736  1.183300e+01  2.753182e-02  1.183300e+01  2.753182e-02 
  143700670   1.818200e+01   4.699242e-01   1.818200e+01   4.699242e-01 148200807210450030      25529       9208     0 2454668.702199  1.185090e+01  2.806156e-02  1.185090e+01  2.806156e-02 
  143701375   1.730861e+01   4.852819e-01   1.730861e+01   4.852819e-01 148200807210501490      25491       9210     0 2454668.710359  1.190434e+01  3.044092e-02  1.190434e+01  3.044092e-02 
  143701415   1.893345e+01   4.815804e-01   1.893345e+01   4.815804e-01 148200807210502280      25489       9210     0 2454668.710822  1.180693e+01  2.761627e-02  1.180693e+01  2.761627e-02 
  143702128   1.907925e+01   5.565432e-01   1.907925e+01   5.565432e-01 148200807210514210      25454       9206     0 2454668.719074  1.179860e+01  3.167113e-02  1.179860e+01  3.167113e-02 
  143702165   1.586032e+01   5.698023e-01   1.586032e+01   5.698023e-01 148200807210514590      25454       9205     0 2454668.719502  1.199922e+01  3.900659e-02  1.199922e+01  3.900659e-02 
  143785915   1.864647e+01   3.892439e-01   1.864647e+01   3.892439e-01 148200807220430440      25543       9206     0 2454669.688831  1.182351e+01  2.266476e-02  1.182351e+01  2.266476e-02 
  143785953   1.843320e+01   3.905813e-01   1.843320e+01   3.905813e-01 148200807220431220      25543       9207     0 2454669.689271  1.183600e+01  2.300576e-02  1.183600e+01  2.300576e-02 
  143787388   1.931543e+01   4.072475e-01   1.931543e+01   4.072475e-01 148200807220455170      25478       9221     0 2454669.705880  1.178524e+01  2.289180e-02  1.178524e+01  2.289180e-02 
  143787426   1.904231e+01   4.071473e-01   1.904231e+01   4.071473e-01 148200807220455560      25477       9222     0 2454669.706319  1.180070e+01  2.321442e-02  1.180070e+01  2.321442e-02 
  143787940   1.838820e+01   4.028982e-01   1.838820e+01   4.028982e-01 148200807220504300      25460       9217     0 2454669.712269  1.183865e+01  2.378932e-02  1.183865e+01  2.378932e-02 
  143787978   1.860548e+01   4.029838e-01   1.860548e+01   4.029838e-01 148200807220505080      25459       9218     0 2454669.712708  1.182590e+01  2.351649e-02  1.182590e+01  2.351649e-02 
  143788696   1.887433e+01   4.330961e-01   1.887433e+01   4.330961e-01 148200807220517050      25419       9200     0 2454669.721019  1.181032e+01  2.491372e-02  1.181032e+01  2.491372e-02 
  143788733   1.884590e+01   4.372765e-01   1.884590e+01   4.372765e-01 148200807220517430      25418       9200     0 2454669.721447  1.181196e+01  2.519215e-02  1.181196e+01  2.519215e-02 
  143789440   1.893188e+01   5.854683e-01   1.893188e+01   5.854683e-01 148200807220529300      25349       9210     0 2454669.729630  1.180702e+01  3.357651e-02  1.180702e+01  3.357651e-02 
  143789480   1.861056e+01   5.980840e-01   1.861056e+01   5.980840e-01 148200807220530090      25346       9212     0 2454669.730093  1.182560e+01  3.489222e-02  1.182560e+01  3.489222e-02 
  143872232   1.897651e+01   2.786262e-01   1.897651e+01   2.786262e-01 148200807230429170      25524       9211     0 2454670.687870  1.180446e+01  1.594158e-02  1.180446e+01  1.594158e-02 
  143872270   1.884381e+01   2.795548e-01   1.884381e+01   2.795548e-01 148200807230429560      25526       9212     0 2454670.688310  1.181208e+01  1.610735e-02  1.181208e+01  1.610735e-02 
  143873516   1.956304e+01   2.750140e-01   1.956304e+01   2.750140e-01 148200807230450410      25492       9218     0 2454670.702731  1.177141e+01  1.526315e-02  1.177141e+01  1.526315e-02 
  143873554   1.914439e+01   2.742853e-01   1.914439e+01   2.742853e-01 148200807230451200      25492       9218     0 2454670.703171  1.179490e+01  1.555560e-02  1.179490e+01  1.555560e-02 
  143874083   1.886996e+01   2.681909e-01   1.886996e+01   2.681909e-01 148200807230500090      25467       9220     0 2454670.709294  1.181057e+01  1.543117e-02  1.181057e+01  1.543117e-02 
  143874121   1.852875e+01   2.678246e-01   1.852875e+01   2.678246e-01 148200807230500470      25464       9223     0 2454670.709734  1.183039e+01  1.569388e-02  1.183039e+01  1.569388e-02 
  143874647   1.957073e+01   2.984055e-01   1.957073e+01   2.984055e-01 148200807230509320      25442       9203     0 2454670.715822  1.177098e+01  1.655487e-02  1.177098e+01  1.655487e-02 
  143874685   1.978206e+01   2.989968e-01   1.978206e+01   2.989968e-01 148200807230510110      25442       9201     0 2454670.716262  1.175932e+01  1.641047e-02  1.175932e+01  1.641047e-02 
