\OBJNAME = '1SWASP J091057.72-431602.9'
\OBSSTART = '2006-05-16T18:14:50'
\OBSSTOP = '2008-04-20T19:33:25'
\TSTART = 74888183
\TSTOP = 135805006
\JD_REF = 2453005.5
\RA_OBJ = '137.740508'
\DEC_OBJ = '-43.267483'
\WASP_MAG = 7.092973
\HJD_START = 2453872.261377
\HJD_STOP = 2454577.317199
\fixlen = T
\NUMRECORDS = 117
\
\ This file was produced by the NASA Exoplanet Archive  http://exoplanetarchive.ipac.caltech.edu 
\ Thu Sep 12, 11:00:25 2013
\ Documentation for the SuperWASP dataset can be found at http://exoplanetarchive.ipac.caltech.edu/docs/SuperWASPMission.html
\
|TMID      |FLUX2         |FLUX2_ERR     |TAMFLUX2      |TAMFLUX2_ERR  |IMAGEID           |CCDX      |CCDY      |FLAG |           HJD|         MAG2|     MAG2_ERR|      TAMMAG2|  TAMMAG2_ERR|
|int       |float         |float         |float         |float         |char              |int       |int       |int  |        double|        float|        float|        float|        float|
|sec       |micro Vega    |micro Vega    |micro Vega    |micro Vega    |                  |1/16 pixel|1/16 pixel|     |           day|          mag|          mag|          mag|          mag|
|null      |null          |null          |null          |null          |null              |null      |null      |null |          null|         null|         null|         null|         null|
   74888183   1.117358e+03   2.889966e+00   9.163237e+02   3.350633e+02 228200605161814500      14125      26187    32 2453872.261377  7.379519e+00  2.808188e-03  7.594878e+00  3.970121e-01 
   74888223   8.096385e+02   3.752220e+00   8.514989e+02   4.003985e+02 228200605161815290      14123      26184    32 2453872.261840  7.729272e+00  5.031795e-03  7.674540e+00  5.105452e-01 
   74888656   9.043007e+02   3.109813e+00   8.130204e+02   2.546206e+02 228200605161822420      14110      26152    32 2453872.266852  7.609218e+00  3.733767e-03  7.724746e+00  3.400306e-01 
   74888693   5.703593e+02   9.002777e+00   5.649086e+02   3.226731e+02 228200605161823200      14107      26148    32 2453872.267280  8.109629e+00  1.713775e-02  8.120054e+00  6.201696e-01 
   74889218   7.386420e+02   1.574985e+00   8.973103e+02   3.610156e+02 228200605161832040      14090      26119    32 2453872.273356  7.828915e+00  2.315092e-03  7.617643e+00  4.368267e-01 
   74895430   1.182580e+03   5.911149e+00   1.263701e+03   6.237997e+02 228200605162015370      13797      25788    32 2453872.345255  7.317924e+00  5.427093e-03  7.245889e+00  5.359529e-01 
   74895468   1.215144e+03   8.096836e+00   1.175114e+03   8.117055e+02 228200605162016150      13795      25788    32 2453872.345694  7.288431e+00  7.234582e-03  7.324800e+00  7.499709e-01 
   74896629   1.206432e+03   1.960194e+00   1.270456e+03   3.054579e+02 228200605162035360      13722      25724    32 2453872.359132  7.296243e+00  1.764096e-03  7.240101e+00  2.610463e-01 
   74897221   8.827228e+02   1.834561e+01   7.480942e+02   8.356384e+02 228200605162045280      13695      25634    32 2453872.365984  7.635439e+00  2.256491e-02  7.815109e+00  1.212797e+00 
   74897259   1.127284e+03   3.417614e+01   7.297617e+02   9.060649e+02 228200605162046060      13692      25633    32 2453872.366424  7.369917e+00  3.291665e-02  7.842047e+00  1.348044e+00 
  102036834   9.881773e+02   2.554111e+00   1.400803e+03   6.049279e+02 228200703262329230      14005      25852    32 2454186.481875  7.512913e+00  2.806279e-03  7.134057e+00  4.688698e-01 
  102036873   9.767741e+02   2.402629e+00   1.007110e+03   3.873615e+02 228200703262330010      14003      25847    32 2454186.482326  7.525515e+00  2.670658e-03  7.492307e+00  4.176045e-01 
  102039585   4.738972e+02   4.839410e+00   5.115596e+02   3.368754e+02 228200703270015140      13854      25710    32 2454186.513715  8.310790e+00  1.108751e-02  8.227759e+00  7.149883e-01 
  104351491   1.126839e+03   2.483966e+00   1.434171e+03   5.745923e+02 228200704221828160      14411      26484    32 2454213.271887  7.370345e+00  2.393368e-03  7.108498e+00  4.349955e-01 
  104351529   1.567631e+03   3.109704e+00   1.753485e+03   5.997634e+02 228200704221828540      14410      26483    32 2454213.272326  7.011890e+00  2.153779e-03  6.890244e+00  3.713673e-01 
  104352618   1.583575e+03   1.620971e+00   1.687577e+03   3.758589e+02 228200704221847030      14393      26542    32 2454213.284931  7.000904e+00  1.111380e-03  6.931841e+00  2.418171e-01 
  104353026   1.433338e+03   2.463002e+00   1.707429e+03   7.002677e+02 228200704221853500      14421      26494    32 2454213.289653  7.109129e+00  1.865702e-03  6.919143e+00  4.452944e-01 
  104353064   1.542866e+03   2.039309e+00   1.701196e+03   5.628666e+02 228200704221854280      14420      26492    32 2454213.290093  7.029179e+00  1.435095e-03  6.923114e+00  3.592336e-01 
  104354774   4.700597e+02   2.157797e+00   6.419214e+02   3.464991e+02 228200704221922580      14355      26389    32 2454213.309884  8.319617e+00  4.984062e-03  7.981295e+00  5.860654e-01 
  104354812   5.217111e+02   4.733791e+00   6.427886e+02   4.379100e+02 228200704221923360      14354      26382    32 2454213.310324  8.206425e+00  9.851557e-03  7.979830e+00  7.396778e-01 
  105472802   7.644722e+02   1.409202e+00   7.876123e+02   2.253968e+02 228200705051757390      14389      26575    32 2454226.250023  7.791596e+00  2.001416e-03  7.759219e+00  3.107142e-01 
  105473176   8.611886e+01   5.015564e+00   1.320463e+02   9.167738e+01 228200705051803530      14418      26522    32 2454226.254352  1.016225e+01  6.323352e-02  9.698184e+00  7.538095e-01 
  105473214   1.111092e+02   1.349949e+01   1.789548e+02   1.283548e+02 228200705051804310      14416      26519    32 2454226.254792  9.885625e+00  1.319146e-01  9.368141e+00  7.787436e-01 
  105561866   1.599431e+03   1.951894e+00   1.705306e+03   2.985641e+02 228200705061842060      14326      26338    32 2454227.280856  6.990086e+00  1.325002e-03  6.920494e+00  1.900907e-01 
  105561904   1.377158e+03   1.790982e+00   1.505103e+03   2.501873e+02 228200705061842440      14324      26333    32 2454227.281296  7.152541e+00  1.411996e-03  7.056085e+00  1.804783e-01 
  105562302   1.524117e+03   1.894205e+00   1.570758e+03   2.452079e+02 228200705061849230      14312      26305    32 2454227.285903  7.042454e+00  1.349381e-03  7.009727e+00  1.694927e-01 
  105562340   1.488115e+03   1.860629e+00   1.566773e+03   2.482191e+02 228200705061850010      14311      26301    32 2454227.286343  7.068409e+00  1.357529e-03  7.012485e+00  1.720104e-01 
  105562737   1.470167e+03   2.570992e+00   1.588633e+03   3.742549e+02 228200705061856380      14298      26279    32 2454227.290938  7.081583e+00  1.898716e-03  6.997441e+00  2.557819e-01 
  105562775   1.776438e+03   2.841483e+00   1.871547e+03   4.582632e+02 228200705061857160      14297      26275    32 2454227.291377  6.876125e+00  1.736684e-03  6.819498e+00  2.658521e-01 
  105563173   1.432239e+03   3.706284e+00   1.541353e+03   4.914701e+02 228200705061903530      14284      26251    32 2454227.295984  7.109962e+00  2.809630e-03  7.030245e+00  3.461950e-01 
  105563211   1.372536e+03   3.592341e+00   1.543844e+03   4.997484e+02 228200705061904310      14282      26247    32 2454227.296424  7.156190e+00  2.841710e-03  7.028491e+00  3.514583e-01 
  105563609   1.106848e+03   1.935800e+01   1.073097e+03   9.879684e+02 228200705061911100      14268      26223    32 2454227.301030  7.389780e+00  1.898883e-02  7.423402e+00  9.996084e-01 
  105563647   2.219864e+03   1.979692e+01   1.458861e+03   1.311652e+03 228200705061911480      14267      26218    32 2454227.301470  6.634184e+00  9.682716e-03  7.089965e+00  9.761816e-01 
  105564658   1.447944e+03   1.978238e+00   1.553222e+03   1.933588e+02 228200705061928390      14227      26161    32 2454227.313171  7.098120e+00  1.483381e-03  7.021916e+00  1.351625e-01 
  105564697   1.460153e+03   2.074834e+00   1.620311e+03   2.276691e+02 228200705061929170      14225      26158    32 2454227.313623  7.089004e+00  1.542804e-03  6.976004e+00  1.525569e-01 
  105651043   1.969964e+03   8.583764e+00   2.026796e+03   1.031666e+03 228200705071928270      14213      26020    32 2454228.312998  6.763854e+00  4.730917e-03  6.732975e+00  5.526561e-01 
  105651080   1.265954e+03   1.134899e+01   1.421817e+03   1.023492e+03 228200705071929050      14212      26020    32 2454228.313426  7.243955e+00  9.733414e-03  7.117891e+00  7.815679e-01 
  105651451   9.199112e+02   3.882165e+00   1.073790e+03   3.736324e+02 228200705071935160      14168      26107    32 2454228.317720  7.590635e+00  4.581987e-03  7.422702e+00  3.777907e-01 
  105651489   1.245847e+03   6.290302e+00   1.506262e+03   5.981049e+02 228200705071935540      14166      26104    32 2454228.318160  7.261338e+00  5.481919e-03  7.055248e+00  4.311243e-01 
  105652038   9.361959e+02   1.902793e+01   9.130703e+02   8.632036e+02 228200705071945030      14180      26083    32 2454228.324514  7.571583e+00  2.206737e-02  7.598740e+00  1.026443e+00 
  105652075   8.570016e+02   1.994693e+01   9.175011e+02   9.093740e+02 228200705071945400      14179      26081    32 2454228.324942  7.667546e+00  2.527087e-02  7.593483e+00  1.076123e+00 
  105653083   1.033745e+03   5.641305e+00   1.241750e+03   5.221328e+02 228200705072002290      14136      26016    32 2454228.336609  7.463966e+00  5.925048e-03  7.264914e+00  4.565333e-01 
  105653121   7.792568e+02   6.686362e+00   7.712869e+02   3.103816e+02 228200705072003070      14135      26012    32 2454228.337049  7.770799e+00  9.316120e-03  7.781960e+00  4.369239e-01 
  105653607   2.250980e+03   7.366585e+00   1.822353e+03   7.143959e+02 228200705072011120      14114      25985    32 2454228.342674  6.619071e+00  3.553206e-03  6.848419e+00  4.256302e-01 
  105653645   2.491866e+03   6.712327e+00   1.818834e+03   6.731356e+02 228200705072011500      14112      25982    32 2454228.343113  6.508688e+00  2.924652e-03  6.850517e+00  4.018234e-01 
  105654131   1.180585e+03   6.339992e+00   1.395656e+03   5.683119e+02 228200705072019560      14087      25956    32 2454228.348738  7.319757e+00  5.830656e-03  7.138054e+00  4.421141e-01 
  105654169   1.000216e+03   5.267366e+00   1.161349e+03   3.815905e+02 228200705072020350      14085      25952    32 2454228.349178  7.499765e+00  5.717753e-03  7.337593e+00  3.567473e-01 
  105654715   2.106671e+03   5.812004e+00   2.008385e+03   7.686747e+02 228200705072029400      14065      25929    32 2454228.355498  6.691009e+00  2.995402e-03  6.742883e+00  4.155483e-01 
  105654753   1.402044e+03   7.526762e+00   1.493444e+03   8.307132e+02 228200705072030180      14063      25926    32 2454228.355938  7.133096e+00  5.828711e-03  7.064528e+00  6.039319e-01 
  105655304   1.580800e+03   5.454062e+00   1.727973e+03   6.857606e+02 228200705072039300      14025      25897    32 2454228.362315  7.002808e+00  3.746010e-03  6.906158e+00  4.308851e-01 
  105655342   1.629396e+03   6.526175e+00   1.678451e+03   8.210900e+02 228200705072040080      14026      25894    32 2454228.362755  6.969934e+00  4.348686e-03  6.937728e+00  5.311387e-01 
  105655829   1.815581e+03   1.482890e+01   1.124913e+03   6.787396e+02 228200705072048150      13996      25867    32 2454228.368391  6.852461e+00  8.867867e-03  7.372202e+00  6.551037e-01 
  105655867   1.716411e+03   8.121810e+00   1.839750e+03   8.069301e+02 228200705072048530      13994      25865    32 2454228.368831  6.913446e+00  5.137565e-03  6.838103e+00  4.762148e-01 
  105656353   2.208439e+03   2.713795e+01   1.503778e+03   1.682422e+03 228200705072056590      13965      25842    32 2454228.374456  6.639786e+00  1.334189e-02  7.057040e+00  1.214722e+00 
  105656391   1.603633e+03   2.211456e+01   1.316696e+03   1.386778e+03 228200705072057370      13964      25838    32 2454228.374896  6.987237e+00  1.497266e-02  7.201286e+00  1.143529e+00 
  105827354   1.595615e+03   2.050061e+00   1.607751e+03   1.421945e+02 228200705092027080      14000      25854    32 2454230.353634  6.992680e+00  1.394970e-03  6.984453e+00  9.602621e-02 
  105827392   1.102733e+03   1.763927e+00   1.217829e+03   1.836975e+02 228200705092027450      13997      25852    32 2454230.354074  7.393825e+00  1.736746e-03  7.286034e+00  1.637731e-01 
  105827878   2.137051e+03   3.988937e+00   2.087352e+03   4.015482e+02 228200705092035520      13995      25886    32 2454230.359699  6.675463e+00  2.026601e-03  6.701011e+00  2.088660e-01 
  105827918   1.323355e+03   3.037755e+00   1.395185e+03   2.478116e+02 228200705092036310      13992      25883    32 2454230.360162  7.195809e+00  2.492310e-03  7.138421e+00  1.928482e-01 
  105828403   1.475388e+03   1.676480e+00   1.525870e+03   1.889858e+02 228200705092044370      13968      25866    32 2454230.365775  7.077734e+00  1.233724e-03  7.041206e+00  1.344738e-01 
  132695454   1.473191e+03   2.723588e+00   1.469185e+03   2.067539e+02 228200803151946060      14274      26682    32 2454541.327014  7.079352e+00  2.007282e-03  7.082309e+00  1.527928e-01 
  135114387   1.772409e+03   1.160472e+01   1.719908e+03   1.012803e+02 228200804121942390      14201      26479    32 2454569.323924  6.878591e+00  7.108809e-03  6.911237e+00  6.393601e-02 
  135557267   1.911651e+03   2.045477e+01   1.637824e+03   4.750090e+02 228200804172244160      14028      25660    32 2454574.449850  6.796479e+00  1.161748e-02  6.964332e+00  3.148912e-01 
  135557305   1.596967e+03   1.900285e+01   1.427574e+03   4.116787e+02 228200804172244540      14027      25655    32 2454574.450289  6.991760e+00  1.291959e-02  7.113503e+00  3.131018e-01 
  135557538   1.883777e+03   3.030263e+01   1.500011e+03   5.650981e+02 228200804172248470      13949      25643    32 2454574.452986  6.812427e+00  1.746533e-02  7.059763e+00  4.090299e-01 
  135557576   2.172099e+03   2.306085e+01   1.843311e+03   5.858560e+02 228200804172249250      13945      25635    32 2454574.453426  6.657801e+00  1.152714e-02  6.836003e+00  3.450786e-01 
  135557848   1.727150e+03   1.834069e+01   1.505119e+03   4.358675e+02 228200804172253570      13953      25641    32 2454574.456574  6.906675e+00  1.152953e-02  7.056073e+00  3.144196e-01 
  135558082   1.478705e+03   1.924751e+01   1.268735e+03   3.975097e+02 228200804172257510      13943      25591    32 2454574.459282  7.075296e+00  1.413249e-02  7.241572e+00  3.401752e-01 
  135558119   1.491911e+03   2.685575e+01   1.151201e+03   4.263897e+02 228200804172258280      13939      25581    32 2454574.459711  7.065642e+00  1.954430e-02  7.347122e+00  4.021439e-01 
  135800453   1.563749e+03   2.298735e+01   1.582543e+03   9.895429e+01 228200804201817330      14283      26526    32 2454577.264502  7.014583e+00  1.596055e-02  7.001611e+00  6.788986e-02 
  135800758   1.504330e+03   2.492132e+01   1.520710e+03   1.150931e+02 228200804201822380      14230      26568    32 2454577.268032  7.056642e+00  1.798679e-02  7.044884e+00  8.217289e-02 
  135800797   1.525723e+03   2.328474e+01   1.452290e+03   3.136026e+02 228200804201823160      14226      26556    32 2454577.268484  7.041311e+00  1.656996e-02  7.094866e+00  2.344510e-01 
  135800930   1.808730e+03   2.850302e+01   1.775397e+03   1.507422e+02 228200804201825300      14292      26563    32 2454577.270023  6.856565e+00  1.710972e-02  6.876761e+00  9.218608e-02 
  135800969   1.494161e+03   2.579545e+01   1.472646e+03   1.203017e+02 228200804201826080      14293      26560    32 2454577.270475  7.064006e+00  1.874439e-02  7.079754e+00  8.869506e-02 
  135801099   1.531300e+03   2.307025e+01   1.538699e+03   1.188712e+02 228200804201828190      14285      26492    32 2454577.271979  7.037349e+00  1.635754e-02  7.032116e+00  8.387813e-02 
  135801137   1.618680e+03   2.380693e+01   1.628886e+03   1.065664e+02 228200804201828570      14286      26486    32 2454577.272419  6.977098e+00  1.596865e-02  6.970273e+00  7.103225e-02 
  135801270   1.534863e+03   2.484072e+01   1.548637e+03   1.113556e+02 228200804201831090      14229      26549    32 2454577.273958  7.034826e+00  1.757197e-02  7.025126e+00  7.807076e-02 
  135801309   1.605544e+03   2.591906e+01   1.625661e+03   1.158569e+02 228200804201831480      14227      26540    32 2454577.274410  6.985945e+00  1.752762e-02  6.972425e+00  7.737806e-02 
  135801513   1.650389e+03   2.662987e+01   1.668973e+03   1.472079e+02 228200804201835130      14282      26462    32 2454577.276771  6.956035e+00  1.751897e-02  6.943877e+00  9.576521e-02 
  135801551   1.415087e+03   2.664325e+01   1.390764e+03   1.312934e+02 228200804201835510      14282      26458    32 2454577.277211  7.123042e+00  2.044231e-02  7.141866e+00  1.024980e-01 
  135801750   1.590143e+03   2.657134e+01   1.564748e+03   1.373432e+02 228200804201839090      14204      26474    32 2454577.279514  6.996410e+00  1.814276e-02  7.013889e+00  9.529904e-02 
  135801789   1.416792e+03   2.554536e+01   1.430183e+03   1.417618e+02 228200804201839480      14204      26474    32 2454577.279965  7.121735e+00  1.957635e-02  7.111521e+00  1.076201e-01 
  135801922   1.527583e+03   2.574619e+01   1.505583e+03   1.854056e+02 228200804201842010      14273      26546    32 2454577.281505  7.039988e+00  1.829928e-02  7.055738e+00  1.337039e-01 
  135801960   1.603136e+03   2.811872e+01   1.542357e+03   3.401235e+02 228200804201842400      14272      26541    32 2454577.281944  6.987574e+00  1.904368e-02  7.029538e+00  2.394295e-01 
  135802094   1.507145e+03   2.801890e+01   1.463425e+03   1.946865e+02 228200804201844530      14217      26483    32 2454577.283495  7.054612e+00  2.018468e-02  7.086574e+00  1.444412e-01 
  135802131   1.639825e+03   2.711530e+01   1.629416e+03   1.489884e+02 228200804201845300      14217      26480    32 2454577.283924  6.963006e+00  1.795324e-02  6.969920e+00  9.927644e-02 
  135802265   1.611865e+03   2.811001e+01   1.546109e+03   2.556139e+02 228200804201847440      14262      26545    32 2454577.285475  6.981678e+00  1.893469e-02  7.026900e+00  1.795023e-01 
  135802303   1.546938e+03   2.665407e+01   1.545587e+03   1.719942e+02 228200804201848220      14263      26544    32 2454577.285914  7.026318e+00  1.870753e-02  7.027267e+00  1.208221e-01 
  135802436   1.500633e+03   2.732236e+01   1.478439e+03   1.568293e+02 228200804201850360      14228      26496    32 2454577.287454  7.059314e+00  1.976832e-02  7.075491e+00  1.151727e-01 
  135802473   1.417860e+03   2.394845e+01   1.453458e+03   1.250285e+02 228200804201851130      14228      26488    32 2454577.287882  7.120917e+00  1.833876e-02  7.093993e+00  9.339684e-02 
  135802607   1.758555e+03   3.052558e+01   1.656480e+03   3.729742e+02 228200804201853260      14188      26493    32 2454577.289433  6.887110e+00  1.884663e-02  6.952034e+00  2.444660e-01 
  135802645   1.630391e+03   2.664984e+01   1.634719e+03   1.378604e+02 228200804201854040      14188      26491    32 2454577.289873  6.969271e+00  1.774715e-02  6.966393e+00  9.156352e-02 
  135802777   1.576973e+03   2.978361e+01   1.434724e+03   3.977820e+02 228200804201856160      14201      26545    32 2454577.291400  7.005439e+00  2.050590e-02  7.108079e+00  3.010250e-01 
  135803011   1.807921e+03   2.984128e+01   1.573081e+03   3.555879e+02 228200804201900100      14278      26425    32 2454577.294109  6.857051e+00  1.792106e-02  7.008122e+00  2.454266e-01 
  135803049   1.570171e+03   2.788843e+01   1.570685e+03   1.229033e+02 228200804201900490      14277      26421    32 2454577.294549  7.010133e+00  1.928426e-02  7.009777e+00  8.495721e-02 
  135803183   1.499023e+03   2.880864e+01   1.475950e+03   1.382267e+02 228200804201903020      14183      26423    32 2454577.296100  7.060479e+00  2.086606e-02  7.077321e+00  1.016825e-01 
  135803221   1.621066e+03   2.743971e+01   1.594332e+03   1.568554e+02 228200804201903400      14183      26420    32 2454577.296539  6.975498e+00  1.837827e-02  6.993554e+00  1.068185e-01 
  135803355   1.773687e+03   3.108083e+01   1.682791e+03   1.711716e+02 228200804201905550      14234      26456    32 2454577.298090  6.877808e+00  1.902574e-02  6.934925e+00  1.104403e-01 
  135803393   1.606824e+03   2.822037e+01   1.539813e+03   2.329958e+02 228200804201906320      14233      26454    32 2454577.298530  6.985079e+00  1.906866e-02  7.031330e+00  1.642881e-01 
  135803527   1.725006e+03   2.887553e+01   1.680262e+03   2.526157e+02 228200804201908470      14179      26507    32 2454577.300081  6.908023e+00  1.817461e-02  6.936558e+00  1.632335e-01 
  135803565   1.732617e+03   2.854271e+01   1.681957e+03   1.870983e+02 228200804201909240      14177      26501    32 2454577.300521  6.903243e+00  1.788621e-02  6.935463e+00  1.207761e-01 
  135803699   1.658289e+03   2.844209e+01   1.636119e+03   1.923303e+02 228200804201911380      14190      26498    32 2454577.302072  6.950850e+00  1.862204e-02  6.965463e+00  1.276318e-01 
  135803737   1.614661e+03   2.700828e+01   1.587625e+03   1.190716e+02 228200804201912160      14188      26491    32 2454577.302512  6.979796e+00  1.816107e-02  6.998130e+00  8.143029e-02 
  135803869   1.613634e+03   2.986880e+01   1.544395e+03   1.410774e+02 228200804201914280      14275      26446    32 2454577.304039  6.980487e+00  2.009734e-02  7.028104e+00  9.918021e-02 
  135803906   1.691964e+03   2.854830e+01   1.666170e+03   1.459503e+02 228200804201915060      14274      26444    32 2454577.304468  6.929022e+00  1.831956e-02  6.945702e+00  9.510680e-02 
  135804038   1.543575e+03   3.009438e+01   1.445510e+03   2.945348e+02 228200804201917180      14234      26483    32 2454577.305995  7.028680e+00  2.116817e-02  7.099947e+00  2.212286e-01 
  135804076   1.787262e+03   2.971731e+01   1.749307e+03   1.437892e+02 228200804201917560      14235      26478    32 2454577.306435  6.869529e+00  1.805290e-02  6.892835e+00  8.924550e-02 
  135804210   1.789655e+03   2.998890e+01   1.701606e+03   2.983458e+02 228200804201920090      14218      26462    32 2454577.307986  6.868076e+00  1.819353e-02  6.922853e+00  1.903648e-01 
  135804248   1.579848e+03   2.884958e+01   1.478755e+03   3.094963e+02 228200804201920470      14217      26458    32 2454577.308426  7.003462e+00  1.982668e-02  7.075260e+00  2.272402e-01 
  135804382   1.807217e+03   3.112691e+01   1.734592e+03   1.971900e+02 228200804201923010      14256      26465    32 2454577.309977  6.857474e+00  1.870043e-02  6.902007e+00  1.234279e-01 
  135804418   1.730275e+03   2.856025e+01   1.663126e+03   3.383100e+02 228200804201923380      14254      26459    32 2454577.310394  6.904712e+00  1.792143e-02  6.947687e+00  2.208592e-01 
  135804552   1.648210e+03   3.024014e+01   1.586684e+03   1.507393e+02 228200804201925520      14255      26425    32 2454577.311944  6.957469e+00  1.992036e-02  6.998774e+00  1.031483e-01 
  135804589   1.646379e+03   2.984504e+01   1.580145e+03   2.948148e+02 228200804201926290      14255      26421    32 2454577.312373  6.958675e+00  1.968195e-02  7.003257e+00  2.025713e-01 
  135804727   1.687858e+03   3.082526e+01   1.605538e+03   2.905164e+02 228200804201928470      14232      26392    32 2454577.313970  6.931661e+00  1.982882e-02  6.985948e+00  1.964607e-01 
  135804767   1.344552e+03   2.676815e+01   1.310430e+03   1.063274e+02 228200804201929270      14229      26385    32 2454577.314433  7.178555e+00  2.161556e-02  7.206465e+00  8.809622e-02 
  135804968   1.657179e+03   3.102175e+01   1.572932e+03   1.959525e+02 228200804201932470      14153      26386    32 2454577.316759  6.951576e+00  2.032463e-02  7.008225e+00  1.352592e-01 
  135805006   1.684722e+03   2.850879e+01   1.613881e+03   1.545602e+02 228200804201933250      14154      26385    32 2454577.317199  6.933679e+00  1.837284e-02  6.980321e+00  1.039805e-01 
