\OBJNAME = '1SWASP J172120.79+600329.5'
\OBSSTART = '2006-06-15T02:49:00'
\OBSSTOP = '2006-08-06T22:01:19'
\TSTART = 77424612
\TSTOP = 81986503
\JD_REF = 2453005.5
\RA_OBJ = '260.336647'
\DEC_OBJ = '60.058206'
\WASP_MAG = 11.68013
\HJD_START = 2453901.618194
\HJD_STOP = 2453954.417859
\fixlen = T
\NUMRECORDS = 36
\
\ This file was produced by the NASA Exoplanet Archive  http://exoplanetarchive.ipac.caltech.edu 
\ Tue Sep 17, 12:34:32 2013
\ Documentation for the SuperWASP dataset can be found at http://exoplanetarchive.ipac.caltech.edu/docs/SuperWASPMission.html
\
|TMID      |FLUX2         |FLUX2_ERR     |TAMFLUX2      |TAMFLUX2_ERR  |IMAGEID           |CCDX      |CCDY      |FLAG |           HJD|         MAG2|     MAG2_ERR|      TAMMAG2|  TAMMAG2_ERR|
|int       |float         |float         |float         |float         |char              |int       |int       |int  |        double|        float|        float|        float|        float|
|sec       |micro Vega    |micro Vega    |micro Vega    |micro Vega    |                  |1/16 pixel|1/16 pixel|     |           day|          mag|          mag|          mag|          mag|
|null      |null          |null          |null          |null          |null              |null      |null      |null |          null|         null|         null|         null|         null|
   77424612   2.213187e+01   2.260006e-01   2.214562e+01   2.260006e-01 145200606150249000      26535      10063    32 2453901.618194  1.163745e+01  1.108708e-02  1.163678e+01  1.108020e-02 
   77425177   2.192397e+01   2.257910e-01   2.193759e+01   2.257910e-01 145200606150258250      26644      10044    32 2453901.624734  1.164770e+01  1.118184e-02  1.164703e+01  1.117490e-02 
   77426127   2.147519e+01   2.820375e-01   2.148854e+01   2.820375e-01 145200606150314150      26832      10025    32 2453901.635729  1.167016e+01  1.425922e-02  1.166948e+01  1.425036e-02 
   77510732   1.956185e+01   1.990959e-01   1.957401e+01   1.990959e-01 145200606160244210      26535      10088    32 2453902.614954  1.177147e+01  1.105041e-02  1.177080e+01  1.104354e-02 
   77512106   1.933780e+01   2.022210e-01   1.934982e+01   2.022210e-01 145200606160307140      26828      10052    32 2453902.630856  1.178398e+01  1.135390e-02  1.178331e+01  1.134685e-02 
   77513873   1.937663e+01   2.064962e-01   1.938867e+01   2.064962e-01 145200606160336410      27182      10042    32 2453902.651308  1.178180e+01  1.157070e-02  1.178113e+01  1.156352e-02 
   81724701   2.242398e+01   2.073483e-01   2.242398e+01   2.073483e-01 148200608032117540      21870      18462     0 2453951.387743  1.162322e+01  1.003953e-02  1.162322e+01  1.003953e-02 
   81725347   2.324370e+01   2.036710e-01   2.324370e+01   2.036710e-01 148200608032128410      21803      18564     0 2453951.395220  1.158424e+01  9.513709e-03  1.158424e+01  9.513709e-03 
   81726073   2.263742e+01   2.006468e-01   2.263742e+01   2.006468e-01 148200608032140470      21713      18671     0 2453951.403623  1.161293e+01  9.623454e-03  1.161293e+01  9.623454e-03 
   81726911   2.291606e+01   2.024818e-01   2.291606e+01   2.024818e-01 148200608032154440      21591      18787     0 2453951.413322  1.159965e+01  9.593385e-03  1.159965e+01  9.593385e-03 
   81727767   2.307639e+01   2.005000e-01   2.307639e+01   2.005000e-01 148200608032209000      21451      18897     0 2453951.423229  1.159208e+01  9.433486e-03  1.159208e+01  9.433486e-03 
   81810162   2.105522e+01   2.071750e-01   2.105522e+01   2.071750e-01 148200608042102170      21928      18368     0 2453952.376875  1.169160e+01  1.068325e-02  1.169160e+01  1.068325e-02 
   81810554   2.273028e+01   2.402211e-01   2.273028e+01   2.402211e-01 145200608042108480      23346      10962     0 2453952.381412  1.160849e+01  1.147446e-02  1.160849e+01  1.147446e-02 
   81810621   2.148233e+01   1.778611e-01   2.148233e+01   1.778611e-01 148200608042109560      21914      18443     0 2453952.382188  1.166980e+01  8.989294e-03  1.166980e+01  8.989294e-03 
   81811267   2.267133e+01   2.218952e-01   2.267133e+01   2.218952e-01 145200608042120420      23437      10866     0 2453952.389664  1.161131e+01  1.062666e-02  1.161131e+01  1.062666e-02 
   81811331   2.133347e+01   1.663143e-01   2.133347e+01   1.663143e-01 148200608042121450      21841      18554     0 2453952.390405  1.167735e+01  8.464355e-03  1.167735e+01  8.464355e-03 
   81811920   2.244661e+01   2.175333e-01   2.244661e+01   2.175333e-01 145200608042131340      23545      10796     0 2453952.397222  1.162212e+01  1.052206e-02  1.162212e+01  1.052206e-02 
   81811982   2.165689e+01   1.662565e-01   2.165689e+01   1.662565e-01 148200608042132360      21726      18649     0 2453952.397940  1.166101e+01  8.335056e-03  1.166101e+01  8.335056e-03 
   81812601   2.223211e+01   2.138171e-01   2.223211e+01   2.138171e-01 145200608042142560      23645      10721     0 2453952.405104  1.163255e+01  1.044209e-02  1.163255e+01  1.044209e-02 
   81812663   2.143771e+01   1.662905e-01   2.143771e+01   1.662905e-01 148200608042143580      21638      18742     0 2453952.405822  1.167205e+01  8.421993e-03  1.167205e+01  8.421993e-03 
   81813389   2.246664e+01   2.171633e-01   2.246664e+01   2.171633e-01 145200608042156040      23745      10648     0 2453952.414225  1.162115e+01  1.049480e-02  1.162115e+01  1.049480e-02 
   81813456   2.152718e+01   1.646719e-01   2.152718e+01   1.646719e-01 148200608042157110      21505      18847     0 2453952.415000  1.166753e+01  8.305353e-03  1.166753e+01  8.305353e-03 
   81814166   2.253193e+01   2.160954e-01   2.253193e+01   2.160954e-01 145200608042209010      23879      10577     0 2453952.423218  1.161800e+01  1.041293e-02  1.161800e+01  1.041293e-02 
   81814233   2.156774e+01   1.654119e-01   2.156774e+01   1.654119e-01 148200608042210080      21379      18942     0 2453952.423993  1.166549e+01  8.326989e-03  1.166549e+01  8.326989e-03 
   81896829   1.732613e+01   2.394159e-01   1.732613e+01   2.394159e-01 145200608052106440      23354      10938     0 2453953.379965  1.190325e+01  1.500298e-02  1.190325e+01  1.500298e-02 
   81897415   1.791079e+01   2.248657e-01   1.791079e+01   2.248657e-01 145200608052116310      23452      10876     0 2453953.386748  1.186721e+01  1.363121e-02  1.186721e+01  1.363121e-02 
   81898145   1.854318e+01   2.238652e-01   1.854318e+01   2.238652e-01 145200608052128410      23512      10788     0 2453953.395197  1.182954e+01  1.310775e-02  1.182954e+01  1.310775e-02 
   81898797   1.863045e+01   2.268619e-01   1.863045e+01   2.268619e-01 145200608052139320      23622      10719     0 2453953.402743  1.182444e+01  1.322099e-02  1.182444e+01  1.322099e-02 
   81899523   1.855573e+01   2.261043e-01   1.855573e+01   2.261043e-01 145200608052151380      23722      10644     0 2453953.411146  1.182880e+01  1.322990e-02  1.182880e+01  1.322990e-02 
   81900252   1.906490e+01   2.270826e-01   1.906490e+01   2.270826e-01 145200608052203470      23840      10582     0 2453953.419583  1.179941e+01  1.293228e-02  1.179941e+01  1.293228e-02 
   81983094   2.198454e+01   1.966763e-01   2.198454e+01   1.966763e-01 148200608062104310      21886      18452     0 2453954.378403  1.164471e+01  9.713155e-03  1.164471e+01  9.713155e-03 
   81983556   2.228770e+01   1.835004e-01   2.228770e+01   1.835004e-01 148200608062112120      21867      18528     0 2453954.383750  1.162984e+01  8.939179e-03  1.162984e+01  8.939179e-03 
   81984282   2.206479e+01   1.777443e-01   2.206479e+01   1.777443e-01 148200608062124180      21728      18640     0 2453954.392153  1.164075e+01  8.746246e-03  1.164075e+01  8.746246e-03 
   81984995   2.206636e+01   1.777080e-01   2.206636e+01   1.777080e-01 148200608062136120      21633      18736     0 2453954.400405  1.164067e+01  8.743838e-03  1.164067e+01  8.743838e-03 
   81985778   2.258191e+01   1.804647e-01   2.258191e+01   1.804647e-01 148200608062149150      21514      18840     0 2453954.409468  1.161560e+01  8.676758e-03  1.161560e+01  8.676758e-03 
   81986503   2.177844e+01   1.790217e-01   2.177844e+01   1.790217e-01 148200608062201190      21407      18931     0 2453954.417859  1.165493e+01  8.924928e-03  1.165493e+01  8.924928e-03 
