\OBJNAME = '1SWASP J001551.55+602553.6'
\OBSSTART = '2006-11-30T19:22:50'
\OBSSTOP = '2008-07-23T05:29:06'
\TSTART = 91999646
\TSTOP = 143875723
\JD_REF = 2453005.5
\RA_OBJ = '3.964825'
\DEC_OBJ = '60.431561'
\WASP_MAG = 11.00973
\HJD_START = 2454070.310718
\HJD_STOP = 2454670.728275
\fixlen = T
\NUMRECORDS = 126
\
\ This file was produced by the NASA Exoplanet Archive  http://exoplanetarchive.ipac.caltech.edu 
\ Sun Sep 15, 18:14:24 2013
\ Documentation for the SuperWASP dataset can be found at http://exoplanetarchive.ipac.caltech.edu/docs/SuperWASPMission.html
\
|TMID      |FLUX2         |FLUX2_ERR     |TAMFLUX2      |TAMFLUX2_ERR  |IMAGEID           |CCDX      |CCDY      |FLAG |           HJD|         MAG2|     MAG2_ERR|      TAMMAG2|  TAMMAG2_ERR|
|int       |float         |float         |float         |float         |char              |int       |int       |int  |        double|        float|        float|        float|        float|
|sec       |micro Vega    |micro Vega    |micro Vega    |micro Vega    |                  |1/16 pixel|1/16 pixel|     |           day|          mag|          mag|          mag|          mag|
|null      |null          |null          |null          |null          |null              |null      |null      |null |          null|         null|         null|         null|         null|
   91999646   3.619275e+01   1.877256e-01   3.619275e+01   1.877256e-01 148200611301922500      20552       6435     0 2454070.310718  1.110345e+01  5.631548e-03  1.110345e+01  5.631548e-03 
   91999711   4.048440e+01   2.370134e-01   4.048440e+01   2.370134e-01 145200611301923550      23068      23094     0 2454070.311470  1.098178e+01  6.356396e-03  1.098178e+01  6.356396e-03 
   92000184   3.636735e+01   1.832102e-01   3.636735e+01   1.832102e-01 148200611301931490      20505       6545     0 2454070.316944  1.109822e+01  5.469705e-03  1.109822e+01  5.469705e-03 
   92000255   3.963060e+01   2.285400e-01   3.963060e+01   2.285400e-01 145200611301933000      23138      23005     0 2454070.317766  1.100492e+01  6.261199e-03  1.100492e+01  6.261199e-03 
   92000738   3.589395e+01   1.820305e-01   3.589395e+01   1.820305e-01 148200611301941030      20490       6647     0 2454070.323356  1.111245e+01  5.506161e-03  1.111245e+01  5.506161e-03 
   92000805   4.044234e+01   2.269260e-01   4.044234e+01   2.269260e-01 145200611301942090      23170      22914     0 2454070.324132  1.098291e+01  6.092195e-03  1.098291e+01  6.092195e-03 
   92001225   3.620201e+01   1.808196e-01   3.620201e+01   1.808196e-01 148200611301949090      20436       6739     0 2454070.328993  1.110317e+01  5.422987e-03  1.110317e+01  5.422987e-03 
   92001293   4.017927e+01   2.276326e-01   4.017927e+01   2.276326e-01 145200611301950180      23243      22838     0 2454070.329780  1.099000e+01  6.151177e-03  1.099000e+01  6.151177e-03 
   92001717   3.635609e+01   1.809323e-01   3.635609e+01   1.809323e-01 148200611301957220      20378       6828     0 2454070.334687  1.109856e+01  5.403371e-03  1.109856e+01  5.403371e-03 
   92001784   4.002282e+01   2.262250e-01   4.002282e+01   2.262250e-01 145200611301958280      23270      22759     0 2454070.335463  1.099423e+01  6.137036e-03  1.099423e+01  6.137036e-03 
   92002128   3.659743e+01   1.809976e-01   3.659743e+01   1.809976e-01 148200611302004120      20368       6904     0 2454070.339444  1.109137e+01  5.369677e-03  1.109137e+01  5.369677e-03 
   92002193   3.961394e+01   2.259677e-01   3.961394e+01   2.259677e-01 145200611302005180      23334      22696     0 2454070.340197  1.100538e+01  6.193329e-03  1.100538e+01  6.193329e-03 
   94505574   4.181883e+01   2.436039e-01   4.181883e+01   2.436039e-01 145200612291930100      23971      22353     0 2454099.314514  1.094657e+01  6.324674e-03  1.094657e+01  6.324674e-03 
   94505913   4.190497e+01   2.380647e-01   4.190497e+01   2.380647e-01 145200612291935490      24041      22325     0 2454099.318437  1.094434e+01  6.168155e-03  1.094434e+01  6.168155e-03 
   94506461   4.112171e+01   2.339245e-01   4.112171e+01   2.339245e-01 145200612291944570      24130      22279     0 2454099.324780  1.096482e+01  6.176330e-03  1.096482e+01  6.176330e-03 
   94506728   4.124837e+01   2.311032e-01   4.124837e+01   2.311032e-01 145200612291949240      24190      22254     0 2454099.327870  1.096148e+01  6.083100e-03  1.096148e+01  6.083100e-03 
   94507002   4.158123e+01   2.334255e-01   4.158123e+01   2.334255e-01 145200612291953570      24215      22231     0 2454099.331042  1.095276e+01  6.095042e-03  1.095276e+01  6.095042e-03 
   94507274   4.108664e+01   2.307657e-01   4.108664e+01   2.307657e-01 145200612291958290      24287      22206     0 2454099.334190  1.096575e+01  6.098127e-03  1.096575e+01  6.098127e-03 
   94507542   4.199833e+01   2.346360e-01   4.199833e+01   2.346360e-01 145200612292002580      24309      22182     0 2454099.337292  1.094192e+01  6.065806e-03  1.094192e+01  6.065806e-03 
   94507741   4.205688e+01   2.348102e-01   4.205688e+01   2.348102e-01 145200612292006170      24356      22168     0 2454099.339595  1.094041e+01  6.061857e-03  1.094041e+01  6.061857e-03 
   94507871   4.152531e+01   2.336905e-01   4.152531e+01   2.336905e-01 145200612292008270      24388      22158     0 2454099.341100  1.095422e+01  6.110180e-03  1.095422e+01  6.110180e-03 
   94508005   4.145918e+01   2.342450e-01   4.145918e+01   2.342450e-01 145200612292010400      24422      22144     0 2454099.342650  1.095595e+01  6.134446e-03  1.095595e+01  6.134446e-03 
   94508142   4.103165e+01   2.341946e-01   4.103165e+01   2.341946e-01 145200612292012570      24415      22135     0 2454099.344236  1.096720e+01  6.197032e-03  1.096720e+01  6.197032e-03 
   94594819   4.124577e+01   2.580158e-01   4.124577e+01   2.580158e-01 145200612302017390      24520      22020     0 2454100.347442  1.096155e+01  6.791922e-03  1.096155e+01  6.791922e-03 
   94595104   4.114142e+01   2.561494e-01   4.114142e+01   2.561494e-01 145200612302022240      24595      22000     0 2454100.350741  1.096430e+01  6.759894e-03  1.096430e+01  6.759894e-03 
   94595306   4.090454e+01   2.585469e-01   4.090454e+01   2.585469e-01 145200612302025460      24649      21990     0 2454100.353079  1.097057e+01  6.862677e-03  1.097057e+01  6.862677e-03 
   94595510   4.099411e+01   2.581730e-01   4.099411e+01   2.581730e-01 145200612302029100      24661      21981     0 2454100.355440  1.096820e+01  6.837780e-03  1.096820e+01  6.837780e-03 
   94595709   4.119057e+01   2.568081e-01   4.119057e+01   2.568081e-01 145200612302032290      24717      21965     0 2454100.357743  1.096301e+01  6.769191e-03  1.096301e+01  6.769191e-03 
   94595904   4.086320e+01   2.574512e-01   4.086320e+01   2.574512e-01 145200612302035450      24768      21956     0 2454100.360000  1.097167e+01  6.840508e-03  1.097167e+01  6.840508e-03 
   94596107   4.162054e+01   2.599473e-01   4.162054e+01   2.599473e-01 145200612302039070      24783      21945     0 2454100.362350  1.095173e+01  6.781151e-03  1.095173e+01  6.781151e-03 
   94596312   4.133672e+01   2.604733e-01   4.133672e+01   2.604733e-01 145200612302042330      24839      21935     0 2454100.364722  1.095916e+01  6.841528e-03  1.095916e+01  6.841528e-03 
   94596514   4.024583e+01   2.603909e-01   4.024583e+01   2.603909e-01 145200612302045550      24892      21929     0 2454100.367060  1.098820e+01  7.024748e-03  1.098820e+01  7.024748e-03 
   94596723   4.093376e+01   2.612049e-01   4.093376e+01   2.612049e-01 145200612302049240      24906      21916     0 2454100.369479  1.096980e+01  6.928282e-03  1.096980e+01  6.928282e-03 
   94596917   4.078780e+01   2.619169e-01   4.078780e+01   2.619169e-01 145200612302052380      24958      21912     0 2454100.371725  1.097367e+01  6.972028e-03  1.097367e+01  6.972028e-03 
   94597046   4.044983e+01   2.585727e-01   4.044983e+01   2.585727e-01 145200612302054470      24991      21903     0 2454100.373218  1.098271e+01  6.940516e-03  1.098271e+01  6.940516e-03 
   94597176   4.072465e+01   2.609954e-01   4.072465e+01   2.609954e-01 145200612302056570      24988      21900     0 2454100.374722  1.097536e+01  6.958271e-03  1.097536e+01  6.958271e-03 
   94597317   4.107304e+01   2.635087e-01   4.107304e+01   2.635087e-01 145200612302059170      25026      21896     0 2454100.376354  1.096611e+01  6.965687e-03  1.096611e+01  6.965687e-03 
   94597442   4.054154e+01   2.621513e-01   4.054154e+01   2.621513e-01 145200612302101230      25060      21889     0 2454100.377801  1.098025e+01  7.020655e-03  1.098025e+01  7.020655e-03 
   94678447   4.180065e+01   2.966487e-01   4.180065e+01   2.966487e-01 145200612311931330      24152      21990     0 2454101.315359  1.094704e+01  7.705225e-03  1.094704e+01  7.705225e-03 
   94678921   4.138794e+01   2.850188e-01   4.138794e+01   2.850188e-01 145200612311939260      24214      21952     0 2454101.320845  1.095782e+01  7.476968e-03  1.095782e+01  7.476968e-03 
   94679402   4.137246e+01   2.824308e-01   4.137246e+01   2.824308e-01 145200612311947280      24286      21913     0 2454101.326412  1.095822e+01  7.411850e-03  1.095822e+01  7.411850e-03 
   94679865   4.114949e+01   2.814676e-01   4.114949e+01   2.814676e-01 145200612311955110      24355      21876     0 2454101.331771  1.096409e+01  7.426597e-03  1.096409e+01  7.426597e-03 
   94680196   4.145573e+01   2.821105e-01   4.145573e+01   2.821105e-01 145200612312000420      24430      21864     0 2454101.335602  1.095604e+01  7.388572e-03  1.095604e+01  7.388572e-03 
   94680534   4.089537e+01   2.813017e-01   4.089537e+01   2.813017e-01 145200612312006190      24472      21839     0 2454101.339514  1.097081e+01  7.468339e-03  1.097081e+01  7.468339e-03 
   94681045   4.148964e+01   2.785233e-01   4.148964e+01   2.785233e-01 145200612312014510      24559      21806     0 2454101.345428  1.095515e+01  7.288661e-03  1.095515e+01  7.288661e-03 
   94681384   4.110477e+01   2.830185e-01   4.110477e+01   2.830185e-01 145200612312020300      24644      21781     0 2454101.349352  1.096527e+01  7.475640e-03  1.096527e+01  7.475640e-03 
   94681644   4.076967e+01   2.825689e-01   4.076967e+01   2.825689e-01 145200612312024490      24671      21768     0 2454101.352361  1.097416e+01  7.525112e-03  1.097416e+01  7.525112e-03 
   94681914   4.177553e+01   2.846124e-01   4.177553e+01   2.846124e-01 145200612312029190      24746      21748     0 2454101.355486  1.094769e+01  7.397035e-03  1.094769e+01  7.397035e-03 
   94682177   4.106959e+01   2.848713e-01   4.106959e+01   2.848713e-01 145200612312033420      24775      21741     0 2454101.358530  1.096620e+01  7.531027e-03  1.096620e+01  7.531027e-03 
   94682443   4.097635e+01   2.852503e-01   4.097635e+01   2.852503e-01 145200612312038080      24846      21721     0 2454101.361609  1.096867e+01  7.558205e-03  1.096867e+01  7.558205e-03 
   94682704   4.176569e+01   2.849147e-01   4.176569e+01   2.849147e-01 145200612312042290      24911      21715     0 2454101.364630  1.094795e+01  7.406638e-03  1.094795e+01  7.406638e-03 
   94682982   4.118019e+01   2.877451e-01   4.118019e+01   2.877451e-01 145200612312047080      24951      21701     0 2454101.367847  1.096328e+01  7.586567e-03  1.096328e+01  7.586567e-03 
   94683207   4.133121e+01   2.851211e-01   4.133121e+01   2.851211e-01 145200612312050530      25010      21693     0 2454101.370451  1.095930e+01  7.489919e-03  1.095930e+01  7.489919e-03 
   94683404   4.106078e+01   2.887568e-01   4.106078e+01   2.887568e-01 145200612312054090      25021      21686     0 2454101.372731  1.096643e+01  7.635383e-03  1.096643e+01  7.635383e-03 
   94683608   4.121236e+01   2.894569e-01   4.121236e+01   2.894569e-01 145200612312057330      25076      21675     0 2454101.375093  1.096243e+01  7.625745e-03  1.096243e+01  7.625745e-03 
  143526883   4.149126e+01   2.965672e-01   4.149126e+01   2.965672e-01 145200807190435270      22460      23811     0 2454666.690775  1.095511e+01  7.760547e-03  1.095511e+01  7.760547e-03 
  143526921   4.244595e+01   2.977298e-01   4.244595e+01   2.977298e-01 145200807190436050      22457      23809     0 2454666.691215  1.093041e+01  7.615735e-03  1.093041e+01  7.615735e-03 
  143526974   3.720828e+01   2.460413e-01   3.720828e+01   2.460413e-01 148200807190436570      20008       6583     0 2454666.691829  1.107340e+01  7.179502e-03  1.107340e+01  7.179502e-03 
  143527012   3.688504e+01   2.467398e-01   3.688504e+01   2.467398e-01 148200807190437360      20007       6587     0 2454666.692269  1.108287e+01  7.262981e-03  1.108287e+01  7.262981e-03 
  143528171   4.189623e+01   2.926877e-01   4.189623e+01   2.926877e-01 145200807190456540      22445      23752     0 2454666.705683  1.094456e+01  7.584996e-03  1.094456e+01  7.584996e-03 
  143528209   4.176809e+01   2.924992e-01   4.176809e+01   2.924992e-01 145200807190457320      22443      23751     0 2454666.706123  1.094789e+01  7.603367e-03  1.094789e+01  7.603367e-03 
  143528260   3.711644e+01   2.393652e-01   3.711644e+01   2.393652e-01 148200807190458240      19950       6715     0 2454666.706713  1.107608e+01  7.001975e-03  1.107608e+01  7.001975e-03 
  143528300   3.673024e+01   2.376420e-01   3.673024e+01   2.376420e-01 148200807190459030      19949       6719     0 2454666.707176  1.108744e+01  7.024659e-03  1.108744e+01  7.024659e-03 
  143529378   4.194144e+01   3.011941e-01   4.194144e+01   3.011941e-01 145200807190517010      22429      23705     0 2454666.719653  1.094339e+01  7.797026e-03  1.094339e+01  7.797026e-03 
  143529417   4.184251e+01   3.027450e-01   4.184251e+01   3.027450e-01 145200807190517400      22428      23704     0 2454666.720104  1.094596e+01  7.855704e-03  1.094596e+01  7.855704e-03 
  143529468   3.779354e+01   2.531410e-01   3.779354e+01   2.531410e-01 148200807190518320      19926       6806     0 2454666.720694  1.105646e+01  7.272285e-03  1.105646e+01  7.272285e-03 
  143529508   3.784636e+01   2.554423e-01   3.784636e+01   2.554423e-01 148200807190519110      19926       6809     0 2454666.721157  1.105494e+01  7.328152e-03  1.105494e+01  7.328152e-03 
  143698787   3.608889e+01   3.798504e-01   3.608889e+01   3.798504e-01 148200807210420210      20003       6533     0 2454668.680405  1.110657e+01  1.142786e-02  1.110657e+01  1.142786e-02 
  143698825   3.639089e+01   3.802007e-01   3.639089e+01   3.802007e-01 148200807210420590      20003       6536     0 2454668.680845  1.109752e+01  1.134347e-02  1.109752e+01  1.134347e-02 
  143698878   4.092048e+01   4.506349e-01   4.092048e+01   4.506349e-01 145200807210421510      22474      23818     0 2454668.681458  1.097015e+01  1.195666e-02  1.097015e+01  1.195666e-02 
  143698916   4.044620e+01   4.481817e-01   4.044620e+01   4.481817e-01 145200807210422290      22473      23816     0 2454668.681898  1.098281e+01  1.203101e-02  1.098281e+01  1.203101e-02 
  143699249   3.647357e+01   3.678865e-01   3.647357e+01   3.678865e-01 148200807210428020      19999       6586     0 2454668.685752  1.109505e+01  1.095119e-02  1.109505e+01  1.095119e-02 
  143699287   3.596773e+01   3.627357e-01   3.596773e+01   3.627357e-01 148200807210428400      19998       6590     0 2454668.686192  1.111022e+01  1.094972e-02  1.111022e+01  1.094972e-02 
  143699793   4.068269e+01   4.465832e-01   4.068269e+01   4.465832e-01 145200807210437070      22457      23786     0 2454668.692049  1.097648e+01  1.191841e-02  1.097648e+01  1.191841e-02 
  143699833   4.030004e+01   4.455059e-01   4.030004e+01   4.455059e-01 145200807210437460      22454      23785     0 2454668.692512  1.098674e+01  1.200256e-02  1.098674e+01  1.200256e-02 
  143700073   3.651621e+01   3.766564e-01   3.651621e+01   3.766564e-01 148200807210441470      19975       6669     0 2454668.695289  1.109379e+01  1.119916e-02  1.109379e+01  1.119916e-02 
  143700113   3.684233e+01   3.764988e-01   3.684233e+01   3.764988e-01 148200807210442260      19975       6672     0 2454668.695752  1.108413e+01  1.109539e-02  1.108413e+01  1.109539e-02 
  143700348   4.100436e+01   4.505108e-01   4.100436e+01   4.505108e-01 145200807210446210      22442      23764     0 2454668.698472  1.096793e+01  1.192892e-02  1.096793e+01  1.192892e-02 
  143700388   4.095412e+01   4.506732e-01   4.095412e+01   4.506732e-01 145200807210447000      22441      23763     0 2454668.698935  1.096926e+01  1.194786e-02  1.096926e+01  1.194786e-02 
  143700724   3.568637e+01   3.749320e-01   3.568637e+01   3.749320e-01 148200807210452360      19956       6715     0 2454668.702824  1.111874e+01  1.140712e-02  1.111874e+01  1.140712e-02 
  143700762   3.574834e+01   3.756285e-01   3.574834e+01   3.756285e-01 148200807210453140      19957       6717     0 2454668.703264  1.111686e+01  1.140850e-02  1.111686e+01  1.140850e-02 
  143701093   4.077874e+01   4.432268e-01   4.077874e+01   4.432268e-01 145200807210458460      22429      23738     0 2454668.707095  1.097392e+01  1.180098e-02  1.097392e+01  1.180098e-02 
  143701131   4.014109e+01   4.445629e-01   4.014109e+01   4.445629e-01 145200807210459240      22428      23737     0 2454668.707535  1.099103e+01  1.202458e-02  1.099103e+01  1.202458e-02 
  143701370   3.614383e+01   3.715963e-01   3.614383e+01   3.715963e-01 148200807210503220      19946       6778     0 2454668.710301  1.110491e+01  1.116254e-02  1.110491e+01  1.116254e-02 
  143701408   3.747522e+01   3.720730e-01   3.747522e+01   3.720730e-01 148200807210504010      19945       6781     0 2454668.710741  1.106564e+01  1.077978e-02  1.106564e+01  1.077978e-02 
  143701740   4.080314e+01   4.477427e-01   4.080314e+01   4.477427e-01 145200807210509320      22420      23714     0 2454668.714583  1.097327e+01  1.191409e-02  1.097327e+01  1.191409e-02 
  143701778   4.032021e+01   4.451024e-01   4.032021e+01   4.451024e-01 145200807210510100      22419      23713     0 2454668.715023  1.098619e+01  1.198569e-02  1.098619e+01  1.198569e-02 
  143702120   3.683617e+01   4.378243e-01   3.683617e+01   4.378243e-01 148200807210515530      19934       6830     0 2454668.718981  1.108431e+01  1.290480e-02  1.108431e+01  1.290480e-02 
  143702160   3.779644e+01   3.989679e-01   3.779644e+01   3.989679e-01 148200807210516320      19934       6831     0 2454668.719444  1.105637e+01  1.146075e-02  1.105637e+01  1.146075e-02 
  143702583   4.204874e+01   5.681663e-01   4.204874e+01   5.681663e-01 145200807210523360      22416      23690     0 2454668.724340  1.094062e+01  1.467061e-02  1.094062e+01  1.467061e-02 
  143785908   4.007541e+01   3.716039e-01   4.007541e+01   3.716039e-01 145200807220432150      22450      23588     0 2454669.688750  1.099281e+01  1.006765e-02  1.099281e+01  1.006765e-02 
  143785946   4.019569e+01   3.687987e-01   4.019569e+01   3.687987e-01 145200807220432540      22446      23586     0 2454669.689190  1.098955e+01  9.961752e-03  1.098955e+01  9.961752e-03 
  143785999   3.643767e+01   3.094036e-01   3.643767e+01   3.094036e-01 148200807220433460      19963       6653     0 2454669.689803  1.109612e+01  9.219357e-03  1.109612e+01  9.219357e-03 
  143786037   3.641984e+01   3.081502e-01   3.641984e+01   3.081502e-01 148200807220434240      19963       6656     0 2454669.690243  1.109665e+01  9.186504e-03  1.109665e+01  9.186504e-03 
  143787382   4.011935e+01   3.743973e-01   4.011935e+01   3.743973e-01 145200807220456500      22420      23527     0 2454669.705810  1.099162e+01  1.013222e-02  1.099162e+01  1.013222e-02 
  143787420   3.990726e+01   3.736666e-01   3.990726e+01   3.736666e-01 145200807220457270      22416      23527     0 2454669.706250  1.099737e+01  1.016619e-02  1.099737e+01  1.016619e-02 
  143787473   3.563245e+01   3.118509e-01   3.563245e+01   3.118509e-01 148200807220458210      19929       6776     0 2454669.706863  1.112039e+01  9.502264e-03  1.112039e+01  9.502264e-03 
  143787513   3.562248e+01   3.124946e-01   3.562248e+01   3.124946e-01 148200807220459000      19930       6778     0 2454669.707326  1.112069e+01  9.524544e-03  1.112069e+01  9.524544e-03 
  143787934   4.006750e+01   3.775390e-01   4.006750e+01   3.775390e-01 145200807220506020      22403      23512     0 2454669.712199  1.099302e+01  1.023047e-02  1.099302e+01  1.023047e-02 
  143787973   4.030114e+01   3.774853e-01   4.030114e+01   3.774853e-01 145200807220506400      22401      23511     0 2454669.712650  1.098671e+01  1.016971e-02  1.098671e+01  1.016971e-02 
  143788025   3.623895e+01   3.135867e-01   3.623895e+01   3.135867e-01 148200807220507320      19928       6817     0 2454669.713252  1.110206e+01  9.395239e-03  1.110206e+01  9.395239e-03 
  143788063   3.670715e+01   3.149096e-01   3.670715e+01   3.149096e-01 148200807220508110      19928       6819     0 2454669.713692  1.108812e+01  9.314532e-03  1.108812e+01  9.314532e-03 
  143788689   4.082317e+01   3.921883e-01   4.082317e+01   3.921883e-01 145200807220518360      22401      23495     0 2454669.720937  1.097273e+01  1.043071e-02  1.097273e+01  1.043071e-02 
  143788727   3.985036e+01   3.933889e-01   3.985036e+01   3.933889e-01 145200807220519150      22400      23494     0 2454669.721377  1.099892e+01  1.071805e-02  1.099892e+01  1.071805e-02 
  143788878   3.528659e+01   3.331521e-01   3.528659e+01   3.331521e-01 148200807220521460      19900       6863     0 2454669.723125  1.113098e+01  1.025082e-02  1.113098e+01  1.025082e-02 
  143788917   3.605191e+01   3.339280e-01   3.605191e+01   3.339280e-01 148200807220522240      19902       6864     0 2454669.723576  1.110768e+01  1.005658e-02  1.110768e+01  1.005658e-02 
  143872227   4.087492e+01   2.853945e-01   4.087492e+01   2.853945e-01 145200807230430490      22452      23577     0 2454670.687813  1.097136e+01  7.580792e-03  1.097136e+01  7.580792e-03 
  143872265   4.107462e+01   2.850448e-01   4.107462e+01   2.850448e-01 145200807230431280      22447      23575     0 2454670.688252  1.096607e+01  7.534690e-03  1.096607e+01  7.534690e-03 
  143872416   3.673248e+01   2.294837e-01   3.673248e+01   2.294837e-01 148200807230433590      19952       6679     0 2454670.690000  1.108737e+01  6.783088e-03  1.108737e+01  6.783088e-03 
  143872456   3.610399e+01   2.288135e-01   3.610399e+01   2.288135e-01 148200807230434380      19952       6681     0 2454670.690463  1.110611e+01  6.881011e-03  1.110611e+01  6.881011e-03 
  143873510   4.096696e+01   2.786357e-01   4.096696e+01   2.786357e-01 145200807230452130      22410      23534     0 2454670.702662  1.096892e+01  7.384631e-03  1.096892e+01  7.384631e-03 
  143873548   4.097147e+01   2.797816e-01   4.097147e+01   2.797816e-01 145200807230452510      22407      23533     0 2454670.703102  1.096880e+01  7.414186e-03  1.096880e+01  7.414186e-03 
  143873701   3.567581e+01   2.221236e-01   3.567581e+01   2.221236e-01 148200807230455230      19935       6781     0 2454670.704873  1.111907e+01  6.760000e-03  1.111907e+01  6.760000e-03 
  143873739   3.627816e+01   2.216282e-01   3.627816e+01   2.216282e-01 148200807230456020      19935       6783     0 2454670.705312  1.110089e+01  6.632933e-03  1.110089e+01  6.632933e-03 
  143874077   4.046572e+01   2.755817e-01   4.046572e+01   2.755817e-01 145200807230501390      22400      23519     0 2454670.709225  1.098228e+01  7.394161e-03  1.098228e+01  7.394161e-03 
  143874115   4.121680e+01   2.761820e-01   4.121680e+01   2.761820e-01 145200807230502180      22398      23519     0 2454670.709664  1.096231e+01  7.275234e-03  1.096231e+01  7.275234e-03 
  143874360   3.656926e+01   2.273495e-01   3.656926e+01   2.273495e-01 148200807230506230      19928       6821     0 2454670.712500  1.109221e+01  6.749999e-03  1.109221e+01  6.749999e-03 
  143874400   3.572248e+01   2.272787e-01   3.572248e+01   2.272787e-01 148200807230507020      19930       6822     0 2454670.712963  1.111765e+01  6.907851e-03  1.111765e+01  6.907851e-03 
  143874745   4.072880e+01   2.840505e-01   4.072880e+01   2.840505e-01 145200807230512480      22386      23518     0 2454670.716956  1.097525e+01  7.572161e-03  1.097525e+01  7.572161e-03 
  143874785   4.071390e+01   2.843232e-01   4.071390e+01   2.843232e-01 145200807230513270      22385      23517     0 2454670.717419  1.097564e+01  7.582203e-03  1.097564e+01  7.582203e-03 
  143875121   3.576893e+01   2.414271e-01   3.576893e+01   2.414271e-01 148200807230519030      19907       6869     0 2454670.721308  1.111623e+01  7.328344e-03  1.111623e+01  7.328344e-03 
  143875159   3.604282e+01   2.439766e-01   3.604282e+01   2.439766e-01 148200807230519420      19908       6870     0 2454670.721748  1.110795e+01  7.349458e-03  1.110795e+01  7.349458e-03 
  143875400   4.052630e+01   3.179985e-01   4.052630e+01   3.179985e-01 145200807230523420      22403      23481     0 2454670.724537  1.098066e+01  8.519497e-03  1.098066e+01  8.519497e-03 
  143875438   4.088561e+01   3.214012e-01   4.088561e+01   3.214012e-01 145200807230524210      22402      23480     0 2454670.724977  1.097107e+01  8.534987e-03  1.097107e+01  8.534987e-03 
  143875686   3.617937e+01   2.925194e-01   3.617937e+01   2.925194e-01 148200807230528280      19892       6901     0 2454670.727847  1.110385e+01  8.778484e-03  1.110385e+01  8.778484e-03 
  143875723   3.616967e+01   3.001673e-01   3.616967e+01   3.001673e-01 148200807230529060      19893       6902     0 2454670.728275  1.110414e+01  9.010411e-03  1.110414e+01  9.010411e-03 
