\OBJNAME = '1SWASP J224153.12+634522.9'
\OBSSTART = '2006-11-30T19:13:36'
\OBSSTOP = '2008-07-23T05:10:11'
\TSTART = 91999007
\TSTOP = 143874636
\JD_REF = 2453005.5
\RA_OBJ = '340.471347'
\DEC_OBJ = '63.756361'
\WASP_MAG = 12.53867
\HJD_START = 2454070.303322
\HJD_STOP = 2454670.715694
\fixlen = T
\NUMRECORDS = 43
\
\ This file was produced by the NASA Exoplanet Archive  http://exoplanetarchive.ipac.caltech.edu 
\ Thu Sep 19, 05:55:08 2013
\ Documentation for the SuperWASP dataset can be found at http://exoplanetarchive.ipac.caltech.edu/docs/SuperWASPMission.html
\
|TMID      |FLUX2         |FLUX2_ERR     |TAMFLUX2      |TAMFLUX2_ERR  |IMAGEID           |CCDX      |CCDY      |FLAG |           HJD|         MAG2|     MAG2_ERR|      TAMMAG2|  TAMMAG2_ERR|
|int       |float         |float         |float         |float         |char              |int       |int       |int  |        double|        float|        float|        float|        float|
|sec       |micro Vega    |micro Vega    |micro Vega    |micro Vega    |                  |1/16 pixel|1/16 pixel|     |           day|          mag|          mag|          mag|          mag|
|null      |null          |null          |null          |null          |null              |null      |null      |null |          null|         null|         null|         null|         null|
   91999007   9.441001e+00   2.022090e-01   9.441001e+00   2.022090e-01 148200611301913360       7718      23427     0 2454070.303322  1.256246e+01  2.325457e-02  1.256246e+01  2.325457e-02 
   91999492   9.305134e+00   1.743498e-01   9.305134e+00   1.743498e-01 148200611301921420       7668      23501     0 2454070.308935  1.257819e+01  2.034345e-02  1.257819e+01  2.034345e-02 
   92000030   9.491273e+00   1.687611e-01   9.491273e+00   1.687611e-01 148200611301930400       7565      23579     0 2454070.315162  1.255669e+01  1.930518e-02  1.255669e+01  1.930518e-02 
   92000586   9.636102e+00   1.707383e-01   9.636102e+00   1.707383e-01 148200611301939550       7492      23654     0 2454070.321597  1.254025e+01  1.923781e-02  1.254025e+01  1.923781e-02 
   92001068   9.239449e+00   1.698734e-01   9.239449e+00   1.698734e-01 148200611301947570       7431      23715     0 2454070.327176  1.258589e+01  1.996205e-02  1.258589e+01  1.996205e-02 
   92001974   9.399438e+00   1.690496e-01   9.399438e+00   1.690496e-01 148200611302003040       7276      23824     0 2454070.337662  1.256725e+01  1.952712e-02  1.256725e+01  1.952712e-02 
   92086059   9.869265e+00   2.869903e-01   9.869265e+00   2.869903e-01 148200612011924300       7587      23550     0 2454071.310868  1.251429e+01  3.157245e-02  1.251429e+01  3.157245e-02 
   92086524   1.046632e+01   2.593700e-01   1.046632e+01   2.593700e-01 148200612011932160       7536      23619     0 2454071.316250  1.245051e+01  2.690614e-02  1.245051e+01  2.690614e-02 
   92088838   1.007897e+01   3.055517e-01   1.007897e+01   3.055517e-01 148200612012010500       7125      23896     0 2454071.343032  1.249146e+01  3.291504e-02  1.249146e+01  3.291504e-02 
   92089111   1.012360e+01   2.866600e-01   1.012360e+01   2.866600e-01 148200612012015240       7107      23922     0 2454071.346192  1.248666e+01  3.074382e-02  1.248666e+01  3.074382e-02 
   92089374   9.835329e+00   2.688892e-01   9.835329e+00   2.688892e-01 148200612012019460       7045      23948     0 2454071.349236  1.251803e+01  2.968317e-02  1.251803e+01  2.968317e-02 
   92089648   9.979133e+00   2.327942e-01   9.979133e+00   2.327942e-01 148200612012024210       6978      23969     0 2454071.352407  1.250227e+01  2.532825e-02  1.250227e+01  2.532825e-02 
   92089914   9.347895e+00   2.467983e-01   9.347895e+00   2.467983e-01 148200612012028470       6953      23994     0 2454071.355486  1.257322e+01  2.866515e-02  1.257322e+01  2.866515e-02 
   92090592   9.631564e+00   3.502150e-01   9.631564e+00   3.502150e-01 148200612012040050       6828      24044     0 2454071.363333  1.254076e+01  3.947878e-02  1.254076e+01  3.947878e-02 
   92090996   9.306288e+00   4.947893e-01   9.306288e+00   4.947893e-01 148200612012046480       6768      24077     0 2454071.368009  1.257806e+01  5.772576e-02  1.257806e+01  5.772576e-02 
  143526752   9.451881e+00   2.771567e-01   9.451881e+00   2.771567e-01 148200807190432210       7872      22909     0 2454666.689259  1.256120e+01  3.183706e-02  1.256120e+01  3.183706e-02 
  143529248   9.396165e+00   2.890918e-01   9.396165e+00   2.890918e-01 148200807190513580       7786      23002     0 2454666.718148  1.256762e+01  3.340496e-02  1.256762e+01  3.340496e-02 
  143529285   9.598016e+00   2.915854e-01   9.598016e+00   2.915854e-01 148200807190514350       7785      23002     0 2454666.718576  1.254455e+01  3.298451e-02  1.254455e+01  3.298451e-02 
  143698746   9.679188e+00   4.429754e-01   9.679188e+00   4.429754e-01 148200807210418490       7870      22904     0 2454668.679931  1.253540e+01  4.968972e-02  1.253540e+01  4.968972e-02 
  143698783   8.900597e+00   4.406809e-01   8.900597e+00   4.406809e-01 148200807210419270       7869      22906     0 2454668.680359  1.262645e+01  5.375649e-02  1.262645e+01  5.375649e-02 
  143699206   9.258926e+00   4.291039e-01   9.258926e+00   4.291039e-01 148200807210426290       7868      22923     0 2454668.685255  1.258360e+01  5.031850e-02  1.258360e+01  5.031850e-02 
  143699246   9.761342e+00   4.269370e-01   9.761342e+00   4.269370e-01 148200807210427080       7867      22926     0 2454668.685718  1.252623e+01  4.748759e-02  1.252623e+01  4.748759e-02 
  143700030   9.393353e+00   4.485134e-01   9.393353e+00   4.485134e-01 148200807210440130       7844      22952     0 2454668.694792  1.256795e+01  5.184187e-02  1.256795e+01  5.184187e-02 
  143700070   9.785228e+00   4.481433e-01   9.785228e+00   4.481433e-01 148200807210440520       7844      22954     0 2454668.695255  1.252357e+01  4.972466e-02  1.252357e+01  4.972466e-02 
  143700581   9.498544e+00   4.481838e-01   9.498544e+00   4.481838e-01 148200807210449240       7832      22975     0 2454668.701169  1.255586e+01  5.123007e-02  1.255586e+01  5.123007e-02 
  143700621   8.948575e+00   4.502547e-01   8.948575e+00   4.502547e-01 148200807210450030       7832      22977     0 2454668.701632  1.262062e+01  5.462988e-02  1.262062e+01  5.462988e-02 
  143701326   9.102879e+00   4.595316e-01   9.102879e+00   4.595316e-01 148200807210501490       7805      22995     0 2454668.709792  1.260205e+01  5.481034e-02  1.260205e+01  5.481034e-02 
  143701366   8.904451e+00   4.604879e-01   8.904451e+00   4.604879e-01 148200807210502280       7805      22996     0 2454668.710255  1.262598e+01  5.614834e-02  1.262598e+01  5.614834e-02 
  143702079   9.291899e+00   5.421743e-01   9.291899e+00   5.421743e-01 148200807210514210       7783      23006     0 2454668.718507  1.257974e+01  6.335200e-02  1.257974e+01  6.335200e-02 
  143702116   1.032219e+01   5.332905e-01   1.032219e+01   5.332905e-01 148200807210514590       7782      23007     0 2454668.718935  1.246557e+01  5.609421e-02  1.246557e+01  5.609421e-02 
  143785866   1.027585e+01   3.727515e-01   1.027585e+01   3.727515e-01 148200807220430440       7829      22952     0 2454669.688264  1.247046e+01  3.938469e-02  1.247046e+01  3.938469e-02 
  143787339   9.366831e+00   3.845275e-01   9.366831e+00   3.845275e-01 148200807220455170       7790      23003     0 2454669.705312  1.257102e+01  4.457184e-02  1.257102e+01  4.457184e-02 
  143787377   9.981624e+00   3.837322e-01   9.981624e+00   3.837322e-01 148200807220455560       7790      23003     0 2454669.705752  1.250200e+01  4.174004e-02  1.250200e+01  4.174004e-02 
  143787891   8.971320e+00   3.846157e-01   8.971320e+00   3.846157e-01 148200807220504300       7782      23010     0 2454669.711701  1.261786e+01  4.654752e-02  1.261786e+01  4.654752e-02 
  143787929   9.813674e+00   3.848309e-01   9.813674e+00   3.848309e-01 148200807220505080       7782      23011     0 2454669.712141  1.252042e+01  4.257593e-02  1.252042e+01  4.257593e-02 
  143788647   1.040522e+01   4.108343e-01   1.040522e+01   4.108343e-01 148200807220517050       7754      23008     0 2454669.720451  1.245687e+01  4.286879e-02  1.245687e+01  4.286879e-02 
  143788684   9.402021e+00   4.177700e-01   9.402021e+00   4.177700e-01 148200807220517430       7752      23009     0 2454669.720880  1.256695e+01  4.824384e-02  1.256695e+01  4.824384e-02 
  143789391   9.951467e+00   5.622339e-01   9.951467e+00   5.622339e-01 148200807220529300       7696      23033     0 2454669.729062  1.250528e+01  6.134169e-02  1.250528e+01  6.134169e-02 
  143873467   9.931845e+00   2.605065e-01   9.931845e+00   2.605065e-01 148200807230450410       7805      22998     0 2454670.702164  1.250743e+01  2.847833e-02  1.250743e+01  2.847833e-02 
  143873505   9.899955e+00   2.606260e-01   9.899955e+00   2.606260e-01 148200807230451200       7804      22999     0 2454670.702604  1.251092e+01  2.858316e-02  1.251092e+01  2.858316e-02 
  143874072   1.004212e+01   2.552932e-01   1.004212e+01   2.552932e-01 148200807230500470       7786      23016     0 2454670.709167  1.249544e+01  2.760195e-02  1.249544e+01  2.760195e-02 
  143874598   1.011455e+01   2.786943e-01   1.011455e+01   2.786943e-01 148200807230509320       7773      23006     0 2454670.715255  1.248763e+01  2.991628e-02  1.248763e+01  2.991628e-02 
  143874636   1.035573e+01   2.817836e-01   1.035573e+01   2.817836e-01 148200807230510110       7773      23006     0 2454670.715694  1.246205e+01  2.954341e-02  1.246205e+01  2.954341e-02 
