\OBJNAME = '1SWASP J234431.19+615912.7'
\OBSSTART = '2006-11-30T19:13:36'
\OBSSTOP = '2008-07-23T05:24:21'
\TSTART = 91999063
\TSTOP = 143875456
\JD_REF = 2453005.5
\RA_OBJ = '356.129961'
\DEC_OBJ = '61.986864'
\WASP_MAG = 10.5978
\HJD_START = 2454070.303970
\HJD_STOP = 2454670.725185
\fixlen = T
\NUMRECORDS = 112
\
\ This file was produced by the NASA Exoplanet Archive  http://exoplanetarchive.ipac.caltech.edu 
\ Tue Sep 17, 23:32:54 2013
\ Documentation for the SuperWASP dataset can be found at http://exoplanetarchive.ipac.caltech.edu/docs/SuperWASPMission.html
\
|TMID      |FLUX2         |FLUX2_ERR     |TAMFLUX2      |TAMFLUX2_ERR  |IMAGEID           |CCDX      |CCDY      |FLAG |           HJD|         MAG2|     MAG2_ERR|      TAMMAG2|  TAMMAG2_ERR|
|int       |float         |float         |float         |float         |char              |int       |int       |int  |        double|        float|        float|        float|        float|
|sec       |micro Vega    |micro Vega    |micro Vega    |micro Vega    |                  |1/16 pixel|1/16 pixel|     |           day|          mag|          mag|          mag|          mag|
|null      |null          |null          |null          |null          |null              |null      |null      |null |          null|         null|         null|         null|         null|
   91999063   1.853797e+01   1.076453e-01   1.853797e+01   1.076453e-01 145200611301913360      31450       8296     0 2454070.303970  1.182984e+01  6.304614e-03  1.182984e+01  6.304614e-03 
   91999548   1.879848e+01   9.780406e-02   1.879848e+01   9.780406e-02 145200611301921420      31484       8234     0 2454070.309583  1.181469e+01  5.648849e-03  1.181469e+01  5.648849e-03 
   91999682   5.940453e+01   2.192937e-01   5.940453e+01   2.192937e-01 148200611301923560      15259      22736     0 2454070.311134  1.056545e+01  4.008043e-03  1.056545e+01  4.008043e-03 
   92000226   6.001749e+01   2.174168e-01   6.001749e+01   2.174168e-01 148200611301933000      15181      22838     0 2454070.317431  1.055431e+01  3.933155e-03  1.055431e+01  3.933155e-03 
   92000642   1.813455e+01   9.318968e-02   1.813455e+01   9.318968e-02 145200611301939550      31635       8077     0 2454070.322245  1.185373e+01  5.579391e-03  1.185373e+01  5.579391e-03 
   92000776   5.964739e+01   2.147863e-01   5.964739e+01   2.147863e-01 148200611301942090      15139      22931     0 2454070.323796  1.056102e+01  3.909677e-03  1.056102e+01  3.909677e-03 
   92001124   1.821059e+01   9.298298e-02   1.821059e+01   9.298298e-02 145200611301947570      31681       8014     0 2454070.327824  1.184919e+01  5.543771e-03  1.184919e+01  5.543771e-03 
   92001266   6.007907e+01   2.145706e-01   6.007907e+01   2.145706e-01 148200611301950190      15059      23008     0 2454070.329468  1.055319e+01  3.877688e-03  1.055319e+01  3.877688e-03 
   92001621   1.855696e+01   9.425414e-02   1.855696e+01   9.425414e-02 145200611301956140      31731       7943     0 2454070.333576  1.182873e+01  5.514669e-03  1.182873e+01  5.514669e-03 
   92001755   6.056584e+01   2.149399e-01   6.056584e+01   2.149399e-01 148200611301958280      15023      23090     0 2454070.335127  1.054443e+01  3.853142e-03  1.054443e+01  3.853142e-03 
   92002030   1.839715e+01   9.429637e-02   1.839715e+01   9.429637e-02 145200611302003030      31812       7894     0 2454070.338310  1.183812e+01  5.565064e-03  1.183812e+01  5.565064e-03 
   92002164   6.011625e+01   2.172059e-01   6.011625e+01   2.172059e-01 148200611302005180      14951      23157     0 2454070.339861  1.055252e+01  3.922885e-03  1.055252e+01  3.922885e-03 
   92087887   6.226370e+01   8.670859e-01   6.226370e+01   8.670859e-01 145200612011954040      31768       7938     0 2454071.332025  1.051441e+01  1.512004e-02  1.051441e+01  1.512004e-02 
   92089167   6.665116e+01   4.827003e-01   6.665116e+01   4.827003e-01 145200612012015240      31953       7791     0 2454071.346840  1.044048e+01  7.863133e-03  1.044048e+01  7.863133e-03 
   92089430   6.529819e+01   4.569484e-01   6.529819e+01   4.569484e-01 145200612012019460      32006       7760     0 2454071.349884  1.046275e+01  7.597870e-03  1.046275e+01  7.597870e-03 
   92089704   6.636449e+01   4.016882e-01   6.636449e+01   4.016882e-01 145200612012024210      32068       7734     0 2454071.353056  1.044516e+01  6.571721e-03  1.044516e+01  6.571721e-03 
   92089970   6.660046e+01   3.950157e-01   6.660046e+01   3.950157e-01 145200612012028470      32085       7709     0 2454071.356134  1.044131e+01  6.439660e-03  1.044131e+01  6.439660e-03 
   92090240   6.643692e+01   4.107397e-01   6.643692e+01   4.107397e-01 145200612012033170      32147       7680     0 2454071.359259  1.044398e+01  6.712481e-03  1.044398e+01  6.712481e-03 
   92090443   6.243251e+01   4.925458e-01   6.243251e+01   4.925458e-01 145200612012036390      32150       7664     0 2454071.361609  1.051147e+01  8.565676e-03  1.051147e+01  8.565676e-03 
   92090648   6.718027e+01   5.042992e-01   6.718027e+01   5.042992e-01 145200612012040050      32197       7646     0 2454071.363981  1.043190e+01  8.150277e-03  1.043190e+01  8.150277e-03 
   92091385   6.975770e+01   8.850284e-01   6.975770e+01   8.850284e-01 145200612012052210      32328       7596     0 2454071.372512  1.039102e+01  1.377498e-02  1.039102e+01  1.377498e-02 
   92091517   6.408196e+01   1.055574e+00   6.408196e+01   1.055574e+00 145200612012054330      32360       7584     0 2454071.374039  1.048316e+01  1.788458e-02  1.048316e+01  1.788458e-02 
   92091656   6.499436e+01   1.478681e+00   6.499436e+01   1.478681e+00 145200612012056520      32351       7570     0 2454071.375648  1.046781e+01  2.470158e-02  1.046781e+01  2.470158e-02 
   92091928   7.204813e+01   4.074965e+00   7.204813e+01   4.074965e+00 145200612012101250      32420       7554     0 2454071.378796  1.035594e+01  6.140828e-02  1.035594e+01  6.140828e-02 
   94505216   6.252699e+01   2.990174e-01   6.252699e+01   2.990174e-01 148200612291924370      14246      23439     0 2454099.310370  1.050983e+01  5.192239e-03  1.050983e+01  5.192239e-03 
   94505282   6.115787e+01   3.601982e-01   6.115787e+01   3.601982e-01 145200612291925420      32554       7700     0 2454099.311134  1.053387e+01  6.394623e-03  1.053387e+01  6.394623e-03 
   94505551   6.259981e+01   2.751419e-01   6.259981e+01   2.751419e-01 148200612291930110      14219      23467     0 2454099.314248  1.050857e+01  4.772100e-03  1.050857e+01  4.772100e-03 
   94505616   6.095095e+01   3.386641e-01   6.095095e+01   3.386641e-01 145200612291931160      32588       7685     0 2454099.315000  1.053755e+01  6.032738e-03  1.053755e+01  6.032738e-03 
   94505888   6.095158e+01   2.629934e-01   6.095158e+01   2.629934e-01 148200612291935490      14143      23498     0 2454099.318148  1.053754e+01  4.684742e-03  1.053754e+01  4.684742e-03 
   94505953   6.125935e+01   3.363982e-01   6.125935e+01   3.363982e-01 145200612291936540      32668       7674     0 2454099.318900  1.053207e+01  5.962208e-03  1.053207e+01  5.962208e-03 
   94506437   6.266179e+01   2.555457e-01   6.266179e+01   2.555457e-01 148200612291944580      14047      23542     0 2454099.324502  1.050749e+01  4.427837e-03  1.050749e+01  4.427837e-03 
   94506703   6.132140e+01   2.468426e-01   6.132140e+01   2.468426e-01 148200612291949240      13982      23563     0 2454099.327581  1.053097e+01  4.370527e-03  1.053097e+01  4.370527e-03 
   94506977   6.148817e+01   2.385018e-01   6.148817e+01   2.385018e-01 148200612291953570      13955      23584     0 2454099.330752  1.052802e+01  4.211395e-03  1.052802e+01  4.211395e-03 
   94507249   6.236582e+01   2.318560e-01   6.236582e+01   2.318560e-01 148200612291958290      13880      23606     0 2454099.333900  1.051263e+01  4.036432e-03  1.051263e+01  4.036432e-03 
   94507517   6.270254e+01   2.451489e-01   6.270254e+01   2.451489e-01 148200612292002580      13855      23625     0 2454099.337002  1.050679e+01  4.244931e-03  1.050679e+01  4.244931e-03 
   94507716   6.332708e+01   2.630963e-01   6.332708e+01   2.630963e-01 148200612292006170      13804      23635     0 2454099.339306  1.049603e+01  4.510775e-03  1.049603e+01  4.510775e-03 
   94507846   6.390031e+01   2.802620e-01   6.390031e+01   2.802620e-01 148200612292008270      13770      23643     0 2454099.340810  1.048624e+01  4.761974e-03  1.048624e+01  4.761974e-03 
   94507980   6.320276e+01   2.951887e-01   6.320276e+01   2.951887e-01 148200612292010400      13735      23651     0 2454099.342361  1.049816e+01  5.070952e-03  1.049816e+01  5.070952e-03 
   94508117   6.346355e+01   3.186122e-01   6.346355e+01   3.186122e-01 148200612292012570      13740      23659     0 2454099.343947  1.049369e+01  5.450845e-03  1.049369e+01  5.450845e-03 
  143526718   6.260268e+01   3.831522e-01   6.260268e+01   3.831522e-01 145200807190432210      30328       9317     0 2454666.688866  1.050852e+01  6.645143e-03  1.050852e+01  6.645143e-03 
  143526756   6.270811e+01   3.830863e-01   6.270811e+01   3.830863e-01 145200807190433000      30328       9315     0 2454666.689306  1.050669e+01  6.632828e-03  1.050669e+01  6.632828e-03 
  143526903   5.213662e+01   2.728837e-01   5.213662e+01   2.728837e-01 148200807190435260      15045      22513     0 2454666.691007  1.070714e+01  5.682776e-03  1.070714e+01  5.682776e-03 
  143526941   5.113405e+01   2.742143e-01   5.113405e+01   2.742143e-01 148200807190436050      15047      22514     0 2454666.691447  1.072822e+01  5.822449e-03  1.072822e+01  5.822449e-03 
  143528006   6.316209e+01   3.757548e-01   6.316209e+01   3.757548e-01 145200807190453500      30322       9267     0 2454666.703773  1.049886e+01  6.459128e-03  1.049886e+01  6.459128e-03 
  143528044   6.345052e+01   3.754930e-01   6.345052e+01   3.754930e-01 145200807190454280      30321       9267     0 2454666.704213  1.049391e+01  6.425286e-03  1.049391e+01  6.425286e-03 
  143528191   5.155080e+01   2.679253e-01   5.155080e+01   2.679253e-01 148200807190456540      15028      22590     0 2454666.705914  1.071941e+01  5.642923e-03  1.071941e+01  5.642923e-03 
  143528229   5.122828e+01   2.690980e-01   5.122828e+01   2.690980e-01 148200807190457320      15030      22591     0 2454666.706354  1.072623e+01  5.703304e-03  1.072623e+01  5.703304e-03 
  143529214   6.253321e+01   3.798509e-01   6.253321e+01   3.798509e-01 145200807190513580      30315       9232     0 2454666.717755  1.050972e+01  6.595206e-03  1.050972e+01  6.595206e-03 
  143529251   6.267397e+01   3.792124e-01   6.267397e+01   3.792124e-01 145200807190514350      30316       9231     0 2454666.718183  1.050728e+01  6.569331e-03  1.050728e+01  6.569331e-03 
  143529398   5.125127e+01   2.814967e-01   5.125127e+01   2.814967e-01 148200807190517010      15016      22651     0 2454666.719884  1.072574e+01  5.963408e-03  1.072574e+01  5.963408e-03 
  143529437   5.056918e+01   2.832334e-01   5.056918e+01   2.832334e-01 148200807190517400      15017      22653     0 2454666.720336  1.074028e+01  6.081133e-03  1.074028e+01  6.081133e-03 
  143698715   6.059706e+01   5.980002e-01   6.059706e+01   5.980002e-01 145200807210418490      30344       9307     0 2454668.679572  1.054387e+01  1.071459e-02  1.054387e+01  1.071459e-02 
  143698752   6.105752e+01   5.965530e-01   6.105752e+01   5.965530e-01 145200807210419270      30343       9306     0 2454668.680000  1.053565e+01  1.060805e-02  1.053565e+01  1.060805e-02 
  143698897   5.424145e+01   4.193882e-01   5.424145e+01   4.193882e-01 148200807210421510      15045      22489     0 2454668.681678  1.066417e+01  8.394809e-03  1.066417e+01  8.394809e-03 
  143698935   5.523492e+01   4.167821e-01   5.523492e+01   4.167821e-01 148200807210422290      15045      22491     0 2454668.682118  1.064447e+01  8.192588e-03  1.064447e+01  8.192588e-03 
  143699174   6.319566e+01   5.775415e-01   6.319566e+01   5.775415e-01 145200807210426290      30332       9293     0 2454668.684884  1.049828e+01  9.922517e-03  1.049828e+01  9.922517e-03 
  143699214   6.264375e+01   5.795428e-01   6.264375e+01   5.795428e-01 145200807210427080      30332       9292     0 2454668.685347  1.050781e+01  1.004462e-02  1.050781e+01  1.004462e-02 
  143699812   5.545481e+01   4.196804e-01   5.545481e+01   4.196804e-01 148200807210437070      15040      22552     0 2454668.692269  1.064015e+01  8.216850e-03  1.064015e+01  8.216850e-03 
  143699852   5.507733e+01   4.208274e-01   5.507733e+01   4.208274e-01 148200807210437460      15043      22553     0 2454668.692731  1.064757e+01  8.295774e-03  1.064757e+01  8.295774e-03 
  143699998   6.119888e+01   5.927286e-01   6.119888e+01   5.927286e-01 145200807210440130      30325       9274     0 2454668.694421  1.053314e+01  1.051570e-02  1.053314e+01  1.051570e-02 
  143700038   6.319250e+01   5.967134e-01   6.319250e+01   5.967134e-01 145200807210440520      30323       9273     0 2454668.694884  1.049834e+01  1.025241e-02  1.049834e+01  1.025241e-02 
  143700366   5.459768e+01   4.227099e-01   5.459768e+01   4.227099e-01 148200807210446210      15042      22580     0 2454668.698681  1.065706e+01  8.406091e-03  1.065706e+01  8.406091e-03 
  143700406   5.609182e+01   4.250183e-01   5.609182e+01   4.250183e-01 148200807210447000      15043      22582     0 2454668.699144  1.062775e+01  8.226857e-03  1.062775e+01  8.226857e-03 
  143700551   6.184530e+01   5.949932e-01   6.184530e+01   5.949932e-01 145200807210449250      30314       9256     0 2454668.700822  1.052173e+01  1.044555e-02  1.052173e+01  1.044555e-02 
  143700589   6.275960e+01   5.932052e-01   6.275960e+01   5.932052e-01 145200807210450030      30313       9256     0 2454668.701262  1.050580e+01  1.026244e-02  1.050580e+01  1.026244e-02 
  143701111   5.570889e+01   4.221104e-01   5.570889e+01   4.221104e-01 148200807210458460      15039      22614     0 2454668.707303  1.063519e+01  8.226733e-03  1.063519e+01  8.226733e-03 
  143701149   5.617608e+01   4.224643e-01   5.617608e+01   4.224643e-01 148200807210459240      15039      22614     0 2454668.707743  1.062612e+01  8.165155e-03  1.062612e+01  8.165155e-03 
  143701294   6.224255e+01   5.911430e-01   6.224255e+01   5.911430e-01 145200807210501490      30311       9232     0 2454668.709421  1.051478e+01  1.031172e-02  1.051478e+01  1.031172e-02 
  143701334   6.317832e+01   5.920790e-01   6.317832e+01   5.920790e-01 145200807210502280      30310       9232     0 2454668.709884  1.049858e+01  1.017507e-02  1.049858e+01  1.017507e-02 
  143701758   5.613419e+01   4.249008e-01   5.613419e+01   4.249008e-01 148200807210509320      15032      22647     0 2454668.714792  1.062693e+01  8.218375e-03  1.062693e+01  8.218375e-03 
  143701796   5.452140e+01   4.248120e-01   5.452140e+01   4.248120e-01 148200807210510100      15032      22647     0 2454668.715231  1.065858e+01  8.459714e-03  1.065858e+01  8.459714e-03 
  143702084   5.558136e+01   7.576134e-01   5.558136e+01   7.576134e-01 145200807210514590      30311       9235     0 2454668.718565  1.063768e+01  1.479941e-02  1.063768e+01  1.479941e-02 
  143702601   5.457872e+01   4.609332e-01   5.457872e+01   4.609332e-01 148200807210523360      15017      22678     0 2454668.724549  1.065744e+01  9.169391e-03  1.065744e+01  9.169391e-03 
  143702640   5.528380e+01   4.622908e-01   5.528380e+01   4.622908e-01 148200807210524140      15017      22680     0 2454668.725000  1.064351e+01  9.079110e-03  1.064351e+01  9.079110e-03 
  143785835   6.159806e+01   4.941850e-01   6.159806e+01   4.941850e-01 145200807220430440      30315       9104     0 2454669.687905  1.052608e+01  8.710606e-03  1.052608e+01  8.710606e-03 
  143785873   6.205055e+01   4.973446e-01   6.205055e+01   4.973446e-01 145200807220431220      30314       9103     0 2454669.688345  1.051814e+01  8.702372e-03  1.051814e+01  8.702372e-03 
  143785926   5.324035e+01   3.449089e-01   5.324035e+01   3.449089e-01 148200807220432150      15018      22567     0 2454669.688958  1.068440e+01  7.033789e-03  1.068440e+01  7.033789e-03 
  143785964   5.349732e+01   3.460532e-01   5.349732e+01   3.460532e-01 148200807220432540      15020      22568     0 2454669.689398  1.067917e+01  7.023226e-03  1.067917e+01  7.023226e-03 
  143787308   6.167749e+01   5.031063e-01   6.167749e+01   5.031063e-01 145200807220455170      30293       9047     0 2454669.704954  1.052468e+01  8.856433e-03  1.052468e+01  8.856433e-03 
  143787346   6.292932e+01   5.043530e-01   6.292932e+01   5.043530e-01 145200807220455560      30293       9044     0 2454669.705394  1.050287e+01  8.701767e-03  1.050287e+01  8.701767e-03 
  143787400   5.376081e+01   3.433377e-01   5.376081e+01   3.433377e-01 148200807220456500      15009      22638     0 2454669.706019  1.067384e+01  6.933962e-03  1.067384e+01  6.933962e-03 
  143787438   5.373656e+01   3.450803e-01   5.373656e+01   3.450803e-01 148200807220457270      15011      22639     0 2454669.706458  1.067432e+01  6.972300e-03  1.067432e+01  6.972300e-03 
  143787860   6.155584e+01   5.000101e-01   6.155584e+01   5.000101e-01 145200807220504300      30289       9040     0 2454669.711343  1.052683e+01  8.819326e-03  1.052683e+01  8.819326e-03 
  143787898   6.136004e+01   4.999537e-01   6.136004e+01   4.999537e-01 145200807220505080      30288       9040     0 2454669.711782  1.053029e+01  8.846468e-03  1.053029e+01  8.846468e-03 
  143787952   5.368610e+01   3.524527e-01   5.368610e+01   3.524527e-01 148200807220506020      15015      22660     0 2454669.712407  1.067535e+01  7.127953e-03  1.067535e+01  7.127953e-03 
  143787991   5.390506e+01   3.526110e-01   5.390506e+01   3.526110e-01 148200807220506400      15016      22662     0 2454669.712859  1.067093e+01  7.102188e-03  1.067093e+01  7.102188e-03 
  143788616   6.068821e+01   5.242167e-01   6.068821e+01   5.242167e-01 145200807220517050      30298       9050     0 2454669.720093  1.054224e+01  9.378478e-03  1.054224e+01  9.378478e-03 
  143788653   6.248502e+01   5.272800e-01   6.248502e+01   5.272800e-01 145200807220517430      30297       9048     0 2454669.720521  1.051056e+01  9.162020e-03  1.051056e+01  9.162020e-03 
  143788707   5.345618e+01   3.667963e-01   5.345618e+01   3.667963e-01 148200807220518360      15004      22685     0 2454669.721146  1.068001e+01  7.449943e-03  1.068001e+01  7.449943e-03 
  143788745   5.377105e+01   3.678357e-01   5.377105e+01   3.678357e-01 148200807220519150      15004      22686     0 2454669.721586  1.067363e+01  7.427303e-03  1.067363e+01  7.427303e-03 
  143789360   6.277231e+01   6.273437e-01   6.277231e+01   6.273437e-01 145200807220529300      30319       9023     0 2454669.728704  1.050558e+01  1.085084e-02  1.050558e+01  1.085084e-02 
  143789398   6.145402e+01   6.420295e-01   6.145402e+01   6.420295e-01 145200807220530080      30321       9021     0 2454669.729144  1.052862e+01  1.134307e-02  1.052862e+01  1.134307e-02 
  143872153   6.264692e+01   3.789295e-01   6.264692e+01   3.789295e-01 145200807230429170      30324       9086     0 2454670.686956  1.050775e+01  6.567264e-03  1.050775e+01  6.567264e-03 
  143872191   6.304746e+01   3.760373e-01   6.304746e+01   3.760373e-01 145200807230429560      30319       9086     0 2454670.687396  1.050083e+01  6.475737e-03  1.050083e+01  6.475737e-03 
  143872245   5.652973e+01   2.562389e-01   5.652973e+01   2.562389e-01 148200807230430490      15007      22577     0 2454670.688021  1.061931e+01  4.921461e-03  1.061931e+01  4.921461e-03 
  143872283   5.610534e+01   2.567297e-01   5.610534e+01   2.567297e-01 148200807230431280      15009      22578     0 2454670.688461  1.062749e+01  4.968185e-03  1.062749e+01  4.968185e-03 
  143873437   6.250087e+01   3.739675e-01   6.250087e+01   3.739675e-01 145200807230450410      30279       9055     0 2454670.701817  1.051029e+01  6.496413e-03  1.051029e+01  6.496413e-03 
  143873475   6.263052e+01   3.733047e-01   6.263052e+01   3.733047e-01 145200807230451200      30277       9055     0 2454670.702257  1.050803e+01  6.471474e-03  1.050803e+01  6.471474e-03 
  143873528   5.588258e+01   2.565129e-01   5.588258e+01   2.565129e-01 148200807230452130      15017      22636     0 2454670.702870  1.063181e+01  4.983778e-03  1.063181e+01  4.983778e-03 
  143873566   5.578893e+01   2.551160e-01   5.578893e+01   2.551160e-01 148200807230452510      15019      22637     0 2454670.703310  1.063363e+01  4.964956e-03  1.063363e+01  4.964956e-03 
  143874004   6.257335e+01   3.714344e-01   6.257335e+01   3.714344e-01 145200807230500090      30274       9055     0 2454670.708380  1.050903e+01  6.444936e-03  1.050903e+01  6.444936e-03 
  143874042   6.323983e+01   3.737487e-01   6.323983e+01   3.737487e-01 145200807230500470      30279       9048     0 2454670.708819  1.049752e+01  6.416747e-03  1.049752e+01  6.416747e-03 
  143874095   5.587049e+01   2.563718e-01   5.587049e+01   2.563718e-01 148200807230501390      15016      22662     0 2454670.709433  1.063204e+01  4.982114e-03  1.063204e+01  4.982114e-03 
  143874133   5.505279e+01   2.559274e-01   5.505279e+01   2.559274e-01 148200807230502180      15016      22664     0 2454670.709873  1.064805e+01  5.047349e-03  1.064805e+01  5.047349e-03 
  143874568   6.290390e+01   3.836951e-01   6.290390e+01   3.836951e-01 145200807230509320      30283       9062     0 2454670.714907  1.050331e+01  6.622692e-03  1.050331e+01  6.622692e-03 
  143874606   6.310369e+01   3.848482e-01   6.310369e+01   3.848482e-01 145200807230510110      30283       9062     0 2454670.715347  1.049986e+01  6.621563e-03  1.049986e+01  6.621563e-03 
  143874763   5.592247e+01   2.639813e-01   5.592247e+01   2.639813e-01 148200807230512480      15020      22668     0 2454670.717164  1.063103e+01  5.125222e-03  1.063103e+01  5.125222e-03 
  143874803   5.526912e+01   2.639344e-01   5.526912e+01   2.639344e-01 148200807230513270      15020      22669     0 2454670.717627  1.064379e+01  5.184887e-03  1.064379e+01  5.184887e-03 
  143875327   6.337194e+01   4.183142e-01   6.337194e+01   4.183142e-01 145200807230522110      30312       9044     0 2454670.723692  1.049526e+01  7.166900e-03  1.049526e+01  7.166900e-03 
  143875365   6.309602e+01   4.219946e-01   6.309602e+01   4.219946e-01 145200807230522490      30311       9043     0 2454670.724132  1.050000e+01  7.261574e-03  1.050000e+01  7.261574e-03 
  143875419   5.569330e+01   2.952650e-01   5.569330e+01   2.952650e-01 148200807230523430      14987      22714     0 2454670.724757  1.063549e+01  5.756186e-03  1.063549e+01  5.756186e-03 
  143875456   5.512081e+01   2.977019e-01   5.512081e+01   2.977019e-01 148200807230524210      14987      22715     0 2454670.725185  1.064671e+01  5.863971e-03  1.064671e+01  5.863971e-03 
