\OBJNAME = '1SWASP J120433.57-524138.9'
\OBSSTART = '2006-07-05T16:51:54'
\OBSSTOP = '2008-07-14T17:55:16'
\TSTART = 79203218
\TSTOP = 143142966
\JD_REF = 2453005.5
\RA_OBJ = '181.139875'
\DEC_OBJ = '-52.694144'
\WASP_MAG = 9.669063
\HJD_START = 2453922.203912
\HJD_STOP = 2454662.247292
\fixlen = T
\NUMRECORDS = 30
\
\ This file was produced by the NASA Exoplanet Archive  http://exoplanetarchive.ipac.caltech.edu 
\ Thu Sep 12, 02:40:30 2013
\ Documentation for the SuperWASP dataset can be found at http://exoplanetarchive.ipac.caltech.edu/docs/SuperWASPMission.html
\
|TMID      |FLUX2         |FLUX2_ERR     |TAMFLUX2      |TAMFLUX2_ERR  |IMAGEID           |CCDX      |CCDY      |FLAG |           HJD|         MAG2|     MAG2_ERR|      TAMMAG2|  TAMMAG2_ERR|
|int       |float         |float         |float         |float         |char              |int       |int       |int  |        double|        float|        float|        float|        float|
|sec       |micro Vega    |micro Vega    |micro Vega    |micro Vega    |                  |1/16 pixel|1/16 pixel|     |           day|          mag|          mag|          mag|          mag|
|null      |null          |null          |null          |null          |null              |null      |null      |null |          null|         null|         null|         null|         null|
   79203218   1.378559e+02   3.426101e-01   1.378559e+02   3.426101e-01 227200607051651540      24060       7777     0 2453922.203912  9.651437e+00  2.698365e-03  9.651437e+00  2.698365e-03 
   79203579   1.379261e+02   3.619034e-01   1.379261e+02   3.619034e-01 227200607051657540      24063       7710     0 2453922.208090  9.650884e+00  2.848866e-03  9.650884e+00  2.848866e-03 
   79203928   1.393640e+02   3.888759e-01   1.393640e+02   3.888759e-01 227200607051703430      24069       7730     0 2453922.212130  9.639624e+00  3.029607e-03  9.639624e+00  3.029607e-03 
   79204324   1.372690e+02   4.288433e-01   1.372690e+02   4.288433e-01 227200607051710200      24077       7808     0 2453922.216713  9.656069e+00  3.391969e-03  9.656069e+00  3.391969e-03 
   79204692   1.358346e+02   5.837163e-01   1.358346e+02   5.837163e-01 227200607051716270      24086       7828     0 2453922.220972  9.667474e+00  4.665706e-03  9.667474e+00  4.665706e-03 
   79205043   1.382037e+02   5.780078e-01   1.382037e+02   5.780078e-01 227200607051722190      24094       7851     0 2453922.225035  9.648701e+00  4.540880e-03  9.648701e+00  4.540880e-03 
   79205465   1.358142e+02   3.625889e-01   1.358142e+02   3.625889e-01 227200607051729210      24022       7872     0 2453922.229919  9.667637e+00  2.898647e-03  9.667637e+00  2.898647e-03 
   79205809   1.392522e+02   3.458224e-01   1.392522e+02   3.458224e-01 227200607051735050      24099       7891     0 2453922.233900  9.640495e+00  2.696355e-03  9.640495e+00  2.696355e-03 
   79206079   1.374880e+02   3.391494e-01   1.374880e+02   3.391494e-01 227200607051739350      24108       7906     0 2453922.237025  9.654338e+00  2.678256e-03  9.654338e+00  2.678256e-03 
   79206280   1.373262e+02   3.402727e-01   1.373262e+02   3.402727e-01 227200607051742570      24112       7916     0 2453922.239352  9.655616e+00  2.690292e-03  9.655616e+00  2.690292e-03 
   79206509   1.366485e+02   3.452699e-01   1.366485e+02   3.452699e-01 227200607051746460      24120       7875     0 2453922.242002  9.660988e+00  2.743340e-03  9.660988e+00  2.743340e-03 
   79206742   1.385948e+02   3.492056e-01   1.385948e+02   3.492056e-01 227200607051750380      24126       7938     0 2453922.244699  9.645633e+00  2.735646e-03  9.645633e+00  2.735646e-03 
   79207030   1.391216e+02   5.071030e-01   1.391216e+02   5.071030e-01 227200607051755260      24139       7898     0 2453922.248032  9.641514e+00  3.957560e-03  9.641514e+00  3.957560e-03 
   79207321   1.379134e+02   5.037467e-01   1.379134e+02   5.037467e-01 227200607051800180      24148       7963     0 2453922.251400  9.650984e+00  3.965807e-03  9.650984e+00  3.965807e-03 
   79207598   1.361273e+02   3.605629e-01   1.361273e+02   3.605629e-01 227200607051804550      24159       7975     0 2453922.254606  9.665136e+00  2.875819e-03  9.665136e+00  2.875819e-03 
   79207867   1.426423e+02   4.766378e-01   1.426423e+02   4.766378e-01 227200607051809230      24169       7987     0 2453922.257720  9.614379e+00  3.627989e-03  9.614379e+00  3.627989e-03 
   79208154   1.307212e+02   6.549416e-01   1.307212e+02   6.549416e-01 227200607051814100      24180       7998     0 2453922.261042  9.709135e+00  5.439794e-03  9.709135e+00  5.439794e-03 
   79208450   1.343626e+02   6.125003e-01   1.343626e+02   6.125003e-01 227200607051819060      24191       8010     0 2453922.264468  9.679304e+00  4.949414e-03  9.679304e+00  4.949414e-03 
   79208749   1.414611e+02   1.015817e+00   1.414611e+02   1.015817e+00 227200607051824050      24205       7970     0 2453922.267928  9.623407e+00  7.796578e-03  9.623407e+00  7.796578e-03 
   79209335   1.213352e+02   1.730566e+00   1.213352e+02   1.730566e+00 227200607051833510      24228       8044     0 2453922.274711  9.790033e+00  1.548557e-02  9.790033e+00  1.548557e-02 
  112294561   1.293283e+02   3.504093e-01   1.293283e+02   3.504093e-01 227200707231655590      26486       6029     0 2454305.205567  9.720766e+00  2.941764e-03  9.720766e+00  2.941764e-03 
  112294749   1.298506e+02   3.348449e-01   1.298506e+02   3.348449e-01 227200707231659070      26532       6036     0 2454305.207743  9.716390e+00  2.799790e-03  9.716390e+00  2.799790e-03 
  112295029   1.309326e+02   3.273727e-01   1.309326e+02   3.273727e-01 227200707231703460      26533       6010     0 2454305.210984  9.707380e+00  2.714692e-03  9.707380e+00  2.714692e-03 
  112295284   1.303573e+02   3.205443e-01   1.303573e+02   3.205443e-01 227200707231708010      26536       6027     0 2454305.213935  9.712161e+00  2.669798e-03  9.712161e+00  2.669798e-03 
  112295540   1.307152e+02   3.217283e-01   1.307152e+02   3.217283e-01 227200707231712180      26537       6043     0 2454305.216898  9.709185e+00  2.672322e-03  9.709185e+00  2.672322e-03 
  112296051   1.307119e+02   3.215958e-01   1.307119e+02   3.215958e-01 227200707231720480      26536       6073     0 2454305.222812  9.709212e+00  2.671291e-03  9.709212e+00  2.671291e-03 
  112468086   1.366742e+02   3.601706e-01   1.366742e+02   3.601706e-01 227200707251708140      26544       6064     0 2454307.213958  9.660784e+00  2.861195e-03  9.660784e+00  2.861195e-03 
  112468396   1.379059e+02   3.616343e-01   1.379059e+02   3.616343e-01 227200707251713240      26546       6083     0 2454307.217546  9.651043e+00  2.847165e-03  9.651043e+00  2.847165e-03 
  112470413   1.393641e+02   3.772478e-01   1.393641e+02   3.772478e-01 227200707251747020      26542       6167     0 2454307.240891  9.639623e+00  2.939014e-03  9.639623e+00  2.939014e-03 
  112471271   1.379763e+02   3.809488e-01   1.379763e+02   3.809488e-01 227200707251801200      26607       6199     0 2454307.250822  9.650489e+00  2.997699e-03  9.650489e+00  2.997699e-03 
