\OBJNAME = '1SWASP J151208.48+555509.6'
\OBSSTART = '2006-08-04T21:00:09'
\OBSSTOP = '2007-07-16T00:44:16'
\TSTART = 81809917
\TSTOP = 111631421
\JD_REF = 2453005.5
\RA_OBJ = '228.035333'
\DEC_OBJ = '55.919336'
\WASP_MAG = 10.79898
\HJD_START = 2453952.374039
\HJD_STOP = 2454297.530336
\fixlen = T
\NUMRECORDS = 66
\
\ This file was produced by the NASA Exoplanet Archive  http://exoplanetarchive.ipac.caltech.edu 
\ Sat Sep 14, 02:25:12 2013
\ Documentation for the SuperWASP dataset can be found at http://exoplanetarchive.ipac.caltech.edu/docs/SuperWASPMission.html
\
|TMID      |FLUX2         |FLUX2_ERR     |TAMFLUX2      |TAMFLUX2_ERR  |IMAGEID           |CCDX      |CCDY      |FLAG |           HJD|         MAG2|     MAG2_ERR|      TAMMAG2|  TAMMAG2_ERR|
|int       |float         |float         |float         |float         |char              |int       |int       |int  |        double|        float|        float|        float|        float|
|sec       |micro Vega    |micro Vega    |micro Vega    |micro Vega    |                  |1/16 pixel|1/16 pixel|     |           day|          mag|          mag|          mag|          mag|
|null      |null          |null          |null          |null          |null              |null      |null      |null |          null|         null|         null|         null|         null|
   81809917   4.938407e+01   2.865533e-01   4.938407e+01   2.865533e-01 143200608042100090       6652      14087     0 2453952.374039  1.076603e+01  6.300056e-03  1.076603e+01  6.300056e-03 
   81810237   4.952818e+01   2.490007e-01   4.952818e+01   2.490007e-01 143200608042105300       6604      14113     0 2453952.377743  1.076287e+01  5.458508e-03  1.076287e+01  5.458508e-03 
   81810831   5.046556e+01   2.275033e-01   5.046556e+01   2.275033e-01 143200608042115240       6515      14144     0 2453952.384618  1.074251e+01  4.894615e-03  1.074251e+01  4.894615e-03 
   81811608   5.136121e+01   2.256981e-01   5.136121e+01   2.256981e-01 143200608042128210       6368      14177     0 2453952.393611  1.072341e+01  4.771101e-03  1.072341e+01  4.771101e-03 
   81812294   5.224530e+01   2.282554e-01   5.224530e+01   2.282554e-01 143200608042139470       6237      14204     0 2453952.401551  1.070488e+01  4.743509e-03  1.070488e+01  4.743509e-03 
   81813080   5.312285e+01   2.334310e-01   5.312285e+01   2.334310e-01 143200608042152530       6102      14225     0 2453952.410648  1.068680e+01  4.770930e-03  1.068680e+01  4.770930e-03 
   81813854   5.405080e+01   2.349536e-01   5.405080e+01   2.349536e-01 143200608042205460       5937      14228     0 2453952.419606  1.066799e+01  4.719608e-03  1.066799e+01  4.719608e-03 
   81896777   1.271278e+01   5.737652e-02   1.271278e+01   5.737652e-02 143200608052107530       6554      14135     0 2453953.379363  1.223940e+01  4.900263e-03  1.223940e+01  4.900263e-03 
   81897513   1.275842e+01   5.489462e-02   1.275842e+01   5.489462e-02 143200608052120090       6438      14160     0 2453953.387882  1.223551e+01  4.671526e-03  1.223551e+01  4.671526e-03 
   81898223   1.277835e+01   5.434434e-02   1.277835e+01   5.434434e-02 143200608052131590       6303      14194     0 2453953.396100  1.223381e+01  4.617483e-03  1.223381e+01  4.617483e-03 
   81898938   1.269345e+01   5.564325e-02   1.269345e+01   5.564325e-02 143200608052143530       6167      14211     0 2453953.404375  1.224105e+01  4.759472e-03  1.224105e+01  4.759472e-03 
   81899670   1.272824e+01   5.663700e-02   1.272824e+01   5.663700e-02 143200608052156050       6025      14229     0 2453953.412847  1.223808e+01  4.831230e-03  1.223808e+01  4.831230e-03 
   81900410   1.279243e+01   5.735011e-02   1.279243e+01   5.735011e-02 143200608052208250       5916      14232     0 2453953.421412  1.223262e+01  4.867513e-03  1.223262e+01  4.867513e-03 
  111618857   5.291931e+01   1.977782e-01   5.291931e+01   1.977782e-01 148200707152114520      13219       3634     0 2454297.384919  1.069096e+01  4.057795e-03  1.069096e+01  4.057795e-03 
  111618895   5.319481e+01   1.939717e-01   5.319481e+01   1.939717e-01 148200707152115300      13214       3638     0 2454297.385359  1.068533e+01  3.959087e-03  1.068533e+01  3.959087e-03 
  111619226   5.300975e+01   1.628184e-01   5.300975e+01   1.628184e-01 148200707152121010      13185       3665     0 2454297.389190  1.068911e+01  3.334830e-03  1.068911e+01  3.334830e-03 
  111619265   5.268196e+01   1.612754e-01   5.268196e+01   1.612754e-01 148200707152121390      13178       3674     0 2454297.389641  1.069585e+01  3.323778e-03  1.069585e+01  3.323778e-03 
  111619591   5.260098e+01   1.498664e-01   5.260098e+01   1.498664e-01 148200707152127060      13132       3716     0 2454297.393414  1.069752e+01  3.093401e-03  1.069752e+01  3.093401e-03 
  111619631   5.303419e+01   1.497901e-01   5.303419e+01   1.497901e-01 148200707152127450      13125       3722     0 2454297.393877  1.068861e+01  3.066572e-03  1.068861e+01  3.066572e-03 
  111619973   5.280313e+01   1.454176e-01   5.280313e+01   1.454176e-01 148200707152133270      13070       3769     0 2454297.397836  1.069335e+01  2.990083e-03  1.069335e+01  2.990083e-03 
  111620011   5.278767e+01   1.454765e-01   5.278767e+01   1.454765e-01 148200707152134060      13063       3768     0 2454297.398275  1.069367e+01  2.992169e-03  1.069367e+01  2.992169e-03 
  111620543   5.234997e+01   1.430562e-01   5.234997e+01   1.430562e-01 148200707152142570      12960       3847     0 2454297.404433  1.070271e+01  2.966990e-03  1.070271e+01  2.966990e-03 
  111620581   5.287809e+01   1.435280e-01   5.287809e+01   1.435280e-01 148200707152143350      12955       3854     0 2454297.404873  1.069181e+01  2.947046e-03  1.069181e+01  2.947046e-03 
  111620911   5.241577e+01   1.429280e-01   5.241577e+01   1.429280e-01 148200707152149050      12908       3877     0 2454297.408692  1.070135e+01  2.960610e-03  1.070135e+01  2.960610e-03 
  111620949   5.284924e+01   1.431941e-01   5.284924e+01   1.431941e-01 148200707152149430      12902       3882     0 2454297.409132  1.069240e+01  2.941795e-03  1.069240e+01  2.941795e-03 
  111621283   5.256490e+01   1.422416e-01   5.256490e+01   1.422416e-01 148200707152155180      12845       3928     0 2454297.412998  1.069826e+01  2.938032e-03  1.069826e+01  2.938032e-03 
  111621321   5.280235e+01   1.428944e-01   5.280235e+01   1.428944e-01 148200707152155560      12839       3927     0 2454297.413438  1.069337e+01  2.938244e-03  1.069337e+01  2.938244e-03 
  111621748   5.270079e+01   1.433429e-01   5.270079e+01   1.433429e-01 148200707152203030      12764       3976     0 2454297.418380  1.069546e+01  2.953146e-03  1.069546e+01  2.953146e-03 
  111621786   5.260227e+01   1.432066e-01   5.260227e+01   1.432066e-01 148200707152203410      12757       3979     0 2454297.418819  1.069749e+01  2.955863e-03  1.069749e+01  2.955863e-03 
  111622122   5.200370e+01   1.429938e-01   5.200370e+01   1.429938e-01 148200707152209160      12695       4017     0 2454297.422708  1.070991e+01  2.985443e-03  1.070991e+01  2.985443e-03 
  111622160   5.282551e+01   1.436828e-01   5.282551e+01   1.436828e-01 148200707152209550      12687       4023     0 2454297.423148  1.069289e+01  2.953161e-03  1.069289e+01  2.953161e-03 
  111622493   5.333353e+01   1.443782e-01   5.333353e+01   1.443782e-01 148200707152215280      12626       4053     0 2454297.427002  1.068250e+01  2.939186e-03  1.068250e+01  2.939186e-03 
  111622549   5.225281e+01   1.431518e-01   5.225281e+01   1.431518e-01 148200707152216230      12615       4060     0 2454297.427650  1.070473e+01  2.974493e-03  1.070473e+01  2.974493e-03 
  111622603   5.306673e+01   1.438687e-01   5.306673e+01   1.438687e-01 148200707152217180      12604       4062     0 2454297.428275  1.068794e+01  2.943539e-03  1.068794e+01  2.943539e-03 
  111622695   5.358003e+01   1.447625e-01   5.358003e+01   1.447625e-01 148200707152218490      12590       4073     0 2454297.429340  1.067749e+01  2.933452e-03  1.067749e+01  2.933452e-03 
  111623033   5.284069e+01   1.439513e-01   5.284069e+01   1.439513e-01 148200707152224280      12526       4106     0 2454297.433252  1.069258e+01  2.957828e-03  1.069258e+01  2.957828e-03 
  111623073   5.281225e+01   1.441298e-01   5.281225e+01   1.441298e-01 148200707152225070      12519       4106     0 2454297.433715  1.069316e+01  2.963091e-03  1.069316e+01  2.963091e-03 
  111623510   5.213914e+01   1.437446e-01   5.213914e+01   1.437446e-01 148200707152232250      12430       4152     0 2454297.438773  1.070709e+01  2.993323e-03  1.070709e+01  2.993323e-03 
  111623550   5.198667e+01   1.436194e-01   5.198667e+01   1.436194e-01 148200707152233040      12421       4150     0 2454297.439236  1.071027e+01  2.999487e-03  1.071027e+01  2.999487e-03 
  111623980   5.263145e+01   1.441526e-01   5.263145e+01   1.441526e-01 148200707152240140      12340       4178     0 2454297.444213  1.069689e+01  2.973741e-03  1.069689e+01  2.973741e-03 
  111624018   5.225756e+01   1.435392e-01   5.225756e+01   1.435392e-01 148200707152240530      12334       4179     0 2454297.444653  1.070463e+01  2.982273e-03  1.070463e+01  2.982273e-03 
  111624652   5.266484e+01   1.452072e-01   5.266484e+01   1.452072e-01 148200707152251270      12217       4237     0 2454297.451991  1.069620e+01  2.993596e-03  1.069620e+01  2.993596e-03 
  111624692   5.299028e+01   1.452902e-01   5.299028e+01   1.452902e-01 148200707152252060      12207       4245     0 2454297.452454  1.068951e+01  2.976911e-03  1.068951e+01  2.976911e-03 
  111625134   5.217300e+01   1.441944e-01   5.217300e+01   1.441944e-01 148200707152259280      12113       4257     0 2454297.457569  1.070639e+01  3.000740e-03  1.070639e+01  3.000740e-03 
  111625171   5.329666e+01   1.458350e-01   5.329666e+01   1.458350e-01 148200707152300060      12106       4258     0 2454297.457998  1.068325e+01  2.970897e-03  1.068325e+01  2.970897e-03 
  111625706   5.264565e+01   1.457830e-01   5.264565e+01   1.457830e-01 148200707152309010      12001       4290     0 2454297.464190  1.069659e+01  3.006562e-03  1.069659e+01  3.006562e-03 
  111625746   5.293800e+01   1.465736e-01   5.293800e+01   1.465736e-01 148200707152309400      11993       4292     0 2454297.464653  1.069058e+01  3.006173e-03  1.069058e+01  3.006173e-03 
  111626285   5.246203e+01   1.463354e-01   5.246203e+01   1.463354e-01 148200707152318400      11882       4320     0 2454297.470891  1.070039e+01  3.028519e-03  1.070039e+01  3.028519e-03 
  111626323   5.254704e+01   1.466267e-01   5.254704e+01   1.466267e-01 148200707152319180      11875       4324     0 2454297.471331  1.069863e+01  3.029637e-03  1.069863e+01  3.029637e-03 
  111626960   5.287190e+01   1.470747e-01   5.287190e+01   1.470747e-01 148200707152329540      11744       4357     0 2454297.478704  1.069194e+01  3.020222e-03  1.069194e+01  3.020222e-03 
  111626997   5.267822e+01   1.470601e-01   5.267822e+01   1.470601e-01 148200707152330320      11739       4349     0 2454297.479132  1.069592e+01  3.031025e-03  1.069592e+01  3.031025e-03 
  111627525   5.297585e+01   1.474272e-01   5.297585e+01   1.474272e-01 148200707152339200      11629       4370     0 2454297.485243  1.068981e+01  3.021519e-03  1.068981e+01  3.021519e-03 
  111627564   5.239710e+01   1.474570e-01   5.239710e+01   1.474570e-01 148200707152339580      11624       4368     0 2454297.485694  1.070173e+01  3.055513e-03  1.070173e+01  3.055513e-03 
  111628305   5.207907e+01   1.496295e-01   5.207907e+01   1.496295e-01 148200707152352200      11473       4392     0 2454297.494271  1.070834e+01  3.119464e-03  1.070834e+01  3.119464e-03 
  111628345   5.258584e+01   1.503480e-01   5.258584e+01   1.503480e-01 148200707152352590      11465       4387     0 2454297.494734  1.069783e+01  3.104236e-03  1.069783e+01  3.104236e-03 
  111628875   5.247662e+01   1.502094e-01   5.247662e+01   1.502094e-01 148200707160001500      11357       4397     0 2454297.500868  1.070009e+01  3.107829e-03  1.070009e+01  3.107829e-03 
  111628914   5.244511e+01   1.505000e-01   5.244511e+01   1.505000e-01 148200707160002280      11348       4397     0 2454297.501319  1.070074e+01  3.115711e-03  1.070074e+01  3.115711e-03 
  111628971   5.232787e+01   1.505860e-01   5.232787e+01   1.505860e-01 148200707160003260      11337       4405     0 2454297.501979  1.070317e+01  3.124478e-03  1.070317e+01  3.124478e-03 
  111629028   5.279783e+01   1.505994e-01   5.279783e+01   1.505994e-01 148200707160004220      11325       4398     0 2454297.502639  1.069346e+01  3.096941e-03  1.069346e+01  3.096941e-03 
  111629124   5.277261e+01   1.512356e-01   5.277261e+01   1.512356e-01 148200707160005580      11308       4404     0 2454297.503750  1.069398e+01  3.111511e-03  1.069398e+01  3.111511e-03 
  111629751   5.271789e+01   1.545817e-01   5.271789e+01   1.545817e-01 148200707160016260      11161       4406     0 2454297.511007  1.069510e+01  3.183655e-03  1.069510e+01  3.183655e-03 
  111629789   5.352916e+01   1.558505e-01   5.352916e+01   1.558505e-01 148200707160017040      11154       4409     0 2454297.511447  1.067852e+01  3.161138e-03  1.067852e+01  3.161138e-03 
  111630523   4.778519e+01   1.713740e-01   4.778519e+01   1.713740e-01 148200707160029180      11017       4401     0 2454297.519942  1.080177e+01  3.893835e-03  1.080177e+01  3.893835e-03 
  111630561   4.730626e+01   1.719964e-01   4.730626e+01   1.719964e-01 148200707160029560      11008       4397     0 2454297.520382  1.081270e+01  3.947541e-03  1.081270e+01  3.947541e-03 
  111631383   2.453848e+01   2.098733e-01   2.453848e+01   2.098733e-01 148200707160043380      10845       4389     0 2454297.529896  1.152538e+01  9.286143e-03  1.152538e+01  9.286143e-03 
  111631421   2.337018e+01   2.141359e-01   2.337018e+01   2.141359e-01 148200707160044160      10836       4383     0 2454297.530336  1.157835e+01  9.948404e-03  1.157835e+01  9.948404e-03 
