\OBJNAME = '1SWASP J212402.86+522656.8'
\OBSSTART = '2007-10-09T20:40:44'
\OBSSTOP = '2007-11-14T21:12:52'
\TSTART = 119047480
\TSTOP = 122159716
\JD_REF = 2453005.5
\RA_OBJ = '321.011944'
\DEC_OBJ = '52.449136'
\WASP_MAG = 8.336703
\HJD_START = 2454383.364352
\HJD_STOP = 2454419.385602
\fixlen = T
\NUMRECORDS = 216
\
\ This file was produced by the NASA Exoplanet Archive  http://exoplanetarchive.ipac.caltech.edu 
\ Wed Sep 11, 19:43:23 2013
\ Documentation for the SuperWASP dataset can be found at http://exoplanetarchive.ipac.caltech.edu/docs/SuperWASPMission.html
\
|TMID      |FLUX2         |FLUX2_ERR     |TAMFLUX2      |TAMFLUX2_ERR  |IMAGEID           |CCDX      |CCDY      |FLAG |           HJD|         MAG2|     MAG2_ERR|      TAMMAG2|  TAMMAG2_ERR|
|int       |float         |float         |float         |float         |char              |int       |int       |int  |        double|        float|        float|        float|        float|
|sec       |micro Vega    |micro Vega    |micro Vega    |micro Vega    |                  |1/16 pixel|1/16 pixel|     |           day|          mag|          mag|          mag|          mag|
|null      |null          |null          |null          |null          |null              |null      |null      |null |          null|         null|         null|         null|         null|
  119047480   4.420233e+02   3.706246e-01   4.420233e+02   3.706246e-01 148200710092040440      28502       9490     0 2454383.364352  8.386387e+00  9.103637e-04  8.386387e+00  9.103637e-04 
  119048382   4.440238e+02   3.695265e-01   4.440238e+02   3.695265e-01 148200710092055470      28407       9674     0 2454383.374792  8.381484e+00  9.035770e-04  8.381484e+00  9.035770e-04 
  119048422   4.468020e+02   3.696995e-01   4.468020e+02   3.696995e-01 148200710092056260      28402       9679     0 2454383.375255  8.374712e+00  8.983790e-04  8.374712e+00  8.983790e-04 
  119048860   4.426832e+02   3.678330e-01   4.426832e+02   3.678330e-01 148200710092103440      28346       9742     0 2454383.380324  8.384768e+00  9.021598e-04  8.384768e+00  9.021598e-04 
  119048898   4.468554e+02   3.696439e-01   4.468554e+02   3.696439e-01 148200710092104220      28340       9747     0 2454383.380764  8.374582e+00  8.981365e-04  8.374582e+00  8.981365e-04 
  119049436   4.479501e+02   3.701286e-01   4.479501e+02   3.701286e-01 148200710092113210      28263       9823     0 2454383.386991  8.371926e+00  8.971166e-04  8.371926e+00  8.971166e-04 
  119050046   4.498263e+02   3.704854e-01   4.498263e+02   3.704854e-01 148200710092123310      28182       9907     0 2454383.394051  8.367388e+00  8.942357e-04  8.367388e+00  8.942357e-04 
  119050590   4.487570e+02   3.682863e-01   4.487570e+02   3.682863e-01 148200710092132350      28098       9985     0 2454383.400347  8.369972e+00  8.910461e-04  8.369972e+00  8.910461e-04 
  119051148   4.498428e+02   3.699336e-01   4.498428e+02   3.699336e-01 148200710092141520      28024      10046     0 2454383.406806  8.367348e+00  8.928712e-04  8.367348e+00  8.928712e-04 
  119051186   4.559863e+02   3.725290e-01   4.559863e+02   3.725290e-01 148200710092142310      28017      10054     0 2454383.407245  8.352620e+00  8.870215e-04  8.352620e+00  8.870215e-04 
  119051705   4.525317e+02   3.704789e-01   4.525317e+02   3.704789e-01 148200710092151100      27937      10119     0 2454383.413252  8.360877e+00  8.888741e-04  8.360877e+00  8.888741e-04 
  119052377   4.499268e+02   3.678370e-01   4.499268e+02   3.678370e-01 148200710092202210      27798      10200     0 2454383.421030  8.367146e+00  8.876452e-04  8.367146e+00  8.876452e-04 
  119052415   4.539048e+02   3.689744e-01   4.539048e+02   3.689744e-01 148200710092203000      27793      10210     0 2454383.421470  8.357588e+00  8.825865e-04  8.357588e+00  8.825865e-04 
  119052942   4.490020e+02   3.669272e-01   4.490020e+02   3.669272e-01 148200710092211470      27721      10253     0 2454383.427569  8.369379e+00  8.872733e-04  8.369379e+00  8.872733e-04 
  119052982   4.525241e+02   3.684318e-01   4.525241e+02   3.684318e-01 148200710092212260      27715      10261     0 2454383.428032  8.360896e+00  8.839776e-04  8.360896e+00  8.839776e-04 
  119053708   4.494450e+02   3.664174e-01   4.494450e+02   3.664174e-01 148200710092224320      27589      10330     0 2454383.436435  8.368309e+00  8.851673e-04  8.368309e+00  8.851673e-04 
  119053744   4.488005e+02   3.653281e-01   4.488005e+02   3.653281e-01 148200710092225090      27581      10336     0 2454383.436852  8.369866e+00  8.838033e-04  8.369866e+00  8.838033e-04 
  119054363   4.536997e+02   3.679414e-01   4.536997e+02   3.679414e-01 148200710092235280      27476      10389     0 2454383.444016  8.358079e+00  8.805136e-04  8.358079e+00  8.805136e-04 
  119055011   4.497903e+02   3.653607e-01   4.497903e+02   3.653607e-01 148200710092246160      27362      10497     0 2454383.451516  8.367475e+00  8.819371e-04  8.367475e+00  8.819371e-04 
  119057317   4.445291e+02   3.635859e-01   4.445291e+02   3.635859e-01 148200710092324410      26918      10652     0 2454383.478206  8.380250e+00  8.880404e-04  8.380250e+00  8.880404e-04 
  119134977   4.382084e+02   3.750689e-01   4.568758e+02   7.281312e+00 148200710102059020      28263       8577    32 2454384.377049  8.395798e+00  9.293004e-04  8.350505e+00  1.730363e-02 
  119136125   4.445025e+02   3.840039e-01   4.625208e+02   1.175541e+01 148200710102118100      28102       8741    32 2454384.390336  8.380315e+00  9.379663e-04  8.337172e+00  2.759512e-02 
  119137260   4.445953e+02   3.840569e-01   4.608213e+02   1.287740e+01 148200710102137060      27944       8887    32 2454384.403472  8.380088e+00  9.379000e-04  8.341168e+00  3.034040e-02 
  119137870   4.461406e+02   3.843886e-01   4.634740e+02   1.373280e+01 148200710102147150      27847       8960    32 2454384.410532  8.376321e+00  9.354587e-04  8.334936e+00  3.217062e-02 
  119138524   4.449492e+02   3.844287e-01   4.613716e+02   1.435113e+01 148200710102158100      27718       9052    32 2454384.418102  8.379224e+00  9.380614e-04  8.339873e+00  3.377234e-02 
  119139094   4.462124e+02   3.828378e-01   4.615647e+02   1.445436e+01 148200710102207400      27636       9104    32 2454384.424699  8.376146e+00  9.315347e-04  8.339418e+00  3.400105e-02 
  119140479   4.393880e+02   3.802389e-01   4.513763e+02   1.565742e+01 148200710102230440      27398       9236    32 2454384.440729  8.392879e+00  9.395810e-04  8.363653e+00  3.766234e-02 
  119141180   4.466126e+02   3.824050e-01   4.590843e+02   1.902085e+01 148200710102242250      27268       9298    32 2454384.448843  8.375173e+00  9.296479e-04  8.345269e+00  4.498455e-02 
  119141929   4.476088e+02   3.841006e-01   4.593257e+02   2.338750e+01 148200710102254550      27123       9356    32 2454384.457512  8.372753e+00  9.316918e-04  8.344698e+00  5.528264e-02 
  119393631   4.475584e+02   3.804580e-01   4.557118e+02   6.687539e+00 148200710132050010      28232       8384    32 2454387.370729  8.372875e+00  9.229598e-04  8.353274e+00  1.593316e-02 
  119394343   4.505511e+02   3.812237e-01   4.578825e+02   8.068857e+00 148200710132101530      28118       8492    32 2454387.378970  8.365640e+00  9.186746e-04  8.348115e+00  1.913303e-02 
  119395433   4.528821e+02   3.814019e-01   4.588614e+02   9.052465e+00 148200710132120030      27977       8689    32 2454387.391586  8.360037e+00  9.143733e-04  8.345797e+00  2.141959e-02 
  119395995   4.513714e+02   3.801021e-01   4.568588e+02   9.301635e+00 148200710132129250      27895       8759    32 2454387.398090  8.363665e+00  9.143069e-04  8.350545e+00  2.210564e-02 
  119397214   4.501240e+02   3.776036e-01   4.550326e+02   9.743652e+00 148200710132149450      27687       8848    32 2454387.412199  8.366670e+00  9.108143e-04  8.354894e+00  2.324905e-02 
  119401540   4.466196e+02   3.766797e-01   4.423561e+02   9.472587e+00 148200710132301500      26887       9216    32 2454387.462269  8.375155e+00  9.157147e-04  8.385570e+00  2.324997e-02 
  119484491   4.378162e+02   3.690629e-01   4.523966e+02   1.054470e+01 148200710142204240      27528       9347    32 2454388.422350  8.396770e+00  9.152388e-04  8.361201e+00  2.530700e-02 
  119485150   4.396732e+02   3.695518e-01   4.538604e+02   1.115253e+01 148200710142215230      27413       9408    32 2454388.429977  8.392175e+00  9.125805e-04  8.357695e+00  2.667945e-02 
  119485838   4.413847e+02   3.699539e-01   4.561545e+02   1.217001e+01 148200710142226510      27285       9465    32 2454388.437940  8.387957e+00  9.100309e-04  8.352220e+00  2.896709e-02 
  119563969   4.541458e+02   3.812658e-01   4.602879e+02   6.851410e+00 148200710152009030      28520       8752    32 2454389.342234  8.357012e+00  9.115036e-04  8.342426e+00  1.616130e-02 
  119565480   4.633047e+02   3.863036e-01   4.729740e+02   1.401412e+01 148200710152034140      28340       8923    32 2454389.359722  8.335333e+00  9.052905e-04  8.312907e+00  3.217024e-02 
  119565954   4.632160e+02   3.866473e-01   4.726323e+02   1.808784e+01 148200710152042090      28281       8991    32 2454389.365208  8.335541e+00  9.062694e-04  8.313691e+00  4.155174e-02 
  119649752   4.538393e+02   3.835953e-01   4.616242e+02   8.426410e+00 148200710161958490      28599       9185    32 2454390.335093  8.357745e+00  9.176923e-04  8.339278e+00  1.981891e-02 
  119829209   4.440439e+02   3.709720e-01   4.588365e+02   1.175809e+01 148200710182149490      27477       9023    32 2454392.412141  8.381435e+00  9.070705e-04  8.345855e+00  2.782305e-02 
  119831333   4.452253e+02   3.720462e-01   4.564616e+02   1.294771e+01 148200710182225130      27095       9204    32 2454392.436725  8.378551e+00  9.072832e-04  8.351489e+00  3.079742e-02 
  119911522   4.455355e+02   3.808115e-01   4.608518e+02   1.054779e+01 148200710192041450      28103       8628    32 2454393.364838  8.377794e+00  9.280121e-04  8.341097e+00  2.484999e-02 
  119912197   4.467874e+02   3.798858e-01   4.620926e+02   1.213385e+01 148200710192053000      28005       8726    32 2454393.372650  8.374747e+00  9.231622e-04  8.338178e+00  2.850988e-02 
  119912751   4.488344e+02   3.797132e-01   4.634391e+02   1.412226e+01 148200710192102140      27927       8791    32 2454393.379062  8.369784e+00  9.185343e-04  8.335018e+00  3.308548e-02 
  119913347   4.490058e+02   3.787410e-01   4.643430e+02   1.561762e+01 148200710192112090      27837       8864    32 2454393.385961  8.369370e+00  9.158329e-04  8.332903e+00  3.651757e-02 
  119913913   4.512863e+02   3.807536e-01   4.664211e+02   1.696538e+01 148200710192121360      27748       8985    32 2454393.392512  8.363870e+00  9.160470e-04  8.328054e+00  3.949219e-02 
  119914439   4.510864e+02   3.788846e-01   4.653232e+02   1.741576e+01 148200710192130210      27663       9041    32 2454393.398600  8.364350e+00  9.119542e-04  8.330613e+00  4.063626e-02 
  119915189   4.501989e+02   3.796532e-01   4.634436e+02   1.734547e+01 148200710192142510      27527       9126    32 2454393.407280  8.366488e+00  9.156056e-04  8.335008e+00  4.063638e-02 
  119915227   4.506529e+02   3.791708e-01   4.646225e+02   1.934809e+01 148200710192143290      27519       9134    32 2454393.407720  8.365395e+00  9.135210e-04  8.332250e+00  4.521304e-02 
  119915837   4.499245e+02   3.795051e-01   4.628237e+02   1.849282e+01 148200710192153390      27415       9179    32 2454393.414780  8.367151e+00  9.158068e-04  8.336461e+00  4.338239e-02 
  119915875   4.519666e+02   3.791689e-01   4.650448e+02   1.907160e+01 148200710192154170      27408       9187    32 2454393.415220  8.362234e+00  9.108612e-04  8.331263e+00  4.452645e-02 
  119916535   4.522387e+02   3.802870e-01   4.646813e+02   1.935056e+01 148200710192205180      27288       9245    32 2454393.422859  8.361581e+00  9.129976e-04  8.332112e+00  4.521309e-02 
  119917191   4.542552e+02   3.806449e-01   4.660876e+02   1.980204e+01 148200710192216130      27171       9347    32 2454393.430451  8.356750e+00  9.098001e-04  8.328831e+00  4.612838e-02 
  119917850   4.543409e+02   3.827690e-01   4.621488e+02   1.953739e+01 148200710192227130      27046       9395    32 2454393.438079  8.356545e+00  9.147046e-04  8.338045e+00  4.589977e-02 
  119918602   4.555553e+02   3.846163e-01   4.639933e+02   1.746394e+01 148200710192239450      26898       9446    32 2454393.446782  8.353647e+00  9.166686e-04  8.333721e+00  4.086545e-02 
  119919460   4.546182e+02   3.831594e-01   4.643755e+02   1.992514e+01 148200710192254020      26727       9488    32 2454393.456713  8.355883e+00  9.150788e-04  8.332827e+00  4.658628e-02 
  119996806   4.588734e+02   3.975623e-01   4.637567e+02   1.168952e+01 148200710202023100      28340       9935    32 2454394.351921  8.345768e+00  9.406719e-04  8.334274e+00  2.736733e-02 
  119997269   4.612064e+02   3.975013e-01   4.675511e+02   1.326274e+01 148200710202030530      28276       9997    32 2454394.357280  8.340261e+00  9.357700e-04  8.325427e+00  3.079854e-02 
  119998360   4.632733e+02   3.925236e-01   4.689834e+02   1.844260e+01 148200710202049040      28146      10643    32 2454394.369907  8.335407e+00  9.199291e-04  8.322106e+00  4.269632e-02 
  119998926   4.664677e+02   3.929520e-01   4.720486e+02   2.045340e+01 148200710202058310      28067      10705    32 2454394.376458  8.327946e+00  9.146265e-04  8.315033e+00  4.704404e-02 
  119999490   4.679506e+02   3.935002e-01   4.758931e+02   2.232512e+01 148200710202107550      27983      10773    32 2454394.382986  8.324500e+00  9.130001e-04  8.306227e+00  5.093430e-02 
  119999528   4.654289e+02   3.933334e-01   4.726048e+02   2.266897e+01 148200710202108330      27978      10777    32 2454394.383426  8.330367e+00  9.175577e-04  8.313755e+00  5.207862e-02 
  120000055   4.674749e+02   3.938986e-01   4.756120e+02   2.341467e+01 148200710202117200      27888      10839    32 2454394.389525  8.325604e+00  9.148545e-04  8.306868e+00  5.345166e-02 
  120000095   4.657599e+02   3.938042e-01   4.742223e+02   2.414594e+01 148200710202118000      27881      10846    32 2454394.389988  8.329595e+00  9.180031e-04  8.310045e+00  5.528255e-02 
  120000617   4.680453e+02   3.947883e-01   4.760979e+02   2.524495e+01 148200710202126410      27796      10902    32 2454394.396030  8.324281e+00  9.158034e-04  8.305759e+00  5.757104e-02 
  120000655   4.688210e+02   3.953188e-01   4.767715e+02   2.568264e+01 148200710202127190      27789      10904    32 2454394.396470  8.322482e+00  9.155168e-04  8.304224e+00  5.848644e-02 
  120001359   4.662876e+02   3.947769e-01   4.743499e+02   2.575220e+01 148200710202139040      27655      10980    32 2454394.404618  8.328365e+00  9.192289e-04  8.309752e+00  5.894423e-02 
  120001399   4.667448e+02   3.939046e-01   4.750794e+02   2.619233e+01 148200710202139430      27647      10986    32 2454394.405081  8.327301e+00  9.162994e-04  8.308084e+00  5.985959e-02 
  120002042   4.668959e+02   3.947904e-01   4.749034e+02   2.598241e+01 148200710202150260      27543      11034    32 2454394.412523  8.326950e+00  9.180628e-04  8.308487e+00  5.940186e-02 
  120002080   4.693411e+02   3.945326e-01   4.790266e+02   2.782349e+01 148200710202151040      27536      11042    32 2454394.412963  8.321279e+00  9.126833e-04  8.299101e+00  6.306347e-02 
  120002703   4.675067e+02   3.943513e-01   4.765279e+02   2.757797e+01 148200710202201270      27421      11092    32 2454394.420174  8.325530e+00  9.158436e-04  8.304779e+00  6.283474e-02 
  120002741   4.687873e+02   3.956241e-01   4.775605e+02   2.844302e+01 148200710202202060      27413      11094    32 2454394.420613  8.322560e+00  9.162896e-04  8.302429e+00  6.466558e-02 
  120003358   4.658669e+02   3.942239e-01   4.735053e+02   2.810171e+01 148200710202212230      27301      11136    32 2454394.427755  8.329346e+00  9.187704e-04  8.311687e+00  6.443676e-02 
  120003398   4.687543e+02   3.960063e-01   4.780196e+02   2.897416e+01 148200710202213020      27292      11141    32 2454394.428218  8.322637e+00  9.172395e-04  8.301386e+00  6.580988e-02 
  120004005   4.701389e+02   3.972714e-01   4.785609e+02   2.830090e+01 148200710202223100      27177      11186    32 2454394.435243  8.319434e+00  9.174597e-04  8.300157e+00  6.420796e-02 
  120004045   4.701565e+02   3.957666e-01   4.792219e+02   2.894600e+01 148200710202223490      27169      11187    32 2454394.435706  8.319394e+00  9.139501e-04  8.298658e+00  6.558096e-02 
  120004869   4.676681e+02   3.957570e-01   4.745251e+02   2.926250e+01 148200710202237330      27000      11238    32 2454394.445243  8.325155e+00  9.187910e-04  8.309352e+00  6.695426e-02 
  120004906   4.667808e+02   3.947534e-01   4.757148e+02   2.983722e+01 148200710202238110      26992      11241    32 2454394.445671  8.327218e+00  9.182031e-04  8.306633e+00  6.809850e-02 
  120005616   4.684918e+02   3.963681e-01   4.762127e+02   3.107304e+01 148200710202250000      26858      11330    32 2454394.453889  8.323245e+00  9.185917e-04  8.305497e+00  7.084492e-02 
  120005652   4.668267e+02   3.948203e-01   4.742762e+02   3.084671e+01 148200710202250370      26851      11330    32 2454394.454306  8.327110e+00  9.182682e-04  8.309921e+00  7.061604e-02 
  120006377   4.628722e+02   3.929144e-01   4.711551e+02   3.114033e+01 148200710202302420      26706      11360    32 2454394.462697  8.336348e+00  9.216430e-04  8.317090e+00  7.176046e-02 
  120006415   4.660419e+02   3.949108e-01   4.758510e+02   3.185189e+01 148200710202303200      26699      11361    32 2454394.463137  8.328938e+00  9.200254e-04  8.306322e+00  7.267584e-02 
  120007130   4.678293e+02   3.977219e-01   4.773237e+02   3.205111e+01 148200710202315150      26552      11386    32 2454394.471412  8.324781e+00  9.230346e-04  8.302968e+00  7.290477e-02 
  120007168   4.656570e+02   3.962038e-01   4.746866e+02   3.217420e+01 148200710202315530      26545      11385    32 2454394.471852  8.329835e+00  9.238009e-04  8.308983e+00  7.359133e-02 
  120082260   4.677452e+02   4.149896e-01   4.565130e+02   1.035375e+01 148200710212007270      28533      11199    32 2454395.340972  8.324977e+00  9.632825e-04  8.351367e+00  2.462467e-02 
  120083317   4.718143e+02   4.141216e-01   4.613987e+02   1.347776e+01 148200710212025030      28376      11348    32 2454395.353206  8.315572e+00  9.529775e-04  8.339809e+00  3.171519e-02 
  120083888   4.735438e+02   4.128390e-01   4.634939e+02   1.451556e+01 148200710212034350      28298      11425    32 2454395.359815  8.311600e+00  9.465562e-04  8.334890e+00  3.400287e-02 
  120084552   4.708926e+02   4.107782e-01   4.595580e+02   1.555441e+01 148200710212045380      28201      11518    32 2454395.367500  8.317696e+00  9.471339e-04  8.344150e+00  3.674845e-02 
  120085113   4.745878e+02   4.118535e-01   4.632558e+02   1.733918e+01 148200710212054590      28121      11582    32 2454395.373993  8.309209e+00  9.422193e-04  8.335447e+00  4.063811e-02 
  120085633   4.761539e+02   4.127901e-01   4.647334e+02   1.788418e+01 148200710212103400      28041      11643    32 2454395.380012  8.305632e+00  9.412559e-04  8.331990e+00  4.178218e-02 
  120085671   4.771228e+02   4.112913e-01   4.666429e+02   1.844932e+01 148200710212104180      28035      11647    32 2454395.380451  8.303425e+00  9.359338e-04  8.327538e+00  4.292611e-02 
  120086192   4.760382e+02   4.130232e-01   4.661687e+02   1.990439e+01 148200710212112580      27947      11707    32 2454395.386481  8.305896e+00  9.420164e-04  8.328642e+00  4.635874e-02 
  120086230   4.754063e+02   4.127122e-01   4.654737e+02   2.026713e+01 148200710212113370      27942      11712    32 2454395.386921  8.307338e+00  9.425584e-04  8.330262e+00  4.727406e-02 
  120086754   4.744704e+02   4.127798e-01   4.643324e+02   2.100040e+01 148200710212122210      27853      11767    32 2454395.392986  8.309477e+00  9.445721e-04  8.332928e+00  4.910486e-02 
  120086794   4.718998e+02   4.120135e-01   4.630969e+02   2.172536e+01 148200710212123000      27848      11772    32 2454395.393449  8.315375e+00  9.479545e-04  8.335820e+00  5.093554e-02 
  120087502   4.754195e+02   4.127042e-01   4.661714e+02   2.255735e+01 148200710212134490      27717      11849    32 2454395.401644  8.307307e+00  9.425139e-04  8.328636e+00  5.253737e-02 
  120087542   4.760323e+02   4.113271e-01   4.662252e+02   2.295299e+01 148200710212135280      27709      11855    32 2454395.402106  8.305909e+00  9.381596e-04  8.328510e+00  5.345267e-02 
  120088163   4.762470e+02   4.136205e-01   4.678195e+02   2.460918e+01 148200710212145490      27609      11954    32 2454395.409294  8.305419e+00  9.429650e-04  8.324804e+00  5.711427e-02 
  120088201   4.785733e+02   4.153767e-01   4.696897e+02   2.540058e+01 148200710212146270      27602      11959    32 2454395.409734  8.300129e+00  9.423657e-04  8.320473e+00  5.871626e-02 
  120088809   4.782645e+02   4.164744e-01   4.696879e+02   2.629149e+01 148200710212156360      27490      12007    32 2454395.416771  8.300830e+00  9.454662e-04  8.320477e+00  6.077594e-02 
  120088849   4.752784e+02   4.142190e-01   4.673044e+02   2.743858e+01 148200710212157150      27484      12015    32 2454395.417234  8.307630e+00  9.462541e-04  8.326000e+00  6.375109e-02 
  120089467   4.769458e+02   4.191943e-01   4.683611e+02   2.809303e+01 148200710212207330      27372      12055    32 2454395.424387  8.303827e+00  9.542719e-04  8.323548e+00  6.512438e-02 
  120089505   4.786595e+02   4.183399e-01   4.705306e+02   2.901654e+01 148200710212208110      27363      12060    32 2454395.424826  8.299933e+00  9.489176e-04  8.318530e+00  6.695509e-02 
  120090116   4.767872e+02   4.179421e-01   4.685287e+02   2.770804e+01 148200710212218220      27247      12100    32 2454395.431898  8.304189e+00  9.517380e-04  8.323159e+00  6.420893e-02 
  120090153   4.758019e+02   4.187258e-01   4.687030e+02   2.910148e+01 148200710212219000      27238      12109    32 2454395.432326  8.306435e+00  9.554970e-04  8.322756e+00  6.741292e-02 
  120090885   4.791873e+02   4.218360e-01   4.709078e+02   2.814652e+01 148200710212231120      27096      12148    32 2454395.440799  8.298737e+00  9.557939e-04  8.317660e+00  6.489551e-02 
  120090923   4.794506e+02   4.210040e-01   4.702056e+02   2.830279e+01 148200710212231500      27087      12150    32 2454395.441238  8.298141e+00  9.533848e-04  8.319281e+00  6.535326e-02 
  120091754   4.754527e+02   4.204351e-01   4.659301e+02   2.725978e+01 148200710212245410      26924      12190    32 2454395.450856  8.307232e+00  9.601022e-04  8.329198e+00  6.352248e-02 
  120091794   4.783145e+02   4.223257e-01   4.698533e+02   2.788543e+01 148200710212246200      26917      12192    32 2454395.451319  8.300716e+00  9.586494e-04  8.320094e+00  6.443781e-02 
  120092511   4.733780e+02   4.201770e-01   4.649088e+02   2.739605e+01 148200710212258170      26773      12223    32 2454395.459618  8.311980e+00  9.637180e-04  8.331580e+00  6.398025e-02 
  120092549   4.770313e+02   4.201269e-01   4.688557e+02   2.841916e+01 148200710212258550      26766      12225    32 2454395.460058  8.303633e+00  9.562236e-04  8.322402e+00  6.581092e-02 
  120093275   4.766065e+02   4.244890e-01   4.684321e+02   2.888725e+01 148200710212311010      26616      12250    32 2454395.468461  8.304600e+00  9.670131e-04  8.323383e+00  6.695537e-02 
  120093313   4.787854e+02   4.251437e-01   4.720371e+02   3.169654e+01 148200710212311390      26609      12253    32 2454395.468900  8.299648e+00  9.640969e-04  8.315060e+00  7.290571e-02 
  120172874   4.788902e+02   4.328678e-01   4.701082e+02   1.571373e+01 148200710222117430      27867      11808    32 2454396.389745  8.299410e+00  9.813980e-04  8.319506e+00  3.629170e-02 
  120174355   4.769171e+02   4.325004e-01   4.664557e+02   1.598490e+01 148200710222142240      27606      11969    32 2454396.406887  8.303893e+00  9.846217e-04  8.327974e+00  3.720705e-02 
  120177053   4.730706e+02   4.300710e-01   4.623502e+02   1.282415e+01 148200710222227230      27094      12143    32 2454396.438113  8.312685e+00  9.870520e-04  8.337572e+00  3.011505e-02 
  121035663   4.463133e+02   3.632280e-01   4.636179e+02   1.588598e+01 148200711012057580      27513       9855    32 2454406.375729  8.375900e+00  8.836197e-04  8.334599e+00  3.720316e-02 
  121036217   4.463350e+02   3.642797e-01   4.647902e+02   1.984461e+01 148200711012107120      27416       9908    32 2454406.382141  8.375848e+00  8.861352e-04  8.331858e+00  4.635658e-02 
  121036822   4.460749e+02   3.647057e-01   4.641422e+02   2.314321e+01 148200711012117160      27304       9955    32 2454406.389144  8.376480e+00  8.876886e-04  8.333372e+00  5.413751e-02 
  121037989   4.471888e+02   3.648975e-01   4.666637e+02   2.926924e+01 148200711012136440      27082      10045    32 2454406.402650  8.373773e+00  8.859430e-04  8.327490e+00  6.809784e-02 
  121038027   4.505394e+02   3.652851e-01   4.699449e+02   2.997036e+01 148200711012137220      27074      10047    32 2454406.403090  8.365668e+00  8.802884e-04  8.319882e+00  6.924219e-02 
  121038697   4.482357e+02   3.658420e-01   4.670897e+02   3.146207e+01 148200711012148310      26947      10086    32 2454406.410845  8.371234e+00  8.861616e-04  8.326499e+00  7.313289e-02 
  121039452   4.513882e+02   3.666795e-01   4.695724e+02   3.737037e+01 148200711012201080      26804      10125    32 2454406.419583  8.363625e+00  8.819872e-04  8.320744e+00  8.640736e-02 
  121121595   4.501787e+02   3.659502e-01   4.541604e+02   1.403078e+01 148200711022050120      27641      11091    32 2454407.370312  8.366538e+00  8.825979e-04  8.356977e+00  3.354273e-02 
  121122195   4.513044e+02   3.665472e-01   4.561354e+02   1.697565e+01 148200711022100120      27544      11144    32 2454407.377257  8.363826e+00  8.818328e-04  8.352265e+00  4.040716e-02 
  121122711   4.509479e+02   3.658718e-01   4.555588e+02   1.772231e+01 148200711022108490      27447      11184    32 2454407.383229  8.364684e+00  8.809037e-04  8.353639e+00  4.223785e-02 
  121123942   4.534343e+02   3.679223e-01   4.572144e+02   2.299062e+01 148200711022129190      27207      11279    32 2454407.397477  8.358714e+00  8.809830e-04  8.349700e+00  5.459548e-02 
  121124610   4.528711e+02   3.669959e-01   4.569076e+02   2.133797e+01 148200711022140280      27078      11329    32 2454407.405208  8.360064e+00  8.798576e-04  8.350430e+00  5.070498e-02 
  121125287   4.525855e+02   3.675989e-01   4.559828e+02   2.100650e+01 148200711022151440      26951      11355    32 2454407.413044  8.360748e+00  8.818595e-04  8.352629e+00  5.001853e-02 
  121125959   4.523354e+02   3.680430e-01   4.553705e+02   2.088231e+01 148200711022202560      26823      11383    32 2454407.420822  8.361348e+00  8.834130e-04  8.354088e+00  4.978971e-02 
  121126758   4.499243e+02   3.676280e-01   4.516546e+02   2.185434e+01 148200711022216160      26663      11407    32 2454407.430069  8.367151e+00  8.871456e-04  8.362984e+00  5.253602e-02 
  121214147   4.472585e+02   3.638785e-01   4.499231e+02   1.864107e+01 148200711032232470      26470      12353    32 2454408.441516  8.373604e+00  8.833314e-04  8.367154e+00  4.498403e-02 
  121296526   4.717031e+02   3.771455e-01   4.616433e+02   2.652186e+01 148200711042125490      27223      12208    32 2454409.394977  8.315828e+00  8.680926e-04  8.339233e+00  6.237683e-02 
  121297194   4.764392e+02   3.803835e-01   4.685961e+02   3.314416e+01 148200711042136570      27093      12248    32 2454409.402708  8.304981e+00  8.668420e-04  8.323004e+00  7.679523e-02 
  121297909   4.786072e+02   3.843218e-01   4.735348e+02   4.357525e+01 148200711042148520      26956      12280    32 2454409.410984  8.300052e+00  8.718497e-04  8.311621e+00  9.991114e-02 
  121297947   4.763517e+02   3.836546e-01   4.718710e+02   4.630660e+01 148200711042149300      26949      12283    32 2454409.411424  8.305181e+00  8.744571e-04  8.315442e+00  1.065480e-01 
  121298675   4.796157e+02   3.852797e-01   4.774348e+02   5.389778e+01 148200711042201380      26781      12323    32 2454409.419850  8.297767e+00  8.721850e-04  8.302714e+00  1.225696e-01 
  121377666   4.541968e+02   3.785189e-01   4.546291e+02   1.749478e+01 148200711051958130      28168      12679    32 2454410.334097  8.356890e+00  9.048349e-04  8.355857e+00  4.178083e-02 
  121378150   4.590885e+02   3.797152e-01   4.591802e+02   1.815374e+01 148200711052006170      28092      12734    32 2454410.339699  8.345259e+00  8.980230e-04  8.345042e+00  4.292484e-02 
  121378691   4.914413e+02   4.481873e-01   4.742497e+02   3.594402e+01 148200711052015170      27993      12801    32 2454410.345961  8.271321e+00  9.901791e-04  8.309982e+00  8.228969e-02 
  121378729   4.840116e+02   4.507537e-01   4.700492e+02   2.631228e+01 148200711052015550      27988      12808    32 2454410.346400  8.287861e+00  1.011136e-03  8.319642e+00  6.077724e-02 
  121379162   4.404895e+02   4.167867e-01   4.442701e+02   3.226707e+01 148200711052023080      27920      12843    32 2454410.351412  8.390162e+00  1.027316e-03  8.380882e+00  7.885666e-02 
  121379199   4.332671e+02   4.361078e-01   4.453361e+02   4.370330e+01 148200711052023460      27915      12851    32 2454410.351840  8.408111e+00  1.092859e-03  8.378281e+00  1.065497e-01 
  121379726   4.656719e+02   3.842648e-01   4.647292e+02   2.728697e+01 148200711052032320      27813      12912    32 2454410.357940  8.329800e+00  8.959348e-04  8.332000e+00  6.375014e-02 
  121379764   4.623762e+02   3.752268e-01   4.626194e+02   2.862570e+01 148200711052033110      27807      12921    32 2454410.358380  8.337511e+00  8.810980e-04  8.336941e+00  6.718280e-02 
  121380385   4.607917e+02   3.716653e-01   4.611919e+02   2.707914e+01 148200711052043310      27712      12956    32 2454410.365567  8.341238e+00  8.757361e-04  8.340296e+00  6.374983e-02 
  121380423   4.618264e+02   3.734871e-01   4.628018e+02   2.990519e+01 148200711052044090      27705      12964    32 2454410.366007  8.338803e+00  8.780569e-04  8.336513e+00  7.015801e-02 
  121380955   4.618348e+02   3.725843e-01   4.630600e+02   3.138599e+01 148200711052053010      27612      13010    32 2454410.372164  8.338783e+00  8.759185e-04  8.335907e+00  7.359094e-02 
  121380993   4.637784e+02   3.741682e-01   4.647363e+02   2.973627e+01 148200711052053390      27606      13009    32 2454410.372604  8.334224e+00  8.759558e-04  8.331984e+00  6.947134e-02 
  121381522   4.584460e+02   3.705105e-01   4.598180e+02   3.077855e+01 148200711052102280      27504      13053    32 2454410.378727  8.346780e+00  8.774819e-04  8.343535e+00  7.267551e-02 
  121381560   4.625270e+02   3.726656e-01   4.639916e+02   3.037326e+01 148200711052103070      27498      13055    32 2454410.379167  8.337157e+00  8.747985e-04  8.333725e+00  7.107341e-02 
  121382181   4.638838e+02   3.724244e-01   4.652724e+02   3.173208e+01 148200711052113270      27374      13101    32 2454410.386354  8.333977e+00  8.716754e-04  8.330731e+00  7.404865e-02 
  121382219   4.604212e+02   3.723519e-01   4.623702e+02   3.182656e+01 148200711052114060      27367      13105    32 2454410.386794  8.342112e+00  8.780597e-04  8.337525e+00  7.473528e-02 
  121382754   4.678690e+02   3.864279e-01   4.694462e+02   3.765739e+01 148200711052123000      27264      13141    32 2454410.392986  8.324689e+00  8.967471e-04  8.321035e+00  8.709439e-02 
  121382792   4.606293e+02   3.807025e-01   4.636803e+02   3.827003e+01 148200711052123380      27258      13138    32 2454410.393426  8.341621e+00  8.973462e-04  8.334454e+00  8.961195e-02 
  121383520   4.620385e+02   3.914352e-01   4.612935e+02   3.029414e+01 148200711052135460      27113      13239    32 2454410.401852  8.338305e+00  9.198300e-04  8.340056e+00  7.130291e-02 
  121383559   4.681604e+02   3.973124e-01   4.676016e+02   4.095948e+01 148200711052136260      27105      13242    32 2454410.402303  8.324014e+00  9.214320e-04  8.325310e+00  9.510521e-02 
  121384185   4.610728e+02   3.731841e-01   4.618619e+02   3.149953e+01 148200711052146520      26993      13260    32 2454410.409549  8.340576e+00  8.787785e-04  8.338719e+00  7.404874e-02 
  121384223   4.602264e+02   3.753159e-01   4.598047e+02   3.048693e+01 148200711052147300      26985      13262    32 2454410.409988  8.342571e+00  8.854239e-04  8.343567e+00  7.198900e-02 
  121384957   4.615274e+02   3.714066e-01   4.616129e+02   3.187174e+01 148200711052159430      26824      13287    32 2454410.418484  8.339506e+00  8.737315e-04  8.339305e+00  7.496415e-02 
  121384995   4.617157e+02   3.720268e-01   4.618469e+02   3.315352e+01 148200711052200210      26818      13289    32 2454410.418924  8.339064e+00  8.748336e-04  8.338755e+00  7.793949e-02 
  121385610   4.613741e+02   3.774282e-01   4.615819e+02   3.410755e+01 148200711052210360      26701      13303    32 2454410.426042  8.339867e+00  8.881922e-04  8.339378e+00  8.022830e-02 
  121385648   4.613815e+02   3.768812e-01   4.605610e+02   3.277000e+01 148200711052211140      26694      13305    32 2454410.426481  8.339849e+00  8.868908e-04  8.341783e+00  7.725297e-02 
  121386372   4.654881e+02   4.191284e-01   4.629058e+02   3.830410e+01 148200711052223190      26548      13324    32 2454410.434861  8.330229e+00  9.776072e-04  8.336268e+00  8.984179e-02 
  121386412   4.669231e+02   4.174582e-01   4.662589e+02   4.025236e+01 148200711052223580      26540      13321    32 2454410.435324  8.326886e+00  9.707189e-04  8.328432e+00  9.373245e-02 
  121387027   4.724585e+02   4.746634e-01   4.668004e+02   4.659749e+01 148200711052234130      26413      13328    32 2454410.442442  8.314091e+00  1.090807e-03  8.327172e+00  1.083820e-01 
  121387065   4.716096e+02   4.860489e-01   4.659104e+02   4.817839e+01 148200711052234510      26405      13329    32 2454410.442882  8.316043e+00  1.118982e-03  8.329244e+00  1.122731e-01 
  121388007   4.892481e+02   7.057608e-01   4.792900e+02   1.119021e+02 148200711052250340      26186      13336    32 2454410.453785  8.276177e+00  1.566225e-03  8.298504e+00  2.534929e-01 
  121896413   3.518687e+02   4.910874e-01   3.532974e+02   5.344024e+01 148200711112004180      27594       9052    32 2454416.338113  8.634048e+00  1.515319e-03  8.629649e+00  1.642305e-01 
  121896964   5.432119e+02   1.125460e+00   5.465530e+02   2.052635e+02 148200711112013290      27509       9172    32 2454416.344491  8.162577e+00  2.249504e-03  8.155919e+00  4.077606e-01 
  121897893   5.225916e+02   8.703851e-01   5.023932e+02   1.654843e+02 148200711112028590      27352       9248    32 2454416.355243  8.204594e+00  1.808318e-03  8.247391e+00  3.576342e-01 
  121897930   5.589634e+02   7.773690e-01   5.458978e+02   1.773967e+02 148200711112029360      27346       9248    32 2454416.355671  8.131541e+00  1.509975e-03  8.157222e+00  3.528256e-01 
  121898411   3.691869e+02   1.017777e+00   3.517802e+02   1.238110e+02 148200711112037360      27255       9292    32 2454416.361238  8.581884e+00  2.993175e-03  8.634321e+00  3.821322e-01 
  121898944   6.168774e+02   1.362999e+00   6.473354e+02   2.235996e+02 148200711112046300      27149       9335    32 2454416.367407  8.024503e+00  2.398957e-03  7.972177e+00  3.750313e-01 
  121981000   4.552862e+02   4.476451e-01   4.470574e+02   1.711103e+01 148200711121934100      27880       9037    32 2454417.317130  8.354289e+00  1.067518e-03  8.374092e+00  4.155647e-02 
  121983143   5.708593e+02   7.408545e-01   5.434288e+02   8.987477e+01 148200711122009520      27518       9287    32 2454417.341933  8.108678e+00  1.409061e-03  8.162144e+00  1.795647e-01 
  121983180   4.949900e+02   6.302066e-01   4.716583e+02   6.100315e+01 148200711122010300      27510       9295    32 2454417.342361  8.263509e+00  1.382332e-03  8.315931e+00  1.404270e-01 
  121983614   3.819825e+02   5.860714e-01   4.085720e+02   9.452981e+01 148200711122017440      27441       9322    32 2454417.347384  8.544891e+00  1.665839e-03  8.471828e+00  2.512037e-01 
  121983653   5.000683e+02   6.610467e-01   4.975157e+02   9.759354e+01 148200711122018220      27436       9322    32 2454417.347836  8.252427e+00  1.435254e-03  8.257983e+00  2.129806e-01 
  121984135   4.649790e+02   4.267550e-01   4.467805e+02   3.084850e+01 148200711122026240      27350       9367    32 2454417.353414  8.331416e+00  9.964857e-04  8.374764e+00  7.496623e-02 
  121985603   4.680290e+02   4.352067e-01   4.682435e+02   5.355148e+01 148200711122050530      27064       9484    32 2454417.370405  8.324318e+00  1.009598e-03  8.323820e+00  1.241725e-01 
  121985643   4.511948e+02   4.088331e-01   4.540630e+02   3.565808e+01 148200711122051320      27057       9483    32 2454417.370868  8.364090e+00  9.838021e-04  8.357210e+00  8.526441e-02 
  121986184   4.570190e+02   4.139106e-01   4.597276e+02   3.009472e+01 148200711122100340      26949       9531    32 2454417.377130  8.350164e+00  9.833274e-04  8.343748e+00  7.107478e-02 
  121986746   4.480283e+02   4.149031e-01   4.514025e+02   2.450703e+01 148200711122109550      26839       9557    32 2454417.383634  8.371737e+00  1.005465e-03  8.363590e+00  5.894576e-02 
  121986784   4.779702e+02   5.227475e-01   4.680191e+02   5.984096e+01 148200711122110340      26831       9559    32 2454417.384074  8.301497e+00  1.187454e-03  8.324341e+00  1.388228e-01 
  121987311   4.930132e+02   6.636285e-01   4.906063e+02   4.142653e+01 148200711122119200      26741       9634    32 2454417.390174  8.267854e+00  1.461478e-03  8.273168e+00  9.167928e-02 
  121987349   4.893218e+02   6.797140e-01   4.771620e+02   4.451598e+01 148200711122119590      26733       9634    32 2454417.390613  8.276013e+00  1.508195e-03  8.303335e+00  1.012922e-01 
  121987981   5.771299e+02   7.570647e-01   5.714585e+02   1.794384e+02 148200711122130300      26591       9671    32 2454417.397928  8.096816e+00  1.424247e-03  8.107538e+00  3.409232e-01 
  121988018   5.515885e+02   6.854025e-01   5.236059e+02   1.517192e+02 148200711122131080      26584       9672    32 2454417.398356  8.145962e+00  1.349138e-03  8.202489e+00  3.146023e-01 
  121988545   5.890413e+02   1.252520e+00   5.920728e+02   1.578318e+02 148200711122139550      26488       9677    32 2454417.404456  8.074636e+00  2.308686e-03  8.069062e+00  2.894311e-01 
  121988583   5.030424e+02   1.090639e+00   4.694082e+02   9.762523e+01 148200711122140330      26482       9676    32 2454417.404896  8.245989e+00  2.353978e-03  8.321123e+00  2.258069e-01 
  121989225   1.271620e+02   8.273685e+00   9.433311e+01   7.695809e+01 148200711122151140      26349       9720    32 2454417.412326  9.739106e+00  7.064272e-02  1.006334e+01  8.857598e-01 
  121989263   6.112548e+02   1.052864e+01   5.879227e+02   4.362058e+02 148200711122151530      26338       9717    32 2454417.412766  8.034444e+00  1.870148e-02  8.076699e+00  8.055585e-01 
  121989809   1.684127e+02   8.104045e+00   1.270317e+02   9.553129e+01 148200711122200590      26242       9706    32 2454417.419086  9.434063e+00  5.224597e-02  9.740220e+00  8.165061e-01 
  121989849   4.245982e+02   5.252543e+00   4.533034e+02   3.274785e+02 148200711122201380      26232       9709    32 2454417.419549  8.430055e+00  1.343128e-02  8.359028e+00  7.843676e-01 
  121990481   3.442723e+02   2.958300e+00   3.337922e+02   1.901872e+02 148200711122212100      26099       9719    32 2454417.426863  8.657744e+00  9.329665e-03  8.691309e+00  6.186299e-01 
  121990519   4.206823e+02   4.029423e+00   4.115711e+02   2.651332e+02 148200711122212490      26091       9722    32 2454417.427303  8.440114e+00  1.039955e-02  8.463888e+00  6.994313e-01 
  122070101   4.376686e+02   3.715762e-01   4.376686e+02   3.715762e-01 148200711132019130      27384       9405     0 2454418.348391  8.397137e+00  9.217823e-04  8.397137e+00  9.217823e-04 
  122071193   4.422347e+02   3.737665e-01   4.422347e+02   3.737665e-01 148200711132037260      27174       9500     0 2454418.361030  8.385868e+00  9.176421e-04  8.385868e+00  9.176421e-04 
  122071678   4.410118e+02   3.728200e-01   4.410118e+02   3.728200e-01 148200711132045300      27084       9536     0 2454418.366644  8.388874e+00  9.178567e-04  8.388874e+00  9.178567e-04 
  122072148   4.429930e+02   3.746011e-01   4.429930e+02   3.746011e-01 148200711132053210      26996       9568     0 2454418.372083  8.384008e+00  9.181171e-04  8.384008e+00  9.181171e-04 
  122073337   4.345904e+02   4.585084e-01   4.345904e+02   4.585084e-01 148200711132113100      26773       9683     0 2454418.385845  8.404799e+00  1.145495e-03  8.404799e+00  1.145495e-03 
  122073377   4.368612e+02   5.541543e-01   4.368612e+02   5.541543e-01 148200711132113490      26766       9685     0 2454418.386308  8.399141e+00  1.377251e-03  8.399141e+00  1.377251e-03 
  122074566   4.459279e+02   3.783732e-01   4.459279e+02   3.783732e-01 148200711132133390      26520       9734     0 2454418.400069  8.376839e+00  9.212586e-04  8.376839e+00  9.212586e-04 
  122156003   4.489150e+02   3.704136e-01   4.606672e+02   1.151377e+01 148200711142011000      27495      10151    32 2454419.342627  8.369590e+00  8.958774e-04  8.341532e+00  2.713664e-02 
  122156443   4.510405e+02   3.712727e-01   4.624447e+02   1.331217e+01 148200711142018190      27416      10185    32 2454419.347720  8.364461e+00  8.937238e-04  8.337351e+00  3.125467e-02 
  122156958   4.494187e+02   3.715988e-01   4.613570e+02   1.551708e+01 148200711142026550      27320      10228    32 2454419.353681  8.368372e+00  8.977369e-04  8.339908e+00  3.651730e-02 
  122157482   4.530023e+02   3.733143e-01   4.646042e+02   1.778046e+01 148200711142035390      27219      10324    32 2454419.359745  8.359749e+00  8.947467e-04  8.332293e+00  4.155140e-02 
  122157963   4.551609e+02   3.743108e-01   4.690057e+02   2.051898e+01 148200711142043400      27139      10465    32 2454419.365312  8.354588e+00  8.928801e-04  8.322055e+00  4.750107e-02 
  122158571   4.531708e+02   3.747048e-01   4.648250e+02   2.356930e+01 148200711142053470      27013      10514    32 2454419.372350  8.359345e+00  8.977455e-04  8.331777e+00  5.505325e-02 
  122159109   4.532499e+02   3.748689e-01   4.657070e+02   2.773689e+01 148200711142102460      26916      10537    32 2454419.378576  8.359156e+00  8.979818e-04  8.329718e+00  6.466523e-02 
  122159677   4.551064e+02   3.756177e-01   4.686469e+02   3.127071e+01 148200711142112140      26807      10559    32 2454419.385150  8.354717e+00  8.961051e-04  8.322886e+00  7.244658e-02 
  122159716   4.535016e+02   3.741218e-01   4.670286e+02   3.234410e+01 148200711142112520      26801      10562    32 2454419.385602  8.358553e+00  8.956945e-04  8.326641e+00  7.519299e-02 
