\OBJNAME = '1SWASP J023618.89+401217.4'
\OBSSTART = '2004-07-29T04:32:27'
\OBSSTOP = '2007-12-17T22:48:44'
\TSTART = 18160254
\TSTOP = 125016902
\JD_REF = 2453005.5
\RA_OBJ = '39.078711'
\DEC_OBJ = '40.204847'
\WASP_MAG = 7.848164
\HJD_START = 2453215.688125
\HJD_STOP = 2454452.454884
\fixlen = T
\NUMRECORDS = 107
\
\ This file was produced by the NASA Exoplanet Archive  http://exoplanetarchive.ipac.caltech.edu 
\ Thu Sep 12, 14:40:20 2013
\ Documentation for the SuperWASP dataset can be found at http://exoplanetarchive.ipac.caltech.edu/docs/SuperWASPMission.html
\
|TMID      |FLUX2         |FLUX2_ERR     |TAMFLUX2      |TAMFLUX2_ERR  |IMAGEID           |CCDX      |CCDY      |FLAG |           HJD|         MAG2|     MAG2_ERR|      TAMMAG2|  TAMMAG2_ERR|
|int       |float         |float         |float         |float         |char              |int       |int       |int  |        double|        float|        float|        float|        float|
|sec       |micro Vega    |micro Vega    |micro Vega    |micro Vega    |                  |1/16 pixel|1/16 pixel|     |           day|          mag|          mag|          mag|          mag|
|null      |null          |null          |null          |null          |null              |null      |null      |null |          null|         null|         null|         null|         null|
   18160254   5.581207e+02   4.048092e+00   5.598397e+02   2.721556e+02 105200407290432270      14521      10067    32 2453215.688125  8.133180e+00  7.874955e-03  8.129841e+00  5.278123e-01 
   18160647   7.439819e+01   4.415511e+00   8.165265e+01   6.798114e+01 105200407290439000      14506      10073    32 2453215.692674  1.032109e+01  6.443834e-02  1.022007e+01  9.039491e-01 
   18161376   9.493421e+02   4.088092e+00   9.507567e+02   4.183365e+02 105200407290451080      14476      10137    32 2453215.701111  7.556443e+00  4.675454e-03  7.554826e+00  4.777297e-01 
   18161769   6.720471e+02   2.399571e+00   3.659114e+02   2.189643e+02 105200407290457410      14456      10156    32 2453215.705660  7.931501e+00  3.876678e-03  8.591560e+00  6.497156e-01 
   18162161   6.918201e+02   5.620952e+00   6.781497e+02   4.048275e+02 105200407290504130      14437      10163    32 2453215.710197  7.900017e+00  8.821501e-03  7.921686e+00  6.481422e-01 
   18162552   2.087968e+02   4.696118e+00   2.433279e+02   1.445433e+02 105200407290510450      14418      10172    32 2453215.714722  9.200690e+00  2.441974e-02  9.034520e+00  6.449589e-01 
   18162945   8.748096e+02   3.108435e+00   8.941876e+02   4.649105e+02 105200407290517180      14398      10186    32 2453215.719271  7.645216e+00  3.857928e-03  7.621428e+00  5.645034e-01 
   18163337   2.830077e+02   4.077446e+00   2.203322e+02   2.438086e+02 105200407290523500      14386      10204    32 2453215.723808  8.870504e+00  1.564285e-02  9.142305e+00  1.201425e+00 
   22897167   8.835831e+02   1.762678e+00   9.285601e+02   3.036009e+02 105200409220014200      12584       9979    32 2453270.513507  7.634381e+00  2.165965e-03  7.580475e+00  3.549923e-01 
   22897548   1.021831e+03   1.771728e+00   8.832614e+02   2.469954e+02 105200409220020420      12597      10007    32 2453270.517917  7.476552e+00  1.882538e-03  7.634777e+00  3.036166e-01 
   22898979   8.041378e+02   1.397192e+00   7.782897e+02   2.300430e+02 105200409220044320      12548      10098    32 2453270.534479  7.736674e+00  1.886477e-03  7.772147e+00  3.209177e-01 
   23077987   1.131617e+03   1.766261e+00   8.109483e+02   2.536163e+02 105200409240227480      12277      10342    32 2453272.606331  7.365751e+00  1.694654e-03  7.727517e+00  3.395548e-01 
   23078400   9.590043e+02   1.444774e+00   8.095088e+02   1.821100e+02 105200409240234420      12259      10369    32 2453272.611111  7.545449e+00  1.635706e-03  7.729446e+00  2.442520e-01 
   23078814   9.641846e+02   1.212499e+00   8.151951e+02   1.538075e+02 105200409240241350      12244      10352    32 2453272.615903  7.539599e+00  1.365359e-03  7.721846e+00  2.048527e-01 
   84256328   2.975366e+02   1.138297e+00   3.203652e+02   1.623639e+02 145200609020429170      31580       1914    32 2453980.688981  8.816149e+00  4.153755e-03  8.735887e+00  5.502626e-01 
   84332771   3.693654e+02   2.569204e+01   4.044989e+02   4.444240e+02 145200609030143140      31042       3171    32 2453981.573738  8.581360e+00  7.552109e-02  8.482707e+00  1.192905e+00 
   84333253   6.209890e+01   1.189215e+01   6.841575e+01   5.848054e+01 145200609030151170      30987       3104    32 2453981.579317  1.051729e+01  2.079230e-01  1.041211e+01  9.280708e-01 
   84333664   7.146024e+02   2.791321e+01   8.224827e+02   8.766217e+02 145200609030158080      30990       3052    32 2453981.584074  7.864839e+00  4.241028e-02  7.712183e+00  1.157208e+00 
   84336531   5.682801e+02   1.305361e+01   3.877854e+02   3.672762e+02 145200609030245530      31109       2680    32 2453981.617257  8.113594e+00  2.493986e-02  8.528522e+00  1.028318e+00 
   84341095   8.690015e+02   2.318407e+01   9.653378e+02   1.021325e+03 145200609030401580      31425       2130    32 2453981.670081  7.652449e+00  2.896643e-02  7.538301e+00  1.148710e+00 
   86571849   1.925446e+02   1.413873e+01   1.868268e+02   2.362114e+02 145200609282338250      31000       2918    32 2454007.488993  9.288671e+00  7.972692e-02  9.321403e+00  1.372738e+00 
   86939961   8.518260e+02   1.211386e+00   8.095088e+02   1.035077e+02 148200610030553160      11524      13617    32 2454011.749549  7.674123e+00  1.544036e-03  7.729446e+00  1.388279e-01 
   86940168   9.035591e+02   1.536976e+00   8.387806e+02   1.403310e+02 148200610030556430      11509      13617    32 2454011.751944  7.610108e+00  1.846870e-03  7.690879e+00  1.816481e-01 
   86940588   9.771603e+02   2.706805e+00   8.470842e+02   3.530020e+02 148200610030603430      11392      13612    32 2454011.756806  7.525085e+00  3.007579e-03  7.680183e+00  4.524561e-01 
   86940797   6.061174e+02   2.043719e+00   6.769559e+02   2.606619e+02 148200610030607110      11376      13613    32 2454011.759225  8.043608e+00  3.660920e-03  7.923599e+00  4.180642e-01 
   86941004   7.449657e+02   1.653514e+00   7.447926e+02   1.980377e+02 148200610030610390      11318      13610    32 2454011.761620  7.819659e+00  2.409891e-03  7.819911e+00  2.886944e-01 
   87951037   7.950727e+02   5.302309e+00   1.232649e+03   6.137450e+02 145200610142243420      31061       2319    32 2454023.451817  7.748983e+00  7.240758e-03  7.272901e+00  5.405979e-01 
   87951545   1.527920e+03   1.070421e+01   1.473555e+03   1.030448e+03 145200610142252100      31008       2247    32 2454023.457697  7.039749e+00  7.606412e-03  7.079084e+00  7.592516e-01 
   87952040   1.423099e+03   3.610313e+00   8.536456e+02   3.409342e+02 145200610142300250      30988       2184    32 2454023.463426  7.116912e+00  2.754454e-03  7.671806e+00  4.336295e-01 
   87952498   1.025288e+03   2.490555e+00   9.890883e+02   2.572533e+02 145200610142308030      30992       2122    32 2454023.468727  7.472885e+00  2.637400e-03  7.511912e+00  2.823916e-01 
   87952909   9.805544e+02   2.220973e+00   5.471697e+02   1.674309e+02 145200610142314540      31007       2070    32 2454023.473484  7.521321e+00  2.459221e-03  8.154695e+00  3.322305e-01 
   87954460   1.128383e+03   2.187753e+00   8.516936e+02   1.849660e+02 145200610142340440      31038       1859    32 2454023.491435  7.368858e+00  2.105075e-03  7.674292e+00  2.357949e-01 
   87954955   1.206850e+03   2.474585e+00   5.521113e+02   1.790795e+02 145200610142348590      31069       1793    32 2454023.497164  7.295866e+00  2.226255e-03  8.144934e+00  3.521640e-01 
   87955374   8.290500e+02   1.524054e+00   7.135408e+02   1.330039e+02 145200610142355580      31095       1737    32 2454023.502014  7.703548e+00  1.995931e-03  7.866453e+00  2.023818e-01 
   87955864   8.861090e+02   1.634233e+00   8.095088e+02   1.650935e+02 145200610150004080      31081       1679    32 2454023.507685  7.631282e+00  2.002409e-03  7.729446e+00  2.214288e-01 
   87955934   6.797079e+02   9.657654e-01   6.738129e+02   1.486228e+02 148200610150005190      14253      12834    32 2454023.508495  7.919194e+00  1.542677e-03  7.928652e+00  2.394814e-01 
   88468674   1.160682e+03   2.730291e+00   5.851505e+02   2.262803e+02 145200610202230400      30930       3110    32 2454029.442986  7.338217e+00  2.554005e-03  8.081831e+00  4.198605e-01 
   88561401   5.969435e+02   1.715325e+00   1.114238e+03   4.100998e+02 145200610220016030      31180       2199    32 2454030.516215  8.060167e+00  3.119887e-03  7.382555e+00  3.996110e-01 
   93382065   4.515992e+01   2.180611e+00   3.870302e+01   2.452779e+01 145200612161921230      30972       2358    32 2454086.310938  1.086312e+01  5.242651e-02  1.103064e+01  6.880807e-01 
   93382341   2.968538e+02   3.334654e+00   2.820755e+02   1.628696e+02 148200612161925580      14788      12145    32 2454086.314132  8.818644e+00  1.219647e-02  8.874086e+00  6.269031e-01 
   93382541   1.717113e+02   3.230551e+00   2.362716e+02   1.450594e+02 148200612161929180      14783      12175    32 2454086.316447  9.413003e+00  2.042695e-02  9.066471e+00  6.665923e-01 
   93383358   2.121494e+03   1.564110e+01   3.327974e+03   3.317997e+03 145200612161942550      31006       2179    32 2454086.325903  6.683395e+00  8.004815e-03  6.194550e+00  1.082485e+00 
   93383426   1.274157e+02   7.824771e+00   2.624267e+02   2.476945e+02 148200612161944030      14743      12316    32 2454086.326690  9.736942e+00  6.667677e-02  8.952479e+00  1.024788e+00 
   93383563   3.004082e+02   6.591594e+00   3.919360e+02   2.370214e+02 145200612161946210      31020       2155    32 2454086.328275  8.805720e+00  2.382344e-02  8.516962e+00  6.565959e-01 
   93384132   7.792988e+02   2.723282e+00   8.703397e+02   5.715293e+02 148200612161955490      14725      12415    32 2454086.334861  7.770740e+00  3.794149e-03  7.650778e+00  7.129770e-01 
   93384340   8.522551e+02   2.472483e+00   8.397825e+02   4.456722e+02 148200612161959180      14714      12447    32 2454086.337269  7.673576e+00  3.149848e-03  7.689583e+00  5.762017e-01 
   93384552   6.698805e+02   5.780270e+00   6.452936e+02   5.965134e+02 148200612162002490      14700      12478    32 2454086.339722  7.935007e+00  9.368641e-03  7.975606e+00  1.003665e+00 
   93384834   8.103036e+02   1.510064e+00   7.269044e+02   2.552449e+02 148200612162007310      14691      12528    32 2454086.342986  7.728381e+00  2.023361e-03  7.846307e+00  3.812462e-01 
   93386489   3.068553e+02   1.062687e+01   2.244199e+02   1.627871e+02 145200612162035060      31174       1792    32 2454086.362141  8.782666e+00  3.760085e-02  9.122347e+00  7.875614e-01 
   93386556   4.543401e+02   9.631602e+00   3.671035e+02   3.405969e+02 148200612162036140      14529      12766    32 2454086.362917  8.356547e+00  2.301672e-02  8.588029e+00  1.007344e+00 
   93386827   2.287623e+02   5.610682e+00   1.953381e+02   1.540072e+02 148200612162040450      14540      12804    32 2454086.366053  9.101539e+00  2.662913e-02  9.273032e+00  8.560121e-01 
   93397162   9.921050e+02   1.446379e+00   8.115916e+02   1.889572e+02 145200612162332590      32671        859    32 2454086.485671  7.508606e+00  1.582889e-03  7.726656e+00  2.527853e-01 
   93397703   8.041402e+02   5.165520e+00   8.128727e+02   5.016342e+02 148200612162342010      12941      13904    32 2454086.491933  7.736670e+00  6.974420e-03  7.724944e+00  6.700241e-01 
   93468385   2.041214e+02   2.918998e+00   2.147143e+02   1.606041e+02 148200612171920060      14780      12132    32 2454087.310012  9.225279e+00  1.552642e-02  9.170347e+00  8.121225e-01 
   93474387   1.280184e+03   2.381117e+00   1.267073e+03   2.553305e+02 145200612172100090      31323       1591    32 2454087.379479  7.231819e+00  2.019455e-03  7.242996e+00  2.187897e-01 
   93477717   1.110440e+00   6.698791e+00   1.544930e+00   6.835228e+00 145200612172155400      31738       1281    32 2454087.418021  1.488626e+01  6.549788e+00  1.452773e+01  4.803637e+00 
   93479816   1.207432e+03   3.937248e+00   1.524477e+03   1.085349e+03 145200612172230380      32018       1081    32 2454087.442315  7.295344e+00  3.540431e-03  7.042198e+00  7.729911e-01 
   93480301   3.051519e+02   9.043241e-01   6.832420e+02   2.885399e+02 145200612172238430      32144       1052    32 2454087.447928  8.788710e+00  3.217613e-03  7.913564e+00  4.585188e-01 
   93482267   1.871378e+02   8.908226e-01   4.867715e+02   2.905810e+02 145200612172311300      32425        915    32 2454087.470683  9.319596e+00  5.168392e-03  8.281687e+00  6.481385e-01 
   94335619   1.250566e+03   3.390521e+00   8.237379e+02   2.954154e+02 145200612272014540      31272       1974    32 2454097.347442  7.257234e+00  2.943646e-03  7.710527e+00  3.893766e-01 
   94335831   9.754475e+02   1.234084e+01   1.073982e+03   1.034877e+03 145200612272018250      31294       1949    32 2454097.349896  7.526990e+00  1.373620e-02  7.422507e+00  1.046207e+00 
   94335898   7.195579e+02   6.907337e+00   6.361674e+02   5.990811e+02 148200612272019330      14384      12525    32 2454097.350671  7.857336e+00  1.042247e-02  7.991071e+00  1.022445e+00 
   95458252   7.463643e+02   1.059035e+00   6.987505e+02   1.250888e+02 148200701092006490      12047      12714    32 2454110.340880  7.817623e+00  1.540584e-03  7.889194e+00  1.943668e-01 
   95458741   9.339307e+02   2.909221e+00   9.290952e+02   5.003866e+02 148200701092014590      11989      12772    32 2454110.346539  7.574214e+00  3.382112e-03  7.579850e+00  5.847515e-01 
   95458942   8.526824e+02   1.693079e+00   8.095088e+02   3.154099e+02 148200701092018190      11952      12795    32 2454110.348866  7.673032e+00  2.155836e-03  7.729446e+00  4.230381e-01 
   95459152   8.453123e+02   1.287723e+00   7.296721e+02   1.777015e+02 148200701092021490      11917      12819    32 2454110.351296  7.682457e+00  1.653983e-03  7.842181e+00  2.644169e-01 
   95459728   8.694667e+02   1.294240e+00   9.230812e+02   2.294444e+02 148200701092031260      11887      12885    32 2454110.357963  7.651867e+00  1.616172e-03  7.586900e+00  2.698755e-01 
   95460100   8.174617e+02   1.417304e+00   7.741565e+02   1.981858e+02 148200701092037380      11853      12928    32 2454110.362269  7.718832e+00  1.882441e-03  7.777928e+00  2.779519e-01 
   95460376   9.739042e+02   1.597502e+00   9.800012e+02   2.946044e+02 148200701092042140      11797      12956    32 2454110.365463  7.528709e+00  1.780947e-03  7.521934e+00  3.263912e-01 
   95460656   1.025849e+03   2.038537e+00   1.115528e+03   4.666037e+02 148200701092046530      11738      12984    32 2454110.368704  7.472292e+00  2.157552e-03  7.381299e+00  4.541439e-01 
   95460925   9.528502e+02   1.845313e+00   9.429694e+02   3.787519e+02 148200701092051220      11723      13011    32 2454110.371817  7.552438e+00  2.102671e-03  7.563756e+00  4.360969e-01 
   95461191   7.133058e+02   1.195399e+00   6.746019e+02   1.508644e+02 148200701092055490      11665      13042    32 2454110.374896  7.866811e+00  1.819546e-03  7.927381e+00  2.428091e-01 
   95461470   6.179780e+02   1.664292e+00   5.457516e+02   1.723033e+02 148200701092100270      11604      13064    32 2454110.378125  8.022568e+00  2.924033e-03  8.157513e+00  3.427871e-01 
   95461820   8.820077e+02   1.623334e+00   9.534363e+02   2.745249e+02 148200701092106180      11534      13107    32 2454110.382176  7.636319e+00  1.998303e-03  7.551771e+00  3.126194e-01 
   95462097   8.042752e+02   7.004796e+00   9.754918e+02   9.068554e+02 148200701092110550      11473      13129    32 2454110.385382  7.736488e+00  9.456200e-03  7.526941e+00  1.009346e+00 
   95462369   8.596636e+02   4.582002e+00   1.018332e+03   6.863137e+02 148200701092115270      11454      13152    32 2454110.388530  7.664179e+00  5.786988e-03  7.480276e+00  7.317437e-01 
   95462649   9.067490e+02   2.939205e+00   9.842315e+02   5.117842e+02 148200701092120070      11397      13520    32 2454110.391771  7.606282e+00  3.519400e-03  7.517257e+00  5.645669e-01 
   95463007   7.939969e+02   1.489973e+00   7.539157e+02   1.794849e+02 148200701092126050      11360      13539    32 2454110.395914  7.750453e+00  2.037443e-03  7.806693e+00  2.584824e-01 
   95463418   7.691830e+02   2.463379e+00   7.984705e+02   3.123365e+02 148200701092132550      11279      13576    32 2454110.400671  7.784926e+00  3.477182e-03  7.744353e+00  4.247073e-01 
   95463764   8.995141e+02   1.973358e+00   9.167262e+02   3.311213e+02 148200701092138410      11238      13597    32 2454110.404676  7.614980e+00  2.381902e-03  7.594401e+00  3.921691e-01 
   95464104   8.927178e+02   3.128635e+00   9.809344e+02   5.143610e+02 148200701092144220      11154      13626    32 2454110.408611  7.623215e+00  3.805104e-03  7.520900e+00  5.693167e-01 
   95464447   9.914623e+02   3.104820e+00   1.089901e+03   5.602938e+02 148200701092150040      11111      13639    32 2454110.412581  7.509309e+00  3.400055e-03  7.406532e+00  5.581546e-01 
   95464859   6.337994e+02   3.532757e+00   7.363759e+02   4.052980e+02 148200701092156560      10986      13666    32 2454110.417350  7.995121e+00  6.051844e-03  7.832251e+00  5.975865e-01 
   95465195   9.792183e+02   3.254297e+00   1.050873e+03   5.312678e+02 148200701092202330      10945      13681    32 2454110.421238  7.522801e+00  3.608308e-03  7.446125e+00  5.488949e-01 
   95465551   6.837255e+02   4.222682e+00   7.877018e+02   5.084887e+02 148200701092208290      10864      13693    32 2454110.425359  7.912796e+00  6.705520e-03  7.759095e+00  7.008827e-01 
   95465895   7.799048e+02   2.323030e+00   7.886866e+02   3.033343e+02 148200701092214130      10808      13712    32 2454110.429340  7.769896e+00  3.233993e-03  7.757739e+00  4.175830e-01 
   95466312   8.920928e+02   1.459284e+00   9.037216e+02   2.301678e+02 148200701092221100      10742      13729    32 2454110.434167  7.623975e+00  1.776052e-03  7.609913e+00  2.765259e-01 
   95466667   8.402344e+02   1.606824e+00   8.989030e+02   2.484039e+02 148200701092227050      10649      13741    32 2454110.438275  7.688999e+00  2.076318e-03  7.615718e+00  3.000346e-01 
   95467315   9.499568e+02   2.251087e+00   1.009289e+03   4.418129e+02 148200701092237530      10538      13769    32 2454110.445775  7.555740e+00  2.572848e-03  7.489961e+00  4.752790e-01 
  119925972   5.752805e+02   1.799896e+00   8.095088e+02   2.657277e+02 142200710200039010      18533       2705    32 2454393.532083  8.100301e+00  3.396986e-03  7.729446e+00  3.564028e-01 
  119926012   9.168588e+02   2.298978e+00   1.088724e+03   3.301518e+02 142200710200039400      18607       2153    32 2454393.532546  7.594244e+00  2.722440e-03  7.407706e+00  3.292470e-01 
  119926072   8.967106e+02   2.364361e+00   9.436572e+02   1.879890e+02 141200710200040410      18712      13469    32 2454393.533241  7.618369e+00  2.862776e-03  7.562964e+00  2.162937e-01 
  119926110   8.218222e+02   1.993124e+00   1.154378e+03   1.672266e+02 141200710200041190      18709      13475    32 2454393.533681  7.713055e+00  2.633190e-03  7.344130e+00  1.572834e-01 
  121898053   6.670088e+02   2.465328e+00   9.853793e+02   3.153072e+02 142200711112026260      18084       4018    32 2454416.357095  7.939671e+00  4.012998e-03  7.515991e+00  3.474212e-01 
  121901203   1.108252e+03   4.232639e+00   1.170005e+03   3.992589e+02 142200711112118560      18086       3616    32 2454416.393553  7.388404e+00  4.146663e-03  7.329531e+00  3.705040e-01 
  121989834   3.154167e+02   2.117733e+00   5.281472e+02   2.312783e+02 142200711122156070      18204       3237    32 2454417.419375  8.752789e+00  7.289748e-03  8.193112e+00  4.754510e-01 
  121989872   4.631619e+02   1.552766e+00   6.958482e+02   2.574678e+02 142200711122156460      18206       3235    32 2454417.419815  8.335668e+00  3.639981e-03  7.893714e+00  4.017299e-01 
  121990413   4.166991e+02   1.645407e+01   8.700253e+02   5.727998e+02 142200711122205470      18234       3185    32 2454417.426076  8.450443e+00  4.287228e-02  7.651170e+00  7.148201e-01 
  121990451   4.829430e+01   1.473173e+01   8.816029e+01   5.774078e+01 142200711122206250      18232       3181    32 2454417.426516  1.079026e+01  3.311949e-01  1.013682e+01  7.111079e-01 
  121990510   6.500507e+02   7.510949e+00   3.824015e+02   1.710775e+02 141200711122207230      18979      12333    32 2454417.427199  7.967632e+00  1.254508e-02  8.543701e+00  4.857347e-01 
  121990548   5.341127e+02   7.947017e+00   8.095088e+02   3.243803e+02 141200711122208020      18978      12339    32 2454417.427639  8.180918e+00  1.615463e-02  7.729446e+00  4.350697e-01 
  124498317   4.168491e+02   2.147020e+00   6.043670e+02   2.904521e+02 142200712112245130      19277       2294    32 2454446.452743  8.450053e+00  5.592205e-03  8.046748e+00  5.217947e-01 
  124498371   5.554641e+02   1.793917e+00   1.304512e+03   3.575116e+02 141200712112246060      17928      13485    32 2454446.453368  8.138360e+00  3.506487e-03  7.211380e+00  2.975554e-01 
  124499090   1.079039e+02   1.300721e+00   2.953168e+02   9.675453e+01 141200712112258060      17813      13541    32 2454446.461690  9.917407e+00  1.308798e-02  8.824280e+00  3.557206e-01 
  124500797   1.817023e+02   2.762428e+00   4.942043e+02   1.629121e+02 141200712112326330      17550      13785    32 2454446.481447  9.351599e+00  1.650655e-02  8.265234e+00  3.579090e-01 
  125013220   5.723741e+02   1.248921e+01   1.685508e+03   1.245592e+03 142200712172147220      19024       1873    32 2454452.412269  8.105800e+00  2.369085e-02  6.933173e+00  8.023624e-01 
  125016902   9.251811e+02   2.079791e+01   4.578047e+02   4.646354e+02 142200712172248440      19576       1691    32 2454452.454884  7.584433e+00  2.440724e-02  8.348299e+00  1.101940e+00 
