\OBJNAME = '1SWASP J035944.67+480904.4'
\OBSSTART = '2007-10-20T00:42:13'
\OBSSTOP = '2008-02-18T21:57:35'
\TSTART = 119926076
\TSTOP = 130456733
\JD_REF = 2453005.5
\RA_OBJ = '59.936153'
\DEC_OBJ = '48.151247'
\WASP_MAG = 7.714375
\HJD_START = 2454393.533287
\HJD_STOP = 2454515.415891
\fixlen = T
\NUMRECORDS = 37
\
\ This file was produced by the NASA Exoplanet Archive  http://exoplanetarchive.ipac.caltech.edu 
\ Mon Sep 16, 01:04:18 2013
\ Documentation for the SuperWASP dataset can be found at http://exoplanetarchive.ipac.caltech.edu/docs/SuperWASPMission.html
\
|TMID      |FLUX2         |FLUX2_ERR     |TAMFLUX2      |TAMFLUX2_ERR  |IMAGEID           |CCDX      |CCDY      |FLAG |           HJD|         MAG2|     MAG2_ERR|      TAMMAG2|  TAMMAG2_ERR|
|int       |float         |float         |float         |float         |char              |int       |int       |int  |        double|        float|        float|        float|        float|
|sec       |micro Vega    |micro Vega    |micro Vega    |micro Vega    |                  |1/16 pixel|1/16 pixel|     |           day|          mag|          mag|          mag|          mag|
|null      |null          |null          |null          |null          |null              |null      |null      |null |          null|         null|         null|         null|         null|
  119926076   9.658939e+02   1.529894e+00   9.211885e+02   1.816748e+02 143200710200042130      15439      29208    32 2454393.533287  7.537676e+00  1.719720e-03  7.589129e+00  2.141273e-01 
  122186521   9.537097e+02   1.162868e+00   9.776457e+02   1.357191e+02 143200711150434430      12535      32478    32 2454419.695845  7.551460e+00  1.323854e-03  7.524546e+00  1.507251e-01 
  122186559   7.042572e+02   9.726775e-01   7.547842e+02   1.124186e+02 143200711150435220      12529      32478    32 2454419.696285  7.880672e+00  1.499558e-03  7.805443e+00  1.617116e-01 
  122187463   9.789765e+02   1.287566e+00   9.424802e+02   1.290508e+02 143200711150450260      12361      32384    32 2454419.706748  7.523069e+00  1.427983e-03  7.564320e+00  1.486669e-01 
  122187502   9.199321e+02   1.180585e+00   9.140790e+02   1.222712e+02 143200711150451040      12355      32384    32 2454419.707199  7.590611e+00  1.393373e-03  7.597541e+00  1.452333e-01 
  122187938   8.149846e+02   1.852934e+00   7.931988e+02   2.569289e+02 143200711150458200      12274      32362    32 2454419.712245  7.722126e+00  2.468519e-03  7.751545e+00  3.516873e-01 
  122187976   8.047354e+02   1.274070e+00   8.773940e+02   1.700771e+02 143200711150458590      12269      32361    32 2454419.712685  7.735867e+00  1.718962e-03  7.642013e+00  2.104636e-01 
  122188503   8.549294e+02   1.035828e+00   8.546462e+02   1.051325e+02 143200711150507460      12161      32273    32 2454419.718785  7.670174e+00  1.315477e-03  7.670534e+00  1.335600e-01 
  125012947   9.019278e+02   1.865384e+00   9.000335e+02   1.940125e+02 143200712172141560      15291      29635    32 2454452.409109  7.612071e+00  2.245547e-03  7.614353e+00  2.340436e-01 
  125012985   8.627678e+02   1.658518e+00   8.303356e+02   1.317294e+02 143200712172142340      15289      29642    32 2454452.409549  7.660265e+00  2.087143e-03  7.701866e+00  1.722482e-01 
  125013421   3.188716e+02   1.942549e+01   1.110733e+02   1.147624e+02 143200712172149490      15256      29700    32 2454452.414595  8.740960e+00  6.614269e-02  9.885976e+00  1.121801e+00 
  125014136   8.902501e+02   1.528700e+00   8.894140e+02   1.716587e+02 143200712172201440      15191      29802    32 2454452.422870  7.626220e+00  1.864387e-03  7.627240e+00  2.095500e-01 
  130450444   8.697638e+02   7.159370e-01   8.697638e+02   7.159370e-01 141200802182012450      10090      24106     0 2454515.343102  7.651497e+00  8.937156e-04  7.651497e+00  8.937156e-04 
  130450484   8.711924e+02   7.142659e-01   8.711924e+02   7.142659e-01 141200802182013240      10084      24109     0 2454515.343565  7.649715e+00  8.901674e-04  7.649715e+00  8.901674e-04 
  130451103   8.568931e+02   7.117854e-01   8.568931e+02   7.117854e-01 141200802182023430       9994      24205     0 2454515.350729  7.667684e+00  9.018791e-04  7.667684e+00  9.018791e-04 
  130451141   8.579968e+02   7.074146e-01   8.579968e+02   7.074146e-01 141200802182024220       9987      24208     0 2454515.351169  7.666286e+00  8.951880e-04  7.666286e+00  8.951880e-04 
  130453850   8.235416e+02   7.013060e-01   8.235416e+02   7.013060e-01 141200802182109310       9520      24322     0 2454515.382523  7.710786e+00  9.245872e-04  7.710786e+00  9.245872e-04 
  130453888   8.169284e+02   7.071512e-01   8.169284e+02   7.071512e-01 141200802182110100       9511      24323     0 2454515.382963  7.719540e+00  9.398404e-04  7.719540e+00  9.398404e-04 
  130454216   8.116417e+02   7.052285e-01   8.116417e+02   7.052285e-01 141200802182115380       9452      24330     0 2454515.386759  7.726589e+00  9.433901e-04  7.726589e+00  9.433901e-04 
  130454254   8.079623e+02   7.029352e-01   8.079623e+02   7.029352e-01 141200802182116160       9444      24331     0 2454515.387199  7.731522e+00  9.446045e-04  7.731522e+00  9.446045e-04 
  130454592   8.011546e+02   7.026164e-01   8.011546e+02   7.026164e-01 141200802182121530       9385      24337     0 2454515.391111  7.740709e+00  9.521992e-04  7.740709e+00  9.521992e-04 
  130454630   8.005292e+02   6.971257e-01   8.005292e+02   6.971257e-01 141200802182122310       9377      24339     0 2454515.391551  7.741557e+00  9.454962e-04  7.741557e+00  9.454962e-04 
  130454871   7.967396e+02   7.020956e-01   7.967396e+02   7.020956e-01 141200802182126320       9330      24341     0 2454515.394340  7.746709e+00  9.567659e-04  7.746709e+00  9.567659e-04 
  130454909   7.925051e+02   7.021535e-01   7.925051e+02   7.021535e-01 141200802182127100       9322      24343     0 2454515.394780  7.752495e+00  9.619574e-04  7.752495e+00  9.619574e-04 
  130455149   7.876548e+02   6.995489e-01   7.876548e+02   6.995489e-01 141200802182131100       9280      24346     0 2454515.397558  7.759160e+00  9.642908e-04  7.759160e+00  9.642908e-04 
  130455420   7.765941e+02   7.007172e-01   7.765941e+02   7.007172e-01 141200802182135410       9232      24408     0 2454515.400694  7.774515e+00  9.796581e-04  7.774515e+00  9.796581e-04 
  130455458   7.827693e+02   7.036639e-01   7.827693e+02   7.036639e-01 141200802182136200       9225      24408     0 2454515.401134  7.765915e+00  9.760169e-04  7.765915e+00  9.760169e-04 
  130455694   7.753974e+02   7.030193e-01   7.753974e+02   7.030193e-01 141200802182140150       9181      24409     0 2454515.403866  7.776189e+00  9.843935e-04  7.776189e+00  9.843935e-04 
  130455732   7.701337e+02   7.004814e-01   7.701337e+02   7.004814e-01 141200802182140530       9173      24410     0 2454515.404306  7.783585e+00  9.875436e-04  7.783585e+00  9.875436e-04 
  130455972   7.682820e+02   7.031567e-01   7.682820e+02   7.031567e-01 141200802182144540       9127      24411     0 2454515.407083  7.786199e+00  9.937047e-04  7.786199e+00  9.937047e-04 
  130456009   7.681913e+02   6.956031e-01   7.681913e+02   6.956031e-01 141200802182145310       9118      24412     0 2454515.407512  7.786326e+00  9.831458e-04  7.786326e+00  9.831458e-04 
  130456249   7.630955e+02   6.975141e-01   7.630955e+02   6.975141e-01 141200802182149310       9075      24413     0 2454515.410289  7.793553e+00  9.924301e-04  7.793553e+00  9.924301e-04 
  130456287   7.604962e+02   7.442172e-01   7.604962e+02   7.442172e-01 141200802182150090       9068      24465     0 2454515.410729  7.797257e+00  1.062499e-03  7.797257e+00  1.062499e-03 
  130456520   7.630787e+02   6.996539e-01   7.630787e+02   6.996539e-01 141200802182154020       9027      24529     0 2454515.413426  7.793577e+00  9.954965e-04  7.793577e+00  9.954965e-04 
  130456558   7.570017e+02   7.031524e-01   7.570017e+02   7.031524e-01 141200802182154400       9018      24531     0 2454515.413866  7.802258e+00  1.008506e-03  7.802258e+00  1.008506e-03 
  130456695   7.616092e+02   7.032855e-01   7.616092e+02   7.032855e-01 141200802182156570       8995      24532     0 2454515.415451  7.795670e+00  1.002594e-03  7.795670e+00  1.002594e-03 
  130456733   7.561356e+02   7.030463e-01   7.561356e+02   7.030463e-01 141200802182157350       8987      24531     0 2454515.415891  7.803501e+00  1.009509e-03  7.803501e+00  1.009509e-03 
