\OBJNAME = '1SWASP J235516.58-315517.2'
\OBSSTART = '2006-07-02T04:34:13'
\OBSSTOP = '2007-10-12T00:06:28'
\TSTART = 78899856
\TSTOP = 119232769
\JD_REF = 2453005.5
\RA_OBJ = '358.819108'
\DEC_OBJ = '-31.921464'
\WASP_MAG = 6.009227
\HJD_START = 2453918.692778
\HJD_STOP = 2454385.508900
\fixlen = T
\NUMRECORDS = 172
\
\ This file was produced by the NASA Exoplanet Archive  http://exoplanetarchive.ipac.caltech.edu 
\ Sun Sep 15, 16:00:53 2013
\ Documentation for the SuperWASP dataset can be found at http://exoplanetarchive.ipac.caltech.edu/docs/SuperWASPMission.html
\
|TMID      |FLUX2         |FLUX2_ERR     |TAMFLUX2      |TAMFLUX2_ERR  |IMAGEID           |CCDX      |CCDY      |FLAG |           HJD|         MAG2|     MAG2_ERR|      TAMMAG2|  TAMMAG2_ERR|
|int       |float         |float         |float         |float         |char              |int       |int       |int  |        double|        float|        float|        float|        float|
|sec       |micro Vega    |micro Vega    |micro Vega    |micro Vega    |                  |1/16 pixel|1/16 pixel|     |           day|          mag|          mag|          mag|          mag|
|null      |null          |null          |null          |null          |null              |null      |null      |null |          null|         null|         null|         null|         null|
   78899856   3.757964e+03   4.364600e+00   5.280577e+03   3.234366e+02 222200607020434130      31193       5314    32 2453918.692778  6.062619e+00  1.261008e-03  5.693296e+00  6.650183e-02 
   78899894   3.123749e+03   4.633192e+00   4.997640e+03   6.582011e+02 222200607020434510      31192       5313    32 2453918.693218  6.263309e+00  1.610386e-03  5.753088e+00  1.429945e-01 
   79140797   3.463881e+03   6.117176e+00   3.022678e+03   1.019192e+03 223200607042329350        618       5677    32 2453921.481447  6.151093e+00  1.917405e-03  6.299020e+00  3.660919e-01 
   79140834   4.337767e+03   6.538753e+00   3.378302e+03   1.161856e+03 223200607042330130        618       5678    32 2453921.481875  5.906835e+00  1.636645e-03  6.178254e+00  3.734045e-01 
   79147353   5.270716e+03   6.381072e+00   4.138622e+03   8.804344e+02 223200607050118510        715       5764    32 2453921.557326  5.695326e+00  1.314468e-03  5.957860e+00  2.309761e-01 
   79147391   6.069482e+03   7.023678e+00   4.746015e+03   1.258400e+03 223200607050119290        715       5764    32 2453921.557766  5.542121e+00  1.256432e-03  5.809177e+00  2.878826e-01 
   79147956   4.937590e+03   6.458462e+00   3.674414e+03   2.975628e+02 223200607050128550        723       5759    32 2453921.564306  5.766212e+00  1.420168e-03  6.087030e+00  8.792581e-02 
   79152318   5.305178e+03   5.838947e+00   4.217396e+03   6.588516e+02 223200607050241360        793       5777    32 2453921.614792  5.688250e+00  1.194980e-03  5.937389e+00  1.696168e-01 
   79152356   5.252318e+03   5.689076e+00   4.313885e+03   6.890826e+02 223200607050242150        793       5777    32 2453921.615231  5.699122e+00  1.176025e-03  5.912828e+00  1.734317e-01 
   79228325   4.009500e+03   4.618275e+00   3.840452e+03   2.598256e+03 223200607052348180        629       5709    32 2453922.494502  5.992274e+00  1.250591e-03  6.039044e+00  7.345569e-01 
   79228362   3.381648e+03   4.284903e+00   3.100154e+03   1.491928e+03 223200607052348550        629       5710    32 2453922.494931  6.177179e+00  1.375746e-03  6.271542e+00  5.225048e-01 
   80264194   2.644265e+03   3.701187e+00   3.223460e+03   1.111420e+03 223200607172331330        783       5723    32 2453934.483727  6.444238e+00  1.519714e-03  6.229194e+00  3.743535e-01 
   80281447   4.017583e+03   4.904208e+00   3.478844e+03   1.987917e+03 223200607180419050        726       5542    32 2453934.683414  5.990088e+00  1.325348e-03  6.146412e+00  6.204247e-01 
   80281484   3.822418e+03   4.879018e+00   3.407863e+03   1.939373e+03 223200607180419430        725       5541    32 2453934.683843  6.044155e+00  1.385862e-03  6.168795e+00  6.178815e-01 
   80963948   6.185271e+03   6.989772e+00   4.196359e+03   7.354455e+02 223200607260153240        714       5696    32 2453942.582731  5.521603e+00  1.226959e-03  5.942818e+00  1.902846e-01 
   80963986   4.603147e+03   5.451343e+00   4.942562e+03   7.006055e+02 222200607260154020      31228       5356    32 2453942.583171  5.842363e+00  1.285803e-03  5.765120e+00  1.539031e-01 
   80963986   4.948032e+03   6.281737e+00   3.885423e+03   6.274770e+02 223200607260154020        717       5693    32 2453942.583171  5.763919e+00  1.378393e-03  6.026404e+00  1.753417e-01 
   81122620   1.415952e+03   5.216052e+00   2.230755e+03   4.030050e+02 222200607272157470      30892       5211    32 2453944.419213  7.122379e+00  3.999624e-03  6.628870e+00  1.961482e-01 
   81122620   1.669718e+03   1.243622e+01   1.988844e+03   1.172073e+03 223200607272157470        617       5665    32 2453944.419213  6.943392e+00  8.086700e-03  6.753498e+00  6.398523e-01 
   81122658   2.528022e+03   4.810783e+00   4.321992e+03   5.647698e+02 222200607272158250      30894       5213    32 2453944.419653  6.493048e+00  2.066144e-03  5.910790e+00  1.418774e-01 
   81122658   4.367722e+03   1.163085e+01   3.886612e+03   1.241109e+03 223200607272158250        617       5664    32 2453944.419653  5.899363e+00  2.891227e-03  6.026072e+00  3.467086e-01 
   81123370   4.369760e+03   1.331670e+01   5.025890e+03   3.607790e+03 223200607272210170        635       5685    32 2453944.427894  5.898856e+00  3.308756e-03  5.746968e+00  7.793888e-01 
   81123989   4.361350e+03   5.174545e+00   3.541607e+03   5.128399e+02 223200607272220370        638       5696    32 2453944.435058  5.900948e+00  1.288182e-03  6.126999e+00  1.572198e-01 
   81124600   4.079968e+03   4.780158e+00   3.409137e+03   5.655287e+02 223200607272230470        654       5706    32 2453944.442130  5.973358e+00  1.272071e-03  6.168389e+00  1.801093e-01 
   81124637   4.353661e+03   6.909621e+00   4.059307e+03   1.222522e+03 223200607272231250        655       5706    32 2453944.442558  5.902864e+00  1.723159e-03  5.978870e+00  3.269870e-01 
   81126245   4.554797e+03   5.759377e+00   3.941706e+03   7.473607e+02 223200607272258130        766       5733    32 2453944.461169  5.853827e+00  1.372879e-03  6.010789e+00  2.058599e-01 
   81126283   5.771546e+03   1.089818e+01   4.832686e+03   2.380904e+03 223200607272258510        767       5734    32 2453944.461609  5.596770e+00  2.050160e-03  5.789528e+00  5.349081e-01 
   81126864   2.923303e+04   8.294546e+01   5.696756e+03   6.458565e+03 223200607272308310        757       5739    32 2453944.468333  3.835316e+00  3.080667e-03  5.610931e+00  1.230933e+00 
   81126902   2.988266e+03   3.552292e+01   2.879081e+03   1.269657e+03 222200607272309100      31088       5332    32 2453944.468773  6.311452e+00  1.290670e-02  6.351865e+00  4.788046e-01 
   81126902   1.435172e+03   3.034546e+01   4.657082e+03   4.687689e+03 223200607272309100        759       5741    32 2453944.468773  7.107740e+00  2.295703e-02  5.829715e+00  1.092876e+00 
   81127497   7.579779e+03   1.277191e+01   4.983873e+03   1.220050e+03 222200607272319040      31104       5349    32 2453944.475660  5.300858e+00  1.829470e-03  5.756083e+00  2.657887e-01 
   81127497   3.700288e+03   9.255151e+00   5.477912e+03   2.955413e+03 223200607272319040        705       5748    32 2453944.475660  6.079412e+00  2.715650e-03  5.653462e+00  5.857725e-01 
   81127529   5.466365e+03   1.385546e+01   3.919750e+03   9.045764e+02 222200607272319360      31106       5349    32 2453944.476030  5.655754e+00  2.751998e-03  6.016854e+00  2.505606e-01 
   81127529   1.785190e+03   1.036799e+01   4.010984e+03   2.798209e+03 223200607272319360        705       5748    32 2453944.476030  6.870789e+00  6.305740e-03  5.991873e+00  7.574518e-01 
   81128107   2.737127e+03   1.261225e+01   3.568407e+03   2.007781e+03 223200607272329140        712       5753    32 2453944.482720  6.406763e+00  5.002919e-03  6.118814e+00  6.108965e-01 
   81128145   2.990206e+03   4.827149e+00   4.763300e+03   6.003465e+02 222200607272329520      31125       5356    32 2453944.483160  6.310747e+00  1.752732e-03  5.805230e+00  1.368421e-01 
   81128145   3.764610e+03   8.304248e+00   3.648651e+03   1.218517e+03 223200607272329520        713       5754    32 2453944.483160  6.060700e+00  2.395003e-03  6.094669e+00  3.625977e-01 
   81128685   4.737104e+03   6.427042e+00   3.705749e+03   9.804092e+02 223200607272338510        722       5753    32 2453944.489410  5.811218e+00  1.473072e-03  6.077810e+00  2.872481e-01 
   81128723   4.456675e+03   7.369588e+00   4.040447e+03   1.178987e+03 223200607272339300        722       5753    32 2453944.489850  5.877472e+00  1.795387e-03  5.983926e+00  3.168148e-01 
   81129283   2.476361e+03   4.178527e+00   4.317726e+03   7.482820e+02 222200607272348500      31159       5377    32 2453944.496331  6.515465e+00  1.832041e-03  5.911862e+00  1.881638e-01 
   81129283   2.396850e+03   4.832460e+00   3.202593e+03   1.441826e+03 223200607272348500        727       5757    32 2453944.496331  6.550898e+00  2.189038e-03  6.236246e+00  4.888065e-01 
   81129888   2.616004e+03   5.341570e+00   3.924512e+03   5.234524e+02 222200607272358540      31178       5384    32 2453944.503333  6.455904e+00  2.216953e-03  6.015536e+00  1.448162e-01 
   81129888   4.886949e+03   1.292315e+01   4.100480e+03   8.315745e+02 223200607272358550        737       5755    32 2453944.503333  5.777405e+00  2.871153e-03  5.967913e+00  2.201873e-01 
   81129926   3.364354e+03   5.915490e+00   4.529456e+03   6.222209e+02 222200607272359330      31179       5383    32 2453944.503773  6.182746e+00  1.909040e-03  5.859885e+00  1.491504e-01 
   81129926   1.206833e+04   3.306752e+01   1.029650e+04   6.146112e+03 223200607272359330        738       5755    32 2453944.503773  4.795882e+00  2.974953e-03  4.968276e+00  6.480918e-01 
   81130551   3.445158e+03   6.595052e+00   4.922688e+03   7.079451e+02 222200607280009570      31191       5381    32 2453944.511007  6.156977e+00  2.078428e-03  5.769495e+00  1.561432e-01 
   81130551   7.919132e+03   2.159284e+01   6.656389e+03   3.823204e+03 223200607280009570        743       5742    32 2453944.511007  5.253306e+00  2.960453e-03  5.441903e+00  6.236122e-01 
   81130590   4.207646e+03   1.169882e+01   4.299522e+03   9.406729e+02 222200607280010370      31193       5381    32 2453944.511458  5.939902e+00  3.018760e-03  5.916450e+00  2.375441e-01 
   81130592   7.574702e+03   2.602447e+01   7.482078e+03   5.217608e+03 223200607280010380        743       5742    32 2453944.511481  5.301586e+00  3.730287e-03  5.314944e+00  7.571380e-01 
   81131205   3.054965e+03   5.841360e+00   3.471471e+03   4.523085e+02 222200607280020510      31205       5389    32 2453944.518576  6.287485e+00  2.076030e-03  6.148716e+00  1.414644e-01 
   81131205   3.417932e+03   7.898960e+00   3.004841e+03   6.823797e+02 223200607280020510        732       5740    32 2453944.518576  6.165592e+00  2.509183e-03  6.305446e+00  2.465644e-01 
   81131243   5.086153e+03   7.775945e+00   4.849526e+03   6.961870e+02 222200607280021290      31205       5388    32 2453944.519016  5.734026e+00  1.659929e-03  5.785752e+00  1.558664e-01 
   81131243   6.627502e+03   1.208234e+01   5.897688e+03   1.840089e+03 223200607280021290        733       5740    32 2453944.519016  5.446625e+00  1.979370e-03  5.573296e+00  3.387527e-01 
   81131888   4.270126e+03   7.000599e+00   3.846168e+03   9.612523e+02 223200607280032150        738       5736    32 2453944.526481  5.923898e+00  1.780001e-03  6.037429e+00  2.713532e-01 
   81131926   3.718351e+03   4.539858e+00   3.576665e+03   4.990588e+02 223200607280032530        738       5736    32 2453944.526921  6.074124e+00  1.325616e-03  6.116304e+00  1.514953e-01 
   81132668   2.612611e+03   6.582324e+00   4.631889e+03   6.237714e+02 222200607280045140      31238       5376    32 2453944.535509  6.457313e+00  2.735460e-03  5.835605e+00  1.462154e-01 
   81132668   3.875357e+03   1.300782e+01   3.405437e+03   8.761057e+02 223200607280045140        803       5718    32 2453944.535509  6.029221e+00  3.644337e-03  6.169568e+00  2.793248e-01 
   81132704   3.048098e+03   5.416064e+00   4.540104e+03   3.120204e+02 222200607280045510      31238       5375    32 2453944.535926  6.289927e+00  1.929215e-03  5.857336e+00  7.461790e-02 
   81132704   7.076380e+03   1.966954e+01   5.376334e+03   1.786116e+03 223200607280045510        803       5718    32 2453944.535926  5.375472e+00  3.017928e-03  5.673784e+00  3.607026e-01 
   81133373   2.329493e+03   6.553940e+00   3.586031e+03   6.242712e+02 222200607280056590      31236       5381    32 2453944.543669  6.581847e+00  3.054688e-03  6.113465e+00  1.890102e-01 
   81133373   4.505341e+03   1.452250e+01   4.570992e+03   1.995018e+03 223200607280056590        798       5708    32 2453944.543669  5.865681e+00  3.499770e-03  5.849974e+00  4.738732e-01 
   81133410   2.844990e+03   5.035236e+00   4.223363e+03   5.040162e+02 222200607280057360      31244       5368    32 2453944.544097  6.364798e+00  1.921608e-03  5.935854e+00  1.295722e-01 
   81133410   5.553446e+03   1.408476e+01   5.168413e+03   1.963671e+03 223200607280057360        798       5708    32 2453944.544097  5.638594e+00  2.753675e-03  5.716607e+00  4.125128e-01 
   81134131   3.660755e+03   6.231440e+00   4.053109e+03   6.157825e+02 222200607280109380      31235       5448    32 2453944.552442  6.091074e+00  1.848177e-03  5.980529e+00  1.649548e-01 
   81134131   5.476992e+03   1.261951e+01   5.046428e+03   2.137490e+03 223200607280109380        792       5768    32 2453944.552442  5.653645e+00  2.501648e-03  5.742540e+00  4.598813e-01 
   81134169   5.072856e+03   1.143113e+01   4.745176e+03   1.904290e+03 223200607280110160        793       5768    32 2453944.552882  5.736869e+00  2.446597e-03  5.809369e+00  4.357192e-01 
   81137775   1.752760e+03   2.431953e+00   4.386824e+03   7.319954e+02 222200607280210210      31237       5331    32 2453944.594618  6.890694e+00  1.506464e-03  5.894625e+00  1.811690e-01 
   81137775   2.969414e+03   7.157624e+00   3.785238e+03   2.055491e+03 223200607280210210        722       5650    32 2453944.594618  6.318323e+00  2.617122e-03  6.054767e+00  5.895874e-01 
   81137812   2.883435e+02   5.330749e+00   9.665947e+02   3.467063e+02 222200607280210580      31230       5329    32 2453944.595046  8.850224e+00  2.007261e-02  7.536889e+00  3.894423e-01 
   81138528   3.436885e+03   4.120566e+00   4.613322e+03   3.057445e+02 222200607280222550      31250       5396    32 2453944.603333  6.159587e+00  1.301720e-03  5.839966e+00  7.195662e-02 
   81138530   4.869552e+03   7.670725e+00   3.985668e+03   7.055312e+02 223200607280222560        765       5702    32 2453944.603356  5.781278e+00  1.710304e-03  5.998747e+00  1.921945e-01 
   81138566   4.840661e+03   6.867617e+00   3.882601e+03   7.520784e+02 223200607280223330        765       5701    32 2453944.603773  5.787738e+00  1.540378e-03  6.027193e+00  2.103130e-01 
   81139128   3.956447e+03   5.599743e+00   3.503315e+03   6.221878e+02 223200607280232550        756       5648    32 2453944.610278  6.006737e+00  1.536698e-03  6.138802e+00  1.928271e-01 
   81139166   7.670715e+03   6.455336e+01   4.544229e+03   2.538975e+03 223200607280233330        756       5647    32 2453944.610718  5.287910e+00  9.137111e-03  5.856349e+00  6.066301e-01 
   81380861   8.137017e+02   5.820398e+00   1.191066e+03   1.489400e+03 223200607302141350        620       5655    32 2453947.408113  7.723837e+00  7.766285e-03  7.310161e+00  1.357692e+00 
   81380899   1.461332e+04   7.629688e+01   7.845000e+03   6.954993e+03 223200607302142130        623       5655    32 2453947.408553  4.588128e+00  5.668703e-03  5.263518e+00  9.625640e-01 
   81381517   1.747168e+01   3.912210e+00   3.451552e+01   1.930560e+01 222200607302152310      30905       5230    32 2453947.415706  1.189416e+01  2.431159e-01  1.115496e+01  6.072880e-01 
   81381555   3.918957e+00   5.369895e+00   5.563425e+00   5.911787e+00 222200607302153090      30892       5216    32 2453947.416146  1.351707e+01  1.487720e+00  1.313664e+01  1.153725e+00 
   81387711   6.864433e+03   2.707942e+01   6.495008e+03   7.492332e+03 223200607302335450        728       5828    32 2453947.487396  5.408488e+00  4.283122e-03  5.468551e+00  1.252458e+00 
   81387750   4.155999e+02   5.848443e+00   2.111377e+03   1.177138e+03 222200607302336230      31154       5454    32 2453947.487847  8.453312e+00  1.527885e-02  6.688586e+00  6.053237e-01 
   81387750   6.335975e+02   7.327846e+00   5.543984e+02   4.455917e+02 223200607302336230        728       5829    32 2453947.487847  7.995466e+00  1.255708e-02  8.140445e+00  8.726518e-01 
   81388315   5.552662e+03   9.153454e+00   5.698820e+03   2.689125e+03 223200607302345480        735       5754    32 2453947.494387  5.638747e+00  1.789821e-03  5.610538e+00  5.123324e-01 
   81388352   4.091333e+03   1.132715e+01   2.624840e+03   1.576039e+03 223200607302346250        735       5753    32 2453947.494815  5.970338e+00  3.005950e-03  6.452243e+00  6.519135e-01 
   81389021   4.989473e+03   1.783649e+01   6.030466e+03   5.150020e+03 223200607302357340        742       5743    32 2453947.502558  5.754863e+00  3.881329e-03  5.549123e+00  9.272223e-01 
   81391199   4.252790e+03   7.609731e+00   4.405170e+03   1.712361e+03 223200607310033510        806       5717    32 2453947.527766  5.928315e+00  1.942769e-03  5.890093e+00  4.220447e-01 
   81391231   4.308826e+03   8.543620e+00   3.990720e+03   1.506860e+03 223200607310034240        806       5717    32 2453947.528137  5.914103e+00  2.152825e-03  5.997372e+00  4.099655e-01 
   81391858   2.204399e+03   1.582440e+01   6.869158e+03   8.022453e+03 223200607310044500        796       5706    32 2453947.535394  6.641775e+00  7.794045e-03  5.407741e+00  1.268030e+00 
   81391896   2.494444e+03   6.135325e+00   4.458465e+03   3.086873e+03 223200607310045290        796       5707    32 2453947.535833  6.507565e+00  2.670482e-03  5.877037e+00  7.517254e-01 
   81392638   5.290548e+03   1.452440e+01   5.484870e+03   4.337166e+03 223200607310057510        793       5693    32 2453947.544421  5.691248e+00  2.980735e-03  5.652084e+00  8.585498e-01 
   81392676   1.259712e+03   1.328983e+01   1.844594e+03   1.706035e+03 223200607310058290        792       5692    32 2453947.544861  7.249322e+00  1.145445e-02  6.835248e+00  1.004183e+00 
   81393464   2.568985e+03   8.285007e+00   1.761842e+03   8.917603e+02 223200607310111360        752       5678    32 2453947.553981  6.475596e+00  3.501524e-03  6.885083e+00  5.495497e-01 
   81393502   3.897375e+03   1.091234e+01   3.829816e+03   1.436029e+03 223200607310112150        752       5678    32 2453947.554421  6.023069e+00  3.039987e-03  6.042055e+00  4.071093e-01 
   81394149   4.998247e+03   1.340583e+01   5.280970e+03   3.014633e+03 223200607310123020        733       5699    32 2453947.561910  5.752956e+00  2.912071e-03  5.693216e+00  6.197928e-01 
   81395531   3.747904e+03   1.004969e+01   4.517685e+03   2.449271e+03 223200607310146030        731       5676    32 2453947.577905  6.065529e+00  2.911319e-03  5.862710e+00  5.886359e-01 
   81395569   4.771454e+03   6.355945e+00   4.844985e+03   1.691796e+03 223200607310146420        732       5672    32 2453947.578345  5.803373e+00  1.446289e-03  5.786769e+00  3.791240e-01 
   83018036   5.272146e+03   7.660607e+00   4.053109e+03   1.003480e+03 223200608182026440        650       5641    32 2453966.356898  5.695032e+00  1.577617e-03  5.980529e+00  2.688106e-01 
   83018076   3.870763e+03   4.609202e+00   5.471152e+03   3.111535e+02 222200608182027230      30918       5210    32 2453966.357361  6.030509e+00  1.292870e-03  5.654803e+00  6.174784e-02 
   83018076   4.919549e+03   8.196127e+00   4.265239e+03   9.098772e+02 223200608182027230        650       5641    32 2453966.357361  5.770187e+00  1.808878e-03  5.925142e+00  2.316142e-01 
   83018660   9.608949e+03   1.601954e+01   5.374454e+03   2.591181e+03 223200608182037070        658       5660    32 2453966.364120  5.043310e+00  1.810089e-03  5.674164e+00  5.234669e-01 
   83018697   2.548454e+03   3.437325e+00   5.831454e+03   7.462221e+02 222200608182037450      30944       5238    32 2453966.364549  6.484308e+00  1.464434e-03  5.585558e+00  1.389367e-01 
   83018698   8.242306e+03   1.936469e+01   5.627481e+03   3.171271e+03 223200608182037460        658       5661    32 2453966.364560  5.209878e+00  2.550867e-03  5.624215e+00  6.118502e-01 
   83019413   4.904032e+03   6.017255e+00   4.062204e+03   6.405609e+02 223200608182049410        660       5675    32 2453966.372836  5.773617e+00  1.332205e-03  5.978096e+00  1.712082e-01 
   83019453   4.762605e+03   5.851412e+00   4.423383e+03   1.141761e+03 223200608182050200        659       5676    32 2453966.373299  5.805388e+00  1.333957e-03  5.885613e+00  2.802505e-01 
   83021290   5.844059e+03   7.458329e+00   4.470984e+03   8.660470e+02 223200608182120570        688       5714    32 2453966.394560  5.583214e+00  1.385648e-03  5.873992e+00  2.103120e-01 
   83021816   5.551076e+03   1.425031e+01   5.221206e+03   2.420969e+03 223200608182129430        790       5785    32 2453966.400648  5.639057e+00  2.787231e-03  5.705573e+00  5.034360e-01 
   83021852   5.240104e+03   1.727543e+01   5.391975e+03   2.733836e+03 223200608182130200        790       5786    32 2453966.401065  5.701650e+00  3.579438e-03  5.670630e+00  5.504913e-01 
   83028680   1.960327e+03   2.525537e+00   4.968248e+03   6.933511e+02 222200608182324070      31258       5423    32 2453966.480093  6.769179e+00  1.398786e-03  5.759492e+00  1.515221e-01 
   83028680   5.135911e+03   8.562487e+00   4.581176e+03   1.148971e+03 223200608182324070        816       5786    32 2453966.480093  5.723456e+00  1.810124e-03  5.847558e+00  2.723064e-01 
   83028717   6.695602e+03   7.655477e+00   4.572079e+03   8.762596e+02 223200608182324450        817       5786    32 2453966.480521  5.435526e+00  1.241391e-03  5.849716e+00  2.080870e-01 
   83029366   5.441485e+03   5.284639e+00   3.972277e+03   4.670318e+02 223200608182335340        812       5698    32 2453966.488032  5.660707e+00  1.054445e-03  6.002401e+00  1.276535e-01 
   84927803   1.907100e+03   1.208117e+00   3.233490e+03   1.001699e+02 222200609092255470      31258       5355    32 2453988.460683  6.799066e+00  6.877985e-04  6.225821e+00  3.363501e-02 
   84927840   1.901785e+03   1.207127e+00   3.175228e+03   1.257648e+02 222200609092256240      31258       5355    32 2453988.461111  6.802096e+00  6.891557e-04  6.245563e+00  4.300413e-02 
   84928615   1.852523e+03   1.279084e+00   2.784208e+03   6.094571e+02 222200609092309190      31253       5419    32 2453988.470081  6.830591e+00  7.496548e-04  6.388246e+00  2.376661e-01 
   84928647   1.841162e+03   1.275905e+00   2.790529e+03   6.101215e+02 222200609092309510      31253       5419    32 2453988.470451  6.837270e+00  7.524058e-04  6.385784e+00  2.373863e-01 
   85689129   3.184658e+03   4.802672e+00   2.387653e+03   1.267900e+03 223200609181824420        581       5590    32 2453997.272326  6.242343e+00  1.637367e-03  6.555072e+00  5.765536e-01 
   85690902   6.550029e+03   7.143546e+00   4.706594e+03   1.722028e+03 223200609181854160        606       5636    32 2453997.292847  5.459392e+00  1.184122e-03  5.818233e+00  3.972459e-01 
   85690940   6.637082e+03   6.991277e+00   3.420591e+03   1.061217e+03 223200609181854540        607       5637    32 2453997.293287  5.445057e+00  1.143682e-03  6.164747e+00  3.368442e-01 
   85692478   2.261497e+03   2.906210e+00   2.380020e+03   8.059769e+02 223200609181920310        634       5673    32 2453997.311088  6.614010e+00  1.395266e-03  6.558548e+00  3.676782e-01 
   85692515   1.956459e+03   3.070346e+00   2.357807e+03   9.641490e+02 223200609181921080        634       5673    32 2453997.311516  6.771323e+00  1.703894e-03  6.568729e+00  4.439782e-01 
   85693050   2.687670e+03   3.365122e+00   3.087939e+03   1.180430e+03 223200609181930030        728       5686    32 2453997.317708  6.426560e+00  1.359411e-03  6.275828e+00  4.150472e-01 
   85694264   4.720351e+03   6.823997e+00   4.095678e+03   1.653218e+03 223200609181950180        666       5706    32 2453997.331759  5.815064e+00  1.569605e-03  5.969185e+00  4.382583e-01 
   85694301   2.406798e+03   5.243210e+00   8.172081e+03   1.876217e+03 222200609181950550      31061       5463    32 2453997.332187  6.546401e+00  2.365285e-03  5.219168e+00  2.492735e-01 
   85694301   1.614531e+03   5.861508e+00   2.378847e+03   1.532101e+03 223200609181950550        666       5706    32 2453997.332187  6.979884e+00  3.941746e-03  6.559083e+00  6.992729e-01 
   86121857   8.662279e+02   3.740674e+00   2.596464e+03   5.931181e+02 222200609231836590      30946       5367    32 2454002.280752  7.655920e+00  4.688603e-03  6.464045e+00  2.480189e-01 
   86121857   2.225954e+03   1.062536e+01   2.565344e+03   1.415623e+03 223200609231836590        615       5611    32 2454002.280752  6.631209e+00  5.182668e-03  6.477136e+00  5.991392e-01 
   86121895   1.920046e+03   3.349058e+00   3.101044e+03   3.201509e+02 222200609231837370      30954       5368    32 2454002.281192  6.791721e+00  1.893812e-03  6.271230e+00  1.120915e-01 
   86121895   5.438812e+03   1.789192e+01   5.845818e+03   3.768443e+03 223200609231837370        616       5611    32 2454002.281192  5.661240e+00  3.571731e-03  5.582887e+00  6.999103e-01 
   86141083   6.036095e+03   7.584190e+00   4.656458e+03   1.004229e+03 223200609232357260        683       5445    32 2454002.503275  5.548110e+00  1.364203e-03  5.829861e+00  2.341548e-01 
   86141121   3.816376e+03   5.470964e+00   3.182136e+03   7.459080e+02 223200609232358040        682       5444    32 2454002.503715  6.045872e+00  1.556462e-03  6.243203e+00  2.545027e-01 
   86141879   5.570320e+03   6.690944e+00   4.082398e+03   7.728464e+02 223200609240010410        773       5469    32 2454002.512488  5.635300e+00  1.304167e-03  5.972712e+00  2.055435e-01 
   86141917   5.568968e+03   7.155826e+00   3.994339e+03   1.124596e+03 223200609240011190        772       5469    32 2454002.512928  5.635563e+00  1.395118e-03  5.996387e+00  3.056874e-01 
   86142750   4.412362e+03   6.346092e+00   4.158831e+03   1.141677e+03 223200609240025130        661       5395    32 2454002.522569  5.888322e+00  1.561569e-03  5.952572e+00  2.980559e-01 
   86142788   5.274554e+03   6.312538e+00   4.669815e+03   1.406377e+03 223200609240025510        661       5394    32 2454002.523009  5.694536e+00  1.299404e-03  5.826751e+00  3.269851e-01 
   86150176   3.976503e+03   7.998194e+00   4.467827e+03   1.968275e+03 223200609240228590        562       5210    32 2454002.608519  6.001247e+00  2.183818e-03  5.874759e+00  4.783164e-01 
   86150215   2.015957e+03   4.916712e+00   2.891029e+03   1.444624e+03 223200609240229370        561       5209    32 2454002.608970  6.738797e+00  2.648008e-03  6.347369e+00  5.425355e-01 
   86233238   4.883813e+03   4.650696e+00   6.621514e+03   6.034147e+02 222200609250133220      30960       5435    32 2454003.569884  5.778102e+00  1.033915e-03  5.447607e+00  9.894286e-02 
   86233238   6.114146e+03   7.790035e+00   4.395240e+03   1.009677e+03 223200609250133220        584       5337    32 2454003.569884  5.534161e+00  1.383342e-03  5.892543e+00  2.494167e-01 
   86233276   4.250962e+03   4.687105e+00   5.414344e+03   4.006691e+02 222200609250134000      30959       5435    32 2454003.570324  5.928782e+00  1.197136e-03  5.666135e+00  8.034630e-02 
   86233276   5.256120e+03   7.729933e+00   3.825544e+03   8.340098e+02 223200609250134000        584       5337    32 2454003.570324  5.698337e+00  1.596748e-03  6.043267e+00  2.367030e-01 
   86233728   3.722508e+03   3.858407e+00   6.197963e+03   4.474648e+02 222200609250141330      30940       5428    32 2454003.575556  6.072911e+00  1.125378e-03  5.519378e+00  7.838550e-02 
   86233728   5.380835e+03   6.937261e+00   3.808702e+03   5.002379e+02 223200609250141330        578       5319    32 2454003.575556  5.672876e+00  1.399794e-03  6.048058e+00  1.426020e-01 
   86233766   3.450303e+03   3.662816e+00   6.628481e+03   5.733073e+02 222200609250142110      30940       5430    32 2454003.575995  6.155357e+00  1.152614e-03  5.446465e+00  9.390729e-02 
   86233766   4.975333e+03   6.660548e+00   3.926964e+03   6.537357e+02 223200609250142110        575       5317    32 2454003.575995  5.757945e+00  1.453495e-03  6.014858e+00  1.807470e-01 
   86814357   1.857834e+03   4.738857e+00   3.800808e+03   6.449968e+02 222200610011859000      31072       5435    32 2454010.295799  6.827483e+00  2.769443e-03  6.050310e+00  1.842500e-01 
   86814357   3.007737e+03   8.529023e+00   5.062926e+03   5.812149e+03 223200610011859000        742       5717    32 2454010.295799  6.304400e+00  3.078827e-03  5.738996e+00  1.246410e+00 
   86814395   3.706688e+03   5.715594e+00   4.719308e+03   3.803639e+03 223200610011859390        741       5716    32 2454010.296238  6.077535e+00  1.674176e-03  5.815304e+00  8.750781e-01 
   86814661   2.655083e+03   5.808942e+00   5.369146e+03   9.194341e+02 222200610011904050      31080       5441    32 2454010.299317  6.439805e+00  2.375444e-03  5.675237e+00  1.859265e-01 
   86814661   2.790558e+03   6.512932e+00   3.815621e+03   3.546781e+03 223200610011904050        740       5720    32 2454010.299317  6.385773e+00  2.534028e-03  6.046087e+00  1.009241e+00 
   86814699   4.028451e+03   6.011420e+00   4.848040e+03   4.013861e+03 223200610011904430        740       5720    32 2454010.299757  5.987155e+00  1.620186e-03  5.786085e+00  8.989220e-01 
   86814946   3.950597e+03   6.929510e+00   5.167990e+03   5.247252e+03 223200610011908490        741       5723    32 2454010.302616  6.008343e+00  1.904433e-03  5.716696e+00  1.102392e+00 
   86814983   3.531578e+03   6.075046e+00   3.801416e+03   2.554040e+03 223200610011909270        740       5723    32 2454010.303044  6.130078e+00  1.867698e-03  6.050137e+00  7.294712e-01 
   86815231   3.534826e+03   3.823882e+00   2.675289e+03   5.973265e+02 223200610011913350        743       5726    32 2454010.305914  6.129080e+00  1.174525e-03  6.431573e+00  2.424192e-01 
   86815269   3.210944e+03   3.398684e+00   2.462535e+03   5.007914e+02 223200610011914130        744       5726    32 2454010.306354  6.233418e+00  1.149222e-03  6.521544e+00  2.208006e-01 
   86815895   3.270300e+03   3.831570e+00   2.520313e+03   5.856049e+02 223200610011924380        747       5731    32 2454010.313600  6.213531e+00  1.272082e-03  6.496364e+00  2.522761e-01 
   88546153   5.957703e+03   1.173034e+01   4.003867e+03   8.558865e+02 222200610212003410      31618       5430    32 2454030.339734  5.562303e+00  2.137754e-03  5.993801e+00  2.320932e-01 
   88546153   5.401157e+03   1.646451e+01   4.952792e+03   3.142010e+03 223200610212003410        591       5536    32 2454030.339734  5.668783e+00  3.309693e-03  5.762875e+00  6.887845e-01 
   89163819   2.064070e+03   3.380518e+00   3.475397e+03   5.445582e+02 222200610282338460      31318       5326    32 2454037.488646  6.713189e+00  1.778217e-03  6.147489e+00  1.701240e-01 
   89163819   1.815468e+03   3.800317e+00   2.269717e+03   9.400934e+02 223200610282338460        465       5150    32 2454037.488646  6.852529e+00  2.272778e-03  6.610071e+00  4.497024e-01 
   90181717   3.518134e+03   7.067082e+00   3.699362e+03   1.712059e+03 223200611091824590        611       5639    32 2454049.269873  6.134219e+00  2.180990e-03  6.079683e+00  5.024787e-01 
   90182994   1.988042e+03   7.755971e+00   3.606290e+03   7.690084e+02 222200611091846170      31638       5431    32 2454049.284653  6.753936e+00  4.235811e-03  6.107348e+00  2.315241e-01 
   90182994   1.718890e+03   8.555581e+00   2.069201e+03   1.152138e+03 223200611091846170        612       5551    32 2454049.284653  6.911880e+00  5.404149e-03  6.710494e+00  6.045437e-01 
   90183032   3.530480e+03   1.158336e+01   5.013863e+03   1.224795e+03 222200611091846540      31637       5432    32 2454049.285093  6.130415e+00  3.562270e-03  5.749569e+00  2.652264e-01 
   90183032   3.812536e+03   1.575976e+01   3.922114e+03   1.841613e+03 223200611091846540        612       5551    32 2454049.285093  6.046965e+00  4.488090e-03  6.016200e+00  5.098049e-01 
  111899502   1.812023e+03   3.840876e+00   2.403440e+03   4.131329e+02 222200707190306360      30165       2673    32 2454300.633125  6.854590e+00  2.301401e-03  6.547917e+00  1.866304e-01 
  111904212   3.144128e+03   1.997673e+01   3.814015e+03   2.160363e+03 222200707190425050      30147       2683    32 2454300.687639  6.256249e+00  6.898425e-03  6.046544e+00  6.149930e-01 
  111904250   7.183624e+02   6.125796e+00   1.106200e+03   3.734181e+02 222200707190425430      30150       2667    32 2454300.688079  7.859141e+00  9.258589e-03  7.390416e+00  3.665114e-01 
  111983171   3.478769e+03   8.802565e+00   4.380980e+03   9.003428e+02 222200707200220590      30158       2600    32 2454301.601516  6.146436e+00  2.747321e-03  5.896072e+00  2.231323e-01 
  117250656   1.763355e+03   5.064946e+00   3.021872e+03   1.115711e+03 222200709190130100      30145       2546    32 2454362.567778  6.884151e+00  3.118608e-03  6.299310e+00  4.008680e-01 
  117250694   1.360683e+03   3.811380e+00   2.532686e+03   7.847125e+02 222200709190130480      30143       2545    32 2454362.568218  7.165608e+00  3.041243e-03  6.491047e+00  3.363993e-01 
  119224897   3.112129e+03   9.290771e+00   3.531626e+03   9.732537e+02 222200710112155160      30144       2621    32 2454385.417789  6.267356e+00  3.241306e-03  6.130063e+00  2.992107e-01 
  119224935   2.419793e+03   5.566805e+00   3.339011e+03   6.410394e+02 222200710112155540      30143       2618    32 2454385.418229  6.540555e+00  2.497777e-03  6.190955e+00  2.084456e-01 
  119232769   2.161294e+03   3.031297e+01   1.393612e+03   9.870801e+02 222200710120006280      30169       2448    32 2454385.508900  6.663215e+00  1.522791e-02  7.139645e+00  7.690175e-01 
