\OBJNAME = '1SWASP J204511.72-350959.0'
\OBSSTART = '2006-06-01T22:10:08'
\OBSSTOP = '2008-05-14T23:46:20'
\TSTART = 76284913
\TSTOP = 137893761
\JD_REF = 2453005.5
\RA_OBJ = '311.298839'
\DEC_OBJ = '-35.166408'
\WASP_MAG = 7.050426
\HJD_START = 2453888.427234
\HJD_STOP = 2454601.492604
\fixlen = T
\NUMRECORDS = 105
\
\ This file was produced by the NASA Exoplanet Archive  http://exoplanetarchive.ipac.caltech.edu 
\ Fri Sep 13, 23:05:49 2013
\ Documentation for the SuperWASP dataset can be found at http://exoplanetarchive.ipac.caltech.edu/docs/SuperWASPMission.html
\
|TMID      |FLUX2         |FLUX2_ERR     |TAMFLUX2      |TAMFLUX2_ERR  |IMAGEID           |CCDX      |CCDY      |FLAG |           HJD|         MAG2|     MAG2_ERR|      TAMMAG2|  TAMMAG2_ERR|
|int       |float         |float         |float         |float         |char              |int       |int       |int  |        double|        float|        float|        float|        float|
|sec       |micro Vega    |micro Vega    |micro Vega    |micro Vega    |                  |1/16 pixel|1/16 pixel|     |           day|          mag|          mag|          mag|          mag|
|null      |null          |null          |null          |null          |null              |null      |null      |null |          null|         null|         null|         null|         null|
   76284913   1.636735e+03   2.422149e+00   1.659510e+03   9.291354e+01 221200606012210080      15488      26562    32 2453888.427234  6.965054e+00  1.606750e-03  6.950050e+00  6.078898e-02 
   76284950   1.596291e+03   2.376230e+00   1.632699e+03   1.182517e+02 221200606012210450      15487      26562    32 2453888.427662  6.992220e+00  1.616226e-03  6.967735e+00  7.863706e-02 
   76286677   1.549879e+03   2.135336e+00   1.426751e+03   1.950616e+02 221200606012239320      15400      26621    32 2453888.447650  7.024255e+00  1.495871e-03  7.114129e+00  1.484394e-01 
   76567067   1.016079e+03   2.720479e+00   1.208179e+03   4.056087e+02 221200606050432200      15129      27322    32 2453891.692905  7.482682e+00  2.906992e-03  7.294672e+00  3.645035e-01 
   78898716   1.099981e+03   2.164839e+00   1.358997e+03   4.588143e+02 221200607020410590      15300      27266    32 2453918.679583  7.396537e+00  2.136811e-03  7.166954e+00  3.665594e-01 
   78899870   1.483712e+03   2.557529e+00   1.572838e+03   5.134383e+02 221200607020430130      15343      27246    32 2453918.692940  7.071626e+00  1.871530e-03  7.008290e+00  3.544297e-01 
   78900230   6.283099e+02   2.519352e+00   8.368125e+02   3.506177e+02 221200607020436120      15357      27240    32 2453918.697106  8.004565e+00  4.353522e-03  7.693429e+00  4.549164e-01 
   79127431   1.641891e+03   3.327468e+00   1.791341e+03   1.350434e+02 221200607041942440      15542      26467    32 2453921.326748  6.961639e+00  2.200368e-03  6.867054e+00  8.185044e-02 
   79127840   1.505131e+03   2.907606e+00   1.832359e+03   2.057132e+02 221200607041949330      15519      26548    32 2453921.331481  7.056065e+00  2.097428e-03  6.842474e+00  1.218926e-01 
   79130986   1.701814e+03   3.537652e+00   1.799639e+03   5.796328e+01 221200607042041590      15358      26669    32 2453921.367894  6.922719e+00  2.256986e-03  6.862036e+00  3.496981e-02 
   79132409   1.747999e+03   3.625472e+00   1.781879e+03   8.778549e+01 221200607042105430      15298      26726    32 2453921.384363  6.893647e+00  2.251901e-03  6.872805e+00  5.348973e-02 
   79132851   1.800548e+03   4.235850e+00   1.801446e+03   3.161526e+01 221200607042113050      15280      26744    32 2453921.389479  6.861488e+00  2.554240e-03  6.860947e+00  1.905466e-02 
   79132890   1.851689e+03   4.514851e+00   1.848064e+03   4.018707e+01 221200607042113430      15279      26743    32 2453921.389931  6.831080e+00  2.647288e-03  6.833207e+00  2.360995e-02 
   79133321   1.715067e+03   6.809842e+00   1.775802e+03   8.032039e+02 221200607042120540      15259      26768    32 2453921.394919  6.914297e+00  4.311036e-03  6.876513e+00  4.910854e-01 
   79133359   1.665167e+03   6.728032e+00   1.776447e+03   7.900132e+02 221200607042121320      15258      26767    32 2453921.395359  6.946355e+00  4.386883e-03  6.876119e+00  4.828452e-01 
   79214259   1.605554e+03   3.512366e+00   1.634710e+03   2.514169e+02 221200607051949500      15519      26546    32 2453922.331701  6.985938e+00  2.375204e-03  6.966398e+00  1.669859e-01 
   79214292   1.733514e+03   4.760620e+00   1.555364e+03   4.707005e+02 221200607051950230      15517      26546    32 2453922.332083  6.902682e+00  2.981687e-03  7.020420e+00  3.285779e-01 
   79214448   1.714417e+03   3.014049e+00   1.681996e+03   9.135366e+01 221200607051952590      15510      26551    32 2453922.333889  6.914709e+00  1.908796e-03  6.935438e+00  5.896941e-02 
   79215203   2.512065e+03   6.887913e+00   1.809821e+03   7.281725e+02 221200607052005330      15474      26572    32 2453922.342627  6.499923e+00  2.977026e-03  6.855911e+00  4.368421e-01 
   79215241   1.290214e+03   6.304986e+00   1.436045e+03   7.757709e+02 221200607052006110      15472      26572    32 2453922.343067  7.223346e+00  5.305769e-03  7.107080e+00  5.865315e-01 
   79215391   9.832278e+02   7.113877e+00   1.171520e+03   7.578480e+02 221200607052008410      15466      26577    32 2453922.344803  7.518364e+00  7.855576e-03  7.328125e+00  7.023574e-01 
   79215427   1.892314e+03   1.125850e+01   1.512983e+03   1.195633e+03 221200607052009180      15464      26578    32 2453922.345220  6.807517e+00  6.459712e-03  7.050415e+00  8.580050e-01 
   79215586   1.404921e+03   9.694605e+00   1.512295e+03   1.261384e+03 221200607052011570      15457      26582    32 2453922.347060  7.130870e+00  7.492109e-03  7.050909e+00  9.056008e-01 
   79215625   1.133287e+03   7.253931e+00   1.498343e+03   8.640723e+02 221200607052012350      15456      26580    32 2453922.347512  7.364150e+00  6.949590e-03  7.060972e+00  6.261303e-01 
   79218218   2.346041e+03   5.337150e+00   1.794541e+03   5.150885e+02 221200607052055490      15309      26705    32 2453922.377523  6.574161e+00  2.470016e-03  6.865117e+00  3.116408e-01 
   80964564   1.462273e+03   2.565529e+00   1.445216e+03   4.242512e+02 221200607260201040      15237      27295    32 2453942.589861  7.087429e+00  1.904910e-03  7.100168e+00  3.187249e-01 
   81127949   1.895939e+03   2.662930e+00   1.747542e+03   2.680219e+02 221200607272324100      15059      27120    32 2453944.480891  6.805439e+00  1.524970e-03  6.893931e+00  1.665208e-01 
   81127987   1.577682e+03   2.804415e+00   1.608292e+03   3.263392e+02 221200607272324480      15059      27122    32 2453944.481331  7.004951e+00  1.929961e-03  6.984087e+00  2.203079e-01 
   81129144   1.682818e+03   2.658920e+00   1.672304e+03   3.372096e+02 221200607272344050      15068      27148    32 2453944.494722  6.934907e+00  1.715512e-03  6.941711e+00  2.189326e-01 
   81129183   1.552354e+03   3.408030e+00   1.342926e+03   3.073230e+02 221200607272344430      15068      27150    32 2453944.495174  7.022523e+00  2.383627e-03  7.179870e+00  2.484671e-01 
   81131061   1.502304e+03   6.271682e+00   1.458243e+03   6.186933e+02 221200607280016010      15096      27253    32 2453944.516910  7.058105e+00  4.532649e-03  7.090425e+00  4.606502e-01 
   81131093   1.888803e+03   5.428387e+00   1.801684e+03   5.072650e+02 221200607280016330      15097      27255    32 2453944.517280  6.809534e+00  3.120398e-03  6.860803e+00  3.056906e-01 
   81132516   1.906454e+03   9.094660e+00   2.097644e+03   1.367092e+03 221200607280040170      15115      27220    32 2453944.533750  6.799434e+00  5.179477e-03  6.695671e+00  7.076061e-01 
   81132556   1.501446e+03   1.145169e+01   1.602165e+03   7.281085e+02 221200607280040560      15116      27221    32 2453944.534213  7.058726e+00  8.281058e-03  6.988232e+00  4.934178e-01 
   81133917   1.763370e+03   3.151596e+00   1.706099e+03   5.173802e+02 221200607280103370      15148      27297    32 2453944.549965  6.884141e+00  1.940497e-03  6.919990e+00  3.292543e-01 
   81133954   1.852429e+03   3.664760e+00   1.711959e+03   5.783450e+02 221200607280104140      15149      27298    32 2453944.550394  6.830646e+00  2.147978e-03  6.916266e+00  3.667916e-01 
   81134786   1.698800e+03   2.218143e+00   1.671161e+03   2.830777e+02 221200607280118060      15168      27298    32 2453944.560023  6.924644e+00  1.417664e-03  6.942454e+00  1.839133e-01 
   81136149   5.631879e+02   2.113349e+00   7.933676e+02   3.797428e+02 221200607280140500      15206      27303    32 2453944.575799  8.123366e+00  4.074214e-03  7.751314e+00  5.196859e-01 
   81137558   1.805618e+03   2.850057e+00   1.688070e+03   4.051551e+02 221200607280204180      15254      27292    32 2453944.592106  6.858435e+00  1.713774e-03  6.931524e+00  2.605894e-01 
   81137596   1.746553e+03   3.348599e+00   1.669454e+03   4.619251e+02 221200607280204560      15256      27293    32 2453944.592546  6.894546e+00  2.081648e-03  6.943564e+00  3.004159e-01 
   81138381   1.830425e+03   4.812995e+00   1.602973e+03   5.506608e+02 221200607280218020      15276      27263    32 2453944.601632  6.843620e+00  2.854890e-03  6.987685e+00  3.729786e-01 
   81138414   1.787294e+03   4.236620e+00   1.721080e+03   6.373030e+02 221200607280218350      15277      27263    32 2453944.602014  6.869510e+00  2.573649e-03  6.910497e+00  4.020413e-01 
   81140420   1.520003e+03   5.179565e+00   1.591248e+03   5.909133e+02 221200607280252010      15359      27158    32 2453944.625231  7.045389e+00  3.699770e-03  6.995656e+00  4.031919e-01 
   81140459   1.543116e+03   4.517313e+00   1.565812e+03   5.210599e+02 221200607280252390      15360      27157    32 2453944.625683  7.029004e+00  3.178393e-03  7.013151e+00  3.613048e-01 
   81373401   1.001707e+03   7.292886e+00   1.190181e+03   3.913458e+02 221200607301935030      15287      26737    32 2453947.321771  7.498148e+00  7.904685e-03  7.310967e+00  3.570042e-01 
   81373431   5.067751e+02   5.656196e+00   8.485128e+02   3.652133e+02 221200607301935330      15286      26739    32 2453947.322118  8.237962e+00  1.211811e-02  7.678354e+00  4.673197e-01 
   81380240   1.244378e+03   2.313778e+00   1.465177e+03   4.594518e+02 221200607302129010      15079      27039    32 2453947.400926  7.262619e+00  2.018809e-03  7.085275e+00  3.404675e-01 
   81386920   9.078636e+02   2.413910e+00   1.406847e+03   6.022002e+02 221200607302320220      15057      27126    32 2453947.478241  7.604949e+00  2.886863e-03  7.129383e+00  4.647504e-01 
   81391710   1.490973e+03   2.193210e+00   1.611773e+03   4.408627e+02 221200607310040120      15128      27298    32 2453947.533681  7.066326e+00  1.597116e-03  6.981740e+00  2.969787e-01 
   81391749   1.926750e+03   2.939165e+00   1.821206e+03   5.534350e+02 221200607310040500      15129      27300    32 2453947.534132  6.787937e+00  1.656245e-03  6.849102e+00  3.299388e-01 
   81392382   8.334254e+02   2.420959e+00   9.030897e+02   3.435463e+02 221200607310051230      15144      27304    32 2453947.541458  7.697833e+00  3.153891e-03  7.610673e+00  4.130287e-01 
   81392419   1.550371e+03   3.372665e+00   1.627781e+03   6.628010e+02 221200607310052010      15145      27304    32 2453947.541887  7.023911e+00  2.361910e-03  6.971010e+00  4.420923e-01 
   81393331   1.809602e+03   3.430519e+00   1.770736e+03   5.948395e+02 221200607310107120      15167      27307    32 2453947.552442  6.856042e+00  2.058271e-03  6.879616e+00  3.647303e-01 
   83007530   1.565005e+03   2.905884e+00   1.636486e+03   3.572428e+02 221200608181731040      15380      26562    32 2453966.235301  7.013711e+00  2.015990e-03  6.965219e+00  2.370157e-01 
   83007567   1.249086e+03   2.750051e+00   1.436608e+03   4.126408e+02 221200608181731420      15379      26563    32 2453966.235729  7.258519e+00  2.390419e-03  7.106654e+00  3.118600e-01 
   83007845   8.337938e+02   8.638183e+00   8.508581e+02   4.430329e+02 221200608181736200      15366      26575    32 2453966.238947  7.697353e+00  1.124837e-02  7.675357e+00  5.653335e-01 
   83007882   2.369510e+03   1.494895e+01   1.316801e+03   6.426608e+02 221200608181736570      15364      26575    32 2453966.239375  6.563354e+00  6.849799e-03  7.201200e+00  5.298922e-01 
   83009820   1.523733e+03   3.054428e+00   1.238596e+03   3.364485e+02 221200608181809140      15286      26714    32 2453966.261806  7.042727e+00  2.176441e-03  7.267676e+00  2.949272e-01 
   83010620   2.464590e+02   1.704806e+00   4.014627e+02   2.112897e+02 221200608181822350      15255      26746    32 2453966.271065  9.020638e+00  7.510280e-03  8.490887e+00  5.714245e-01 
   83014104   1.166371e+03   1.881553e+00   1.344423e+03   2.790283e+02 221200608181920400      15123      26896    32 2453966.311389  7.332908e+00  1.751482e-03  7.178660e+00  2.253399e-01 
   83016306   1.109592e+03   1.504471e+00   1.597400e+03   4.123467e+02 221200608181957220      15069      26994    32 2453966.336875  7.387092e+00  1.472131e-03  6.991466e+00  2.802688e-01 
   83016793   9.796097e+02   1.675194e+00   1.663135e+03   6.442328e+02 221200608182005290      15061      27011    32 2453966.342512  7.522367e+00  1.856683e-03  6.947681e+00  4.205728e-01 
   83021478   1.807960e+03   3.183995e+00   1.617328e+03   3.994305e+02 221200608182123340      15018      27114    32 2453966.396736  6.857028e+00  1.912095e-03  6.978004e+00  2.681445e-01 
   83021516   1.689115e+03   3.831614e+00   1.412209e+03   4.678593e+02 221200608182124120      15018      27115    32 2453966.397176  6.930852e+00  2.462909e-03  7.125252e+00  3.597013e-01 
   83022037   1.992610e+03   4.510965e+00   1.396606e+03   4.450322e+02 221200608182132520      15016      27132    32 2453966.403206  6.751444e+00  2.457950e-03  7.137316e+00  3.459740e-01 
   83028397   1.694712e+03   2.927835e+00   1.633050e+03   3.327396e+02 221200608182318530      15089      27266    32 2453966.476817  6.927260e+00  1.875757e-03  6.967502e+00  2.212233e-01 
   83028435   1.707199e+03   2.764784e+00   1.687057e+03   2.943096e+02 221200608182319300      15090      27266    32 2453966.477257  6.919290e+00  1.758341e-03  6.932176e+00  1.894090e-01 
   83706913   1.846057e+03   2.843671e+00   1.801129e+03   4.596255e+02 221200608261947560      15054      27005    32 2453974.330012  6.834387e+00  1.672477e-03  6.861138e+00  2.770672e-01 
   83706951   1.649126e+03   2.515339e+00   1.633309e+03   3.930438e+02 221200608261948340      15053      27006    32 2453974.330451  6.956865e+00  1.656032e-03  6.967329e+00  2.612753e-01 
  106613878   1.929294e+03   4.728847e+00   1.753521e+03   3.672837e+02 221200705182254320      13845      26384    32 2454239.456921  6.786504e+00  2.661231e-03  6.890223e+00  2.274136e-01 
  106614370   1.608471e+03   6.783154e+00   1.519169e+03   4.745026e+02 221200705182302440      13825      26394    32 2454239.462616  6.983967e+00  4.578724e-03  7.045985e+00  3.391238e-01 
  106614407   3.808847e+03   1.335902e+01   2.707453e+03   1.432366e+03 221200705182303210      13821      26397    32 2454239.463044  6.048016e+00  3.808089e-03  6.418598e+00  5.744060e-01 
  106614934   8.413999e+02   2.613406e+00   9.447933e+02   4.880731e+02 221200705182312080      13796      26412    32 2454239.469144  7.687494e+00  3.372331e-03  7.561658e+00  5.608850e-01 
  106615424   1.191733e+03   2.911462e+00   1.442423e+03   4.021483e+02 221200705182320190      13774      26431    32 2454239.474815  7.309553e+00  2.652516e-03  7.102269e+00  3.027050e-01 
  106615462   1.614754e+03   3.630839e+00   1.821042e+03   4.278612e+02 221200705182320570      13772      26431    32 2454239.475255  6.979734e+00  2.441329e-03  6.849200e+00  2.550991e-01 
  106615951   1.229274e+03   3.565226e+00   1.447074e+03   5.263846e+02 221200705182329060      13752      26445    32 2454239.480914  7.275878e+00  3.148938e-03  7.098773e+00  3.949465e-01 
  106615989   1.474909e+03   3.469197e+00   1.677156e+03   5.612839e+02 221200705182329440      13749      26447    32 2454239.481354  7.078087e+00  2.553816e-03  6.938566e+00  3.633582e-01 
  106616481   1.729334e+03   3.438715e+00   1.749027e+03   4.588702e+02 221200705182337550      13729      26463    32 2454239.487049  6.905303e+00  2.158953e-03  6.893009e+00  2.848520e-01 
  106616519   2.074724e+03   5.029737e+00   1.881635e+03   5.678456e+02 221200705182338330      13728      26459    32 2454239.487488  6.707599e+00  2.632151e-03  6.813662e+00  3.276580e-01 
  107399266   1.676812e+03   1.992885e+00   1.606131e+03   3.231862e+02 221200705280103150      13497      26755    32 2454248.547060  6.938789e+00  1.290397e-03  6.985548e+00  2.184729e-01 
  107399714   1.753900e+03   2.492624e+00   1.767581e+03   5.833431e+02 221200705280110420      13492      26777    32 2454248.552245  6.889988e+00  1.543042e-03  6.881551e+00  3.583195e-01 
  107399751   1.662856e+03   2.571493e+00   1.695739e+03   5.442628e+02 221200705280111200      13490      26781    32 2454248.552674  6.947864e+00  1.679022e-03  6.926602e+00  3.484781e-01 
  107400125   1.488176e+03   3.416599e+00   1.303942e+03   4.811922e+02 221200705280117340      13485      26785    32 2454248.557002  7.068365e+00  2.492675e-03  7.211855e+00  4.006695e-01 
  107400163   1.989223e+03   4.045522e+00   1.576950e+03   5.350667e+02 221200705280118120      13483      26789    32 2454248.557442  6.753291e+00  2.208091e-03  7.005455e+00  3.683968e-01 
  107405084   1.418449e+03   1.889432e+00   1.834280e+03   4.135593e+02 221200705280240130      13433      26967    32 2454248.614398  7.120466e+00  1.446250e-03  6.841336e+00  2.447924e-01 
  107405122   1.637026e+03   2.456356e+00   1.916015e+03   5.487190e+02 221200705280240510      13433      26967    32 2454248.614838  6.964861e+00  1.629152e-03  6.794003e+00  3.109402e-01 
  107405342   1.433351e+03   3.522997e+00   1.429942e+03   3.685311e+02 221200705280244300      13431      26912    32 2454248.617384  7.109118e+00  2.668612e-03  7.111704e+00  2.798218e-01 
  107405380   2.329137e+03   3.472249e+00   1.607060e+03   4.466967e+02 221200705280245080      13430      26913    32 2454248.617824  6.582012e+00  1.618607e-03  6.984920e+00  3.017912e-01 
  107405636   1.423411e+03   2.569200e+00   1.522936e+03   4.050082e+02 221200705280249250      13429      26918    32 2454248.620787  7.116674e+00  1.959716e-03  7.043296e+00  2.887408e-01 
  107405918   1.224691e+03   3.444175e+00   1.583969e+03   6.342776e+02 221200705280254060      13427      26928    32 2454248.624051  7.279933e+00  3.053405e-03  7.000633e+00  4.347689e-01 
  107405956   1.656789e+03   6.240514e+00   1.948655e+03   8.690539e+02 221200705280254440      13427      26927    32 2454248.624491  6.951832e+00  4.089582e-03  6.775662e+00  4.842142e-01 
  111894771   2.010536e+03   9.878922e+00   1.748727e+03   9.395444e+02 221200707190144350      14145      26858    32 2454300.578368  6.741720e+00  5.334866e-03  6.893195e+00  5.833393e-01 
  111894808   2.415690e+03   1.069977e+01   1.918558e+03   1.008547e+03 221200707190145120      14145      26857    32 2454300.578796  6.542397e+00  4.809048e-03  6.792562e+00  5.707512e-01 
  111899396   2.664159e+02   7.139803e+00   6.815647e+02   5.478237e+02 221200707190301410      14161      26818    32 2454300.631898  8.936100e+00  2.909726e-02  7.916232e+00  8.726892e-01 
  111983100   9.678197e+02   8.153098e+00   1.527056e+03   1.107580e+03 221200707200216440      14143      26859    32 2454301.600694  7.535514e+00  9.146481e-03  7.040363e+00  7.874922e-01 
  111983138   1.411258e+03   1.027644e+01   2.129553e+03   1.442214e+03 221200707200217220      14143      26858    32 2454301.601134  7.125984e+00  7.906092e-03  6.679279e+00  7.353042e-01 
  111987147   5.032684e+02   1.167885e+01   1.393904e+03   9.722603e+02 221200707200324110      14179      26811    32 2454301.647535  8.245501e+00  2.519569e-02  7.139418e+00  7.573132e-01 
  115673642   3.403365e+02   8.829546e+00   4.299922e+02   2.379729e+02 221200708311927060      14260      26867    32 2454344.315301  8.670229e+00  2.816798e-02  8.416348e+00  6.008869e-01 
  119127459   1.073214e+03   3.758692e+00   1.552211e+03   4.788997e+02 221200710101855030      14231      26765    32 2454384.290035  7.423284e+00  3.802560e-03  7.022623e+00  3.349805e-01 
  119127497   1.481453e+03   3.142952e+00   1.648102e+03   3.028049e+02 221200710101855410      14232      26767    32 2454384.290475  7.073280e+00  2.303433e-03  6.957540e+00  1.994824e-01 
  137804828   8.889288e+02   5.364710e+00   7.997219e+02   6.608011e+02 221200805132304160      14401      26901    32 2454600.463287  7.627832e+00  6.552471e-03  7.742652e+00  8.971347e-01 
  137804866   2.471080e+03   6.819434e+00   2.189394e+03   1.772565e+03 221200805132304540      14399      26899    32 2454600.463727  6.517783e+00  2.996314e-03  6.649190e+00  8.790306e-01 
  137891282   1.762468e+03   3.990633e+00   1.469453e+03   1.295319e+03 221200805142305020      14416      26834    32 2454601.463912  6.884697e+00  2.458365e-03  7.082111e+00  9.570769e-01 
  137891320   1.913013e+03   4.250373e+00   1.534012e+03   1.342527e+03 221200805142305400      14415      26832    32 2454601.464352  6.795705e+00  2.412320e-03  7.035428e+00  9.502112e-01 
  137893761   1.416895e+03   3.472603e+00   1.351790e+03   1.114088e+03 221200805142346200      14284      26872    32 2454601.492604  7.121655e+00  2.660990e-03  7.172727e+00  8.948215e-01 
