\OBJNAME = '1SWASP J155512.37+262910.5'
\OBSSTART = '2004-05-18T22:36:37'
\OBSSTOP = '2006-08-07T21:07:14'
\TSTART = 12004960
\TSTOP = 82069670
\JD_REF = 2453005.5
\RA_OBJ = '238.801556'
\DEC_OBJ = '26.486264'
\WASP_MAG = 8.283514
\HJD_START = 2453144.446296
\HJD_STOP = 2453955.380440
\fixlen = T
\NUMRECORDS = 459
\
\ This file was produced by the NASA Exoplanet Archive  http://exoplanetarchive.ipac.caltech.edu 
\ Sat Sep 14, 18:55:26 2013
\ Documentation for the SuperWASP dataset can be found at http://exoplanetarchive.ipac.caltech.edu/docs/SuperWASPMission.html
\
|TMID      |FLUX2         |FLUX2_ERR     |TAMFLUX2      |TAMFLUX2_ERR  |IMAGEID           |CCDX      |CCDY      |FLAG |           HJD|         MAG2|     MAG2_ERR|      TAMMAG2|  TAMMAG2_ERR|
|int       |float         |float         |float         |float         |char              |int       |int       |int  |        double|        float|        float|        float|        float|
|sec       |micro Vega    |micro Vega    |micro Vega    |micro Vega    |                  |1/16 pixel|1/16 pixel|     |           day|          mag|          mag|          mag|          mag|
|null      |null          |null          |null          |null          |null              |null      |null      |null |          null|         null|         null|         null|         null|
   12004960   4.241037e+02   2.449553e+00   5.041447e+02   1.386466e+02 101200405182236370       8198      27863    32 2453144.446296  8.431320e+00  6.271055e-03  8.243612e+00  2.985932e-01 
   12005260   4.463756e+02   2.872328e+00   5.310313e+02   1.852838e+02 101200405182241370       8184      27851    32 2453144.449769  8.375749e+00  6.986495e-03  8.187200e+00  3.788290e-01 
   12008441   4.986439e+02   8.454985e-01   5.998605e+02   1.309571e+02 101200405182334390       8040      27745    32 2453144.486586  8.255524e+00  1.840976e-03  8.054874e+00  2.370308e-01 
   12008801   4.394886e+02   6.142252e-01   4.951250e+02   1.984790e+01 101200405182340390       8029      27706    32 2453144.490752  8.392631e+00  1.517420e-03  8.263213e+00  4.352368e-02 
   12179160   3.631607e+02   4.582309e-01   4.429508e+02   4.195562e+01 101200405202259590       8097      27770    32 2453146.462500  8.599752e+00  1.369971e-03  8.384111e+00  1.028396e-01 
   12181741   4.605981e+02   6.414267e-01   5.246326e+02   4.873195e+01 101200405202343000       7998      27685    32 2453146.492373  8.341695e+00  1.511996e-03  8.200362e+00  1.008520e-01 
   12187337   4.452115e+02   5.021244e-01   4.994589e+02   2.120861e+01 101200405210116160       7881      27387    32 2453146.557141  8.378584e+00  1.224534e-03  8.253751e+00  4.610398e-02 
   12188005   4.284894e+02   4.539736e-01   5.023452e+02   1.681757e+01 101200405210127250       7874      27377    32 2453146.564873  8.420150e+00  1.150314e-03  8.247495e+00  3.634853e-02 
   12189927   4.222154e+02   4.436981e-01   4.853366e+02   1.037781e+01 101200405210159270       7861      27268    32 2453146.587118  8.436165e+00  1.140984e-03  8.284892e+00  2.321607e-02 
   12190287   3.309572e+02   4.888189e-01   4.376245e+02   5.573519e+01 101200405210205270       7859      27240    32 2453146.591285  8.700570e+00  1.603622e-03  8.397246e+00  1.382782e-01 
   12191678   4.314380e+02   5.892524e-01   5.072426e+02   2.414473e+01 101200405210228380       7858      27187    32 2453146.607384  8.412704e+00  1.482889e-03  8.236960e+00  5.168119e-02 
   12192879   4.525092e+02   6.760268e-01   5.559738e+02   4.654606e+01 101200405210248390       7871      27137    32 2453146.621285  8.360931e+00  1.622043e-03  8.137364e+00  9.089801e-02 
   12193239   4.387606e+02   5.261429e-01   5.027662e+02   1.711023e+01 101200405210254390       7876      27124    32 2453146.625451  8.394431e+00  1.301973e-03  8.246585e+00  3.695009e-02 
   12193600   3.559370e+02   6.903556e-01   4.595467e+02   6.257391e+01 101200405210300400       7884      27095    32 2453146.629630  8.621568e+00  2.105841e-03  8.344176e+00  1.478392e-01 
   12193960   3.380532e+02   7.640211e-01   5.577325e+02   1.318847e+02 101200405210306400       7891      27076    32 2453146.633796  8.677537e+00  2.453839e-03  8.133935e+00  2.567405e-01 
   12194320   4.640450e+02   5.848982e-01   5.161770e+02   4.311898e+01 101200405210312390       7898      27053    32 2453146.637963  8.333600e+00  1.368504e-03  8.218003e+00  9.069757e-02 
   12194630   4.089267e+02   4.643204e-01   5.028704e+02   2.577797e+01 101200405210317490       7890      27017    32 2453146.641551  8.470886e+00  1.232816e-03  8.246360e+00  5.565683e-02 
   12196191   4.130777e+02   5.445184e-01   4.925260e+02   1.938066e+01 101200405210343510       7930      26931    32 2453146.659618  8.459921e+00  1.431221e-03  8.268927e+00  4.272334e-02 
   12196552   4.446801e+02   5.785571e-01   4.980461e+02   2.872885e+01 101200405210349520       7938      26922    32 2453146.663796  8.379881e+00  1.412617e-03  8.256826e+00  6.262885e-02 
   12196912   4.475147e+02   5.588362e-01   5.025864e+02   2.143489e+01 101200405210355510       7951      26893    32 2453146.667963  8.372982e+00  1.355823e-03  8.246973e+00  4.630591e-02 
   12197993   4.322642e+02   1.830546e+00   5.282861e+02   1.695888e+02 101200405210413520       7983      26825    32 2453146.680475  8.410626e+00  4.597875e-03  8.192827e+00  3.485410e-01 
   12198661   2.194088e+02   9.288891e+00   2.324156e+02   1.647934e+02 101200405210425010       8003      26904    32 2453146.688206  9.146865e+00  4.596588e-02  9.084336e+00  7.698399e-01 
   12199864   3.936466e+02   4.868818e-01   5.097623e+02   5.641580e+01 101200405210445040       8050      26801    32 2453146.702130  8.512234e+00  1.342897e-03  8.231581e+00  1.201597e-01 
   12200225   4.212358e+02   5.188322e-01   5.135046e+02   3.799867e+01 101200405210451040       8063      26785    32 2453146.706308  8.438687e+00  1.337296e-03  8.223639e+00  8.034334e-02 
   12200585   4.508358e+02   2.571987e+00   5.404625e+02   1.815332e+02 101200405210457040       8081      26767    32 2453146.710475  8.364954e+00  6.194072e-03  8.168086e+00  3.646837e-01 
   12200946   3.772122e+02   3.810128e+00   4.588536e+02   2.275106e+02 101200405210503050       8095      26757    32 2453146.714653  8.558536e+00  1.096679e-02  8.345815e+00  5.383359e-01 
   18744477   3.318647e+02   7.009409e-01   3.855063e+02   7.073095e+01 101200408042247070       7887      27022    32 2453222.449965  8.697598e+00  2.293223e-03  8.534922e+00  1.992067e-01 
   19697461   2.605916e+01   2.852287e+00   3.882897e+01   2.507300e+01 101200408152331160       8101      26807    32 2453233.479873  1.146010e+01  1.188389e-01  1.102711e+01  7.010941e-01 
   73179312   5.196007e+02   5.108259e-01   5.060536e+02   2.959457e+01 141200604262329130       9085      21854    32 2453852.482778  8.210826e+00  1.067404e-03  8.239509e+00  6.349526e-02 
   73179702   5.179847e+02   5.098977e-01   5.043762e+02   2.962554e+01 141200604262335440       9075      21895    32 2453852.487292  8.214208e+00  1.068789e-03  8.243114e+00  6.377311e-02 
   73180098   5.192442e+02   5.101398e-01   5.061188e+02   2.920991e+01 141200604262342200       9061      21939    32 2453852.491875  8.211571e+00  1.066703e-03  8.239368e+00  6.266190e-02 
   73180636   5.223074e+02   5.117060e-01   5.087473e+02   2.962189e+01 141200604262351180       9053      21993    32 2453852.498102  8.205185e+00  1.063703e-03  8.233745e+00  6.321738e-02 
   73181033   5.205059e+02   5.083892e-01   5.074041e+02   3.019276e+01 141200604262357550       9029      22032    32 2453852.502697  8.208936e+00  1.060465e-03  8.236615e+00  6.460628e-02 
   73181423   5.224644e+02   5.069969e-01   5.095732e+02   3.032178e+01 141200604270004240       9007      22074    32 2453852.507211  8.204858e+00  1.053597e-03  8.231983e+00  6.460615e-02 
   73181830   5.248680e+02   5.076756e-01   5.120098e+02   3.007375e+01 141200604270011120       8980      22115    32 2453852.511921  8.199875e+00  1.050176e-03  8.226805e+00  6.377275e-02 
   73182289   5.215868e+02   5.069779e-01   5.091607e+02   2.990644e+01 141200604270018500       8931      22165    32 2453852.517234  8.206683e+00  1.055330e-03  8.232862e+00  6.377283e-02 
   73183317   5.221372e+02   5.073566e-01   5.098687e+02   3.033936e+01 141200604270035580       8852      22269    32 2453852.529132  8.205539e+00  1.055005e-03  8.231354e+00  6.460615e-02 
   73183968   5.223329e+02   5.104672e-01   5.106169e+02   3.012266e+01 141200604270046500       8823      22331    32 2453852.536667  8.205132e+00  1.061075e-03  8.229762e+00  6.405072e-02 
   73184702   5.201032e+02   5.108023e-01   5.073961e+02   2.993272e+01 141200604270059040       8763      22391    32 2453852.545162  8.209776e+00  1.066324e-03  8.236632e+00  6.405085e-02 
   73185420   5.216749e+02   5.101534e-01   5.093504e+02   3.017824e+01 141200604270111010       8702      22459    32 2453852.553472  8.206500e+00  1.061761e-03  8.232458e+00  6.432845e-02 
   73186063   5.184491e+02   5.138721e-01   5.077154e+02   2.995160e+01 141200604270121450       8624      22513    32 2453852.560914  8.213235e+00  1.076155e-03  8.235950e+00  6.405095e-02 
   73186702   5.197736e+02   5.090669e-01   5.077475e+02   2.982349e+01 141200604270132240       8578      22563    32 2453852.568310  8.210464e+00  1.063375e-03  8.235881e+00  6.377295e-02 
   73187275   5.197662e+02   5.078536e-01   5.086735e+02   3.026827e+01 141200604270141560       8495      22605    32 2453852.574942  8.210480e+00  1.060856e-03  8.233902e+00  6.460621e-02 
   73187979   5.194110e+02   5.086440e-01   5.075091e+02   2.967962e+01 141200604270153400       8425      22656    32 2453852.583090  8.211222e+00  1.063233e-03  8.236390e+00  6.349512e-02 
   73188601   5.223928e+02   5.120031e-01   5.095651e+02   2.953911e+01 141200604270204030       8342      22699    32 2453852.590289  8.205008e+00  1.064146e-03  8.232000e+00  6.293953e-02 
   73189171   5.200735e+02   5.078620e-01   5.083097e+02   2.972642e+01 141200604270213320       8255      22736    32 2453852.596887  8.209838e+00  1.060246e-03  8.234679e+00  6.349507e-02 
   73189749   5.208368e+02   5.105834e-01   5.091667e+02   3.055822e+01 141200604270223100       8197      22777    32 2453852.603576  8.208246e+00  1.064366e-03  8.232850e+00  6.516193e-02 
   73190244   5.201430e+02   5.079321e-01   5.079301e+02   2.983419e+01 141200604270231260       8146      22802    32 2453852.609306  8.209693e+00  1.060251e-03  8.235490e+00  6.377290e-02 
   73190752   5.161577e+02   5.083408e-01   5.040612e+02   2.973600e+01 141200604270239540       8048      22830    32 2453852.615185  8.218044e+00  1.069297e-03  8.243792e+00  6.405088e-02 
   73191258   5.193754e+02   5.124975e-01   5.070853e+02   3.030362e+01 141200604270248200       7992      22857    32 2453852.621042  8.211296e+00  1.071362e-03  8.237297e+00  6.488426e-02 
   73191909   5.201984e+02   5.118219e-01   5.077457e+02   2.917388e+01 141200604270259110       7903      22890    32 2453852.628576  8.209578e+00  1.068257e-03  8.235885e+00  6.238409e-02 
   73192420   5.195771e+02   5.096862e-01   5.071096e+02   2.913730e+01 141200604270307420       7792      22913    32 2453852.634491  8.210875e+00  1.065071e-03  8.237246e+00  6.238403e-02 
   73193004   5.201251e+02   5.121208e-01   5.084260e+02   2.973329e+01 141200604270317260       7709      22941    32 2453852.641250  8.209730e+00  1.069031e-03  8.234430e+00  6.349522e-02 
   73193445   5.191940e+02   5.144930e-01   5.064622e+02   2.974811e+01 141200604270324470       7658      22959    32 2453852.646354  8.211676e+00  1.075909e-03  8.238632e+00  6.377320e-02 
   73193893   5.200106e+02   5.152183e-01   5.077548e+02   2.995395e+01 141200604270332150       7599      22973    32 2453852.651539  8.209970e+00  1.075734e-03  8.235865e+00  6.405099e-02 
   73194337   5.198461e+02   5.179310e-01   5.075939e+02   2.968474e+01 141200604270339390       7498      22987    32 2453852.656678  8.210313e+00  1.081740e-03  8.236209e+00  6.349547e-02 
   73194837   5.159766e+02   5.160422e-01   5.041790e+02   2.896909e+01 141200604270347590       7422      23000    32 2453852.662465  8.218425e+00  1.085878e-03  8.243538e+00  6.238438e-02 
   73195278   5.205421e+02   5.194066e-01   5.085997e+02   2.974357e+01 141200604270355200       7362      23015    32 2453852.667569  8.208860e+00  1.083372e-03  8.234059e+00  6.349549e-02 
   73195875   5.232834e+02   5.223271e-01   5.121535e+02   3.204802e+01 141200604270405170       7262      23021    32 2453852.674479  8.203157e+00  1.083756e-03  8.226500e+00  6.794021e-02 
   73196311   5.195359e+02   5.207373e-01   5.079400e+02   2.957505e+01 141200604270412330       7155      23032    32 2453852.679525  8.210961e+00  1.088251e-03  8.235469e+00  6.321774e-02 
   73196755   5.180532e+02   5.201116e-01   5.064586e+02   2.987759e+01 141200604270419570       7091      23031    32 2453852.684664  8.214064e+00  1.090054e-03  8.238640e+00  6.405123e-02 
   73197136   5.191226e+02   5.198255e-01   5.075221e+02   2.942085e+01 141200604270426170       7044      23039    32 2453852.689074  8.211825e+00  1.087210e-03  8.236362e+00  6.293990e-02 
   73197503   5.215235e+02   5.230405e-01   5.099189e+02   2.982076e+01 141200604270432250       6952      23046    32 2453852.693322  8.206816e+00  1.088898e-03  8.231247e+00  6.349557e-02 
   73197943   5.215799e+02   5.333666e-01   5.089600e+02   2.859293e+01 141200604270439440       6882      23043    32 2453852.698414  8.206697e+00  1.110276e-03  8.233291e+00  6.099592e-02 
   73199590   5.319727e+02   5.928348e-01   5.232999e+02   5.658038e+01 141200604270507120       6585      23038    32 2453852.717477  8.185277e+00  1.209958e-03  8.203123e+00  1.173927e-01 
   73199955   5.687394e+02   7.529724e-01   5.860091e+02   1.126960e+02 141200604270513170       6514      23031    32 2453852.721701  8.112717e+00  1.437446e-03  8.080239e+00  2.087997e-01 
   73200361   5.219944e+02   7.953603e-01   5.127448e+02   6.488801e+01 141200604270520020       6453      23029    32 2453852.726400  8.205835e+00  1.654336e-03  8.225247e+00  1.374007e-01 
   73200660   4.904194e+02   7.740898e-01   4.674825e+02   3.894632e+01 141200604270525010       6421      23030    32 2453852.729861  8.273581e+00  1.713758e-03  8.325586e+00  9.045383e-02 
   73200974   5.140101e+02   8.129963e-01   4.920216e+02   4.866970e+01 141200604270530150       6340      23015    32 2453852.733495  8.222571e+00  1.717287e-03  8.270040e+00  1.073990e-01 
   73201281   5.297750e+02   9.742553e-01   5.020770e+02   5.737465e+01 141200604270535220       6308      23006    32 2453852.737049  8.189772e+00  1.996674e-03  8.248075e+00  1.240725e-01 
   73201592   5.593726e+02   1.404064e+00   5.177464e+02   9.560139e+01 141200604270540330       6230      23000    32 2453852.740648  8.130747e+00  2.725284e-03  8.214707e+00  2.004809e-01 
   73265891   6.357178e+02   6.213800e-01   6.260597e+02   1.807941e+02 141200604272332110       9068      27782    32 2453853.484850  7.991839e+00  1.061253e-03  8.008461e+00  3.135409e-01 
   73266286   6.369116e+02   6.166407e-01   6.259250e+02   1.839588e+02 141200604272338470       9053      27826    32 2453853.489421  7.989802e+00  1.051184e-03  8.008695e+00  3.190981e-01 
   73268523   6.365590e+02   6.115871e-01   6.243935e+02   1.787150e+02 141200604280016030       8925      28057    32 2453853.515312  7.990403e+00  1.043147e-03  8.011354e+00  3.107623e-01 
   73270955   6.364012e+02   6.133392e-01   6.227872e+02   1.745899e+02 141200604280056350       8750      28280    32 2453853.543461  7.990673e+00  1.046395e-03  8.014151e+00  3.043725e-01 
   73271664   6.380342e+02   6.118948e-01   6.257576e+02   1.747825e+02 141200604280108240       8686      28348    32 2453853.551667  7.987890e+00  1.041259e-03  8.008985e+00  3.032617e-01 
   73272289   6.308626e+02   6.080891e-01   6.175601e+02   1.712279e+02 141200604280118500       8608      28399    32 2453853.558900  8.000163e+00  1.046546e-03  8.023302e+00  3.010380e-01 
   73272926   6.322576e+02   6.097388e-01   6.190241e+02   1.698919e+02 141200604280129270       8564      28445    32 2453853.566273  7.997765e+00  1.047070e-03  8.020731e+00  2.979826e-01 
   73273496   6.310742e+02   6.082428e-01   6.187675e+02   1.687132e+02 141200604280138560       8479      28493    32 2453853.572870  7.999799e+00  1.046459e-03  8.021181e+00  2.960379e-01 
   73274144   6.312584e+02   6.106462e-01   6.189539e+02   1.667046e+02 141200604280149450       8420      28538    32 2453853.580370  7.999482e+00  1.050288e-03  8.020854e+00  2.924255e-01 
   73274770   6.273566e+02   6.072825e-01   6.153715e+02   1.635354e+02 141200604280200100       8334      28576    32 2453853.587616  8.006214e+00  1.050999e-03  8.027157e+00  2.885361e-01 
   73275355   6.316659e+02   6.118968e-01   6.202944e+02   1.630974e+02 141200604280209560       8248      28619    32 2453853.594387  7.998781e+00  1.051760e-03  8.018505e+00  2.854796e-01 
   73275919   6.284617e+02   6.106281e-01   6.163224e+02   1.626842e+02 141200604280219200       8190      28650    32 2453853.600914  8.004303e+00  1.054930e-03  8.025480e+00  2.865916e-01 
   73276424   6.316011e+02   6.123486e-01   6.191912e+02   1.624903e+02 141200604280227440       8138      28684    32 2453853.606759  7.998893e+00  1.052644e-03  8.020438e+00  2.849237e-01 
   73276925   6.322368e+02   6.145043e-01   6.192378e+02   1.621862e+02 141200604280236060       8041      28714    32 2453853.612558  7.997800e+00  1.055288e-03  8.020356e+00  2.843689e-01 
   73277435   6.274808e+02   6.108441e-01   6.150669e+02   1.596772e+02 141200604280244350       7981      28742    32 2453853.618461  8.005999e+00  1.056953e-03  8.027694e+00  2.818684e-01 
   73278119   6.266143e+02   6.111202e-01   6.141555e+02   1.594406e+02 141200604280256000       7878      28775    32 2453853.626377  8.007499e+00  1.058893e-03  8.029305e+00  2.818684e-01 
   73278619   6.234445e+02   6.113139e-01   6.106694e+02   1.565037e+02 141200604280304200       7771      28798    32 2453853.632164  8.013005e+00  1.064614e-03  8.035484e+00  2.782559e-01 
   73279187   6.246723e+02   6.123207e-01   6.119008e+02   1.566626e+02 141200604280313480       7696      28819    32 2453853.638738  8.010869e+00  1.064272e-03  8.033298e+00  2.779779e-01 
   73279628   6.229520e+02   6.191803e-01   6.117139e+02   1.536412e+02 141200604280321090       7641      28841    32 2453853.643843  8.013864e+00  1.079166e-03  8.033629e+00  2.727000e-01 
   73280069   6.258730e+02   6.177722e-01   6.123036e+02   1.555124e+02 141200604280328290       7586      28851    32 2453853.648947  8.008784e+00  1.071687e-03  8.032583e+00  2.757553e-01 
   73280507   6.212177e+02   6.160682e-01   6.097283e+02   1.557949e+02 141200604280335480       7485      28864    32 2453853.654016  8.016891e+00  1.076740e-03  8.037159e+00  2.774232e-01 
   73281002   6.268500e+02   6.218414e-01   6.153562e+02   1.569178e+02 141200604280344020       7408      28874    32 2453853.659745  8.007091e+00  1.077065e-03  8.027184e+00  2.768672e-01 
   73281450   6.264551e+02   6.221276e-01   6.145552e+02   1.574996e+02 141200604280351300       7347      28889    32 2453853.664931  8.007775e+00  1.078240e-03  8.028598e+00  2.782559e-01 
   73282018   6.249641e+02   6.192801e-01   6.143777e+02   1.580833e+02 141200604280400580       7258      28897    32 2453853.671505  8.010363e+00  1.075865e-03  8.028912e+00  2.793678e-01 
   73282451   6.254811e+02   6.196305e-01   6.143453e+02   1.577604e+02 141200604280408110       7153      28905    32 2453853.676516  8.009464e+00  1.075584e-03  8.028969e+00  2.788118e-01 
   73282890   6.205040e+02   6.147982e-01   6.098906e+02   1.559918e+02 141200604280415310       7088      28912    32 2453853.681597  8.018139e+00  1.075756e-03  8.036870e+00  2.776999e-01 
   73283274   6.224776e+02   6.182593e-01   6.122145e+02   1.570565e+02 141200604280421540       7038      28921    32 2453853.686042  8.014690e+00  1.078382e-03  8.032741e+00  2.785339e-01 
   73283637   6.259747e+02   6.205371e-01   6.145506e+02   1.574984e+02 141200604280427580       6951      28921    32 2453853.690243  8.008608e+00  1.076309e-03  8.028605e+00  2.782559e-01 
   73284067   6.232928e+02   6.198211e-01   6.119310e+02   1.574538e+02 141200604280435070       6881      28925    32 2453853.695220  8.013269e+00  1.079692e-03  8.033244e+00  2.793678e-01 
   73285692   6.277991e+02   6.326561e-01   6.158732e+02   1.581528e+02 141200604280502130       6597      28919    32 2453853.714028  8.005448e+00  1.094140e-03  8.026272e+00  2.788119e-01 
   73286057   6.246578e+02   6.306275e-01   6.123575e+02   1.596003e+02 141200604280508180       6494      28908    32 2453853.718252  8.010895e+00  1.096116e-03  8.032488e+00  2.829792e-01 
   73286515   6.255551e+02   6.363488e-01   6.129954e+02   1.588256e+02 141200604280515560       6443      28909    32 2453853.723553  8.009336e+00  1.104474e-03  8.031357e+00  2.813126e-01 
   73286822   6.179045e+02   6.423187e-01   6.065734e+02   1.570065e+02 141200604280521030       6408      28909    32 2453853.727106  8.022696e+00  1.128639e-03  8.042791e+00  2.810347e-01 
   73287130   6.279139e+02   6.586695e-01   6.134471e+02   1.601985e+02 141200604280526110       6331      28896    32 2453853.730671  8.005250e+00  1.138920e-03  8.030557e+00  2.835354e-01 
   73287431   6.275695e+02   6.942480e-01   6.108680e+02   1.618698e+02 141200604280531110       6295      28887    32 2453853.734155  8.005845e+00  1.201098e-03  8.035131e+00  2.877029e-01 
   73351625   5.192873e+02   5.120829e-01   5.052046e+02   3.393991e+01 141200604282321040       9080      21621    32 2453854.477141  8.211481e+00  1.070677e-03  8.241332e+00  7.294060e-02 
   73352015   5.185948e+02   5.086491e-01   5.046688e+02   3.015919e+01 141200604282327350       9069      21663    32 2453854.481655  8.212930e+00  1.064917e-03  8.242484e+00  6.488421e-02 
   73352397   5.156210e+02   5.075034e-01   5.018083e+02   2.973146e+01 141200604282333560       9054      21705    32 2453854.486076  8.219173e+00  1.068647e-03  8.248655e+00  6.432863e-02 
   73352929   5.177748e+02   5.073415e-01   5.034389e+02   2.995686e+01 141200604282342490       9061      21752    32 2453854.492234  8.214647e+00  1.063862e-03  8.245133e+00  6.460638e-02 
   73353327   5.180254e+02   5.065305e-01   5.035996e+02   2.919330e+01 141200604282349270       9033      21794    32 2453854.496840  8.214123e+00  1.061648e-03  8.244786e+00  6.293955e-02 
   73353722   5.164437e+02   5.046039e-01   5.019738e+02   2.884222e+01 141200604282356010       9007      21833    32 2453854.501412  8.217443e+00  1.060849e-03  8.248298e+00  6.238403e-02 
   73354110   5.198593e+02   5.065327e-01   5.057319e+02   2.957568e+01 141200604290002290       8981      21874    32 2453854.505903  8.210285e+00  1.057907e-03  8.240199e+00  6.349511e-02 
   73354562   5.195886e+02   5.062479e-01   5.054549e+02   2.904220e+01 141200604290010020       8937      21927    32 2453854.511134  8.210851e+00  1.057863e-03  8.240794e+00  6.238396e-02 
   73355011   5.184365e+02   5.040314e-01   5.043057e+02   2.897615e+01 141200604290017310       8891      21966    32 2453854.516331  8.213261e+00  1.055572e-03  8.243265e+00  6.238392e-02 
   73355605   5.176595e+02   5.040821e-01   5.034782e+02   2.879979e+01 141200604290027250       8839      22029    32 2453854.523206  8.214890e+00  1.057263e-03  8.245049e+00  6.210614e-02 
   73356277   5.166086e+02   5.033562e-01   5.027663e+02   2.901636e+01 141200604290038370       8824      22087    32 2453854.530984  8.217095e+00  1.057888e-03  8.246585e+00  6.266177e-02 
   73357073   5.141010e+02   5.002538e-01   4.995258e+02   2.857371e+01 141200604290051530       8747      22159    32 2453854.540197  8.222379e+00  1.056496e-03  8.253605e+00  6.210614e-02 
   73357775   5.174098e+02   5.008619e-01   5.031855e+02   2.942671e+01 141200604290103350       8688      22224    32 2453854.548322  8.215413e+00  1.051016e-03  8.245680e+00  6.349500e-02 
   73358428   5.157148e+02   5.008065e-01   5.018425e+02   2.973338e+01 141200604290114270       8608      22277    32 2453854.555880  8.218976e+00  1.054353e-03  8.248581e+00  6.432839e-02 
   73359061   5.129559e+02   5.012624e-01   4.991535e+02   2.982956e+01 141200604290125010       8562      22329    32 2453854.563206  8.224800e+00  1.060989e-03  8.254415e+00  6.488414e-02 
   73359636   5.129378e+02   5.017454e-01   4.989514e+02   2.956215e+01 141200604290134360       8475      22373    32 2453854.569861  8.224838e+00  1.062049e-03  8.254854e+00  6.432853e-02 
   73360295   5.121121e+02   4.997513e-01   4.983659e+02   2.914493e+01 141200604290145350       8417      22416    32 2453854.577488  8.226587e+00  1.059534e-03  8.256129e+00  6.349514e-02 
   73361486   5.122095e+02   5.032498e-01   4.979726e+02   2.899457e+01 141200604290205250       8219      22500    32 2453854.591273  8.226381e+00  1.066748e-03  8.256987e+00  6.321746e-02 
   73362094   5.123709e+02   5.029473e-01   4.984456e+02   2.914964e+01 141200604290215340       8178      22533    32 2453854.598310  8.226039e+00  1.065771e-03  8.255956e+00  6.349526e-02 
   73362611   5.132526e+02   5.034813e-01   4.996713e+02   2.922131e+01 141200604290224110       8127      22567    32 2453854.604294  8.224172e+00  1.065070e-03  8.253289e+00  6.349523e-02 
   73363129   5.125547e+02   5.047280e-01   4.987948e+02   2.917009e+01 141200604290232480       8026      22595    32 2453854.610289  8.225649e+00  1.069161e-03  8.255196e+00  6.349531e-02 
   73363622   5.131729e+02   5.046785e-01   4.997280e+02   2.973607e+01 141200604290241020       7969      22619    32 2453854.615995  8.224340e+00  1.067768e-03  8.253166e+00  6.460643e-02 
   73364251   5.102944e+02   5.032687e-01   4.973940e+02   2.921544e+01 141200604290251310       7875      22654    32 2453854.623275  8.230448e+00  1.070792e-03  8.258248e+00  6.377312e-02 
   73364858   5.122004e+02   5.060776e-01   4.988604e+02   2.904630e+01 141200604290301370       7771      22685    32 2453854.630301  8.226400e+00  1.072761e-03  8.255053e+00  6.321754e-02 
   73365294   5.126793e+02   5.063003e-01   4.992876e+02   2.894341e+01 141200604290308540       7695      22699    32 2453854.635347  8.225386e+00  1.072231e-03  8.254123e+00  6.293971e-02 
   73365751   5.120942e+02   5.053577e-01   4.991074e+02   2.918837e+01 141200604290316300       7644      22719    32 2453854.640637  8.226625e+00  1.071458e-03  8.254515e+00  6.349532e-02 
   73366193   5.129119e+02   5.080045e-01   4.996169e+02   2.934604e+01 141200604290323530       7589      22732    32 2453854.645752  8.224894e+00  1.075352e-03  8.253407e+00  6.377321e-02 
   73366642   5.104072e+02   5.101269e-01   4.974206e+02   2.908984e+01 141200604290331210       7484      22750    32 2453854.650949  8.230208e+00  1.085144e-03  8.258190e+00  6.349557e-02 
   73367142   5.129594e+02   5.112844e-01   5.001334e+02   2.886459e+01 141200604290339420       7409      22766    32 2453854.656736  8.224792e+00  1.082195e-03  8.252285e+00  6.266217e-02 
   73367586   5.137435e+02   5.127015e-01   5.007179e+02   2.851398e+01 141200604290347060       7349      22771    32 2453854.661875  8.223134e+00  1.083538e-03  8.251018e+00  6.182877e-02 
   73368180   5.135285e+02   5.140047e-01   5.008739e+02   3.095781e+01 141200604290357000       7255      22783    32 2453854.668750  8.223589e+00  1.086747e-03  8.250679e+00  6.710698e-02 
   73368612   5.156446e+02   5.168325e-01   5.026160e+02   2.926509e+01 141200604290404110       7149      22789    32 2453854.673750  8.219124e+00  1.088241e-03  8.246909e+00  6.321780e-02 
   73369048   5.166194e+02   5.165631e-01   5.027826e+02   2.837429e+01 141200604290411280       7086      22795    32 2453854.678796  8.217073e+00  1.085622e-03  8.246550e+00  6.127320e-02 
   73369457   5.136222e+02   5.154271e-01   4.994635e+02   2.793147e+01 141200604290418170       7030      22801    32 2453854.683530  8.223391e+00  1.089555e-03  8.253740e+00  6.071778e-02 
   73369821   5.167225e+02   5.195878e-01   5.031057e+02   2.839257e+01 141200604290424210       6938      22806    32 2453854.687743  8.216857e+00  1.091761e-03  8.245852e+00  6.127331e-02 
   73369952   5.156187e+02   5.185876e-01   5.018281e+02   2.780691e+01 141200604290426320       6948      22805    32 2453854.689259  8.219178e+00  1.091992e-03  8.248612e+00  6.016219e-02 
   73370329   5.167991e+02   5.208387e-01   5.030661e+02   2.851908e+01 141200604290432480       6854      22808    32 2453854.693623  8.216696e+00  1.094227e-03  8.245937e+00  6.155117e-02 
   73372585   5.124745e+02   5.299537e-01   4.985797e+02   2.903038e+01 141200604290510240       6457      22802    32 2453854.719734  8.225820e+00  1.122772e-03  8.255664e+00  6.321847e-02 
   73372778   5.153854e+02   5.289504e-01   5.008909e+02   2.801152e+01 141200604290513370       6398      22795    32 2453854.721968  8.219669e+00  1.114317e-03  8.250642e+00  6.071827e-02 
   73453618   4.962053e+02   5.003084e-01   4.901873e+02   3.092435e+01 141200604300340570       7329      22767    32 2453855.657616  8.260846e+00  1.094718e-03  8.274095e+00  6.849586e-02 
   73454132   4.999744e+02   5.056705e-01   4.932507e+02   3.111765e+01 141200604300349310       7245      22775    32 2453855.663565  8.252630e+00  1.098110e-03  8.267331e+00  6.849594e-02 
   73454175   4.984689e+02   5.043488e-01   4.914135e+02   3.075026e+01 141200604300350130       7234      22776    32 2453855.664062  8.255905e+00  1.098547e-03  8.271382e+00  6.794032e-02 
   73454683   4.966910e+02   5.038539e-01   4.902377e+02   3.117842e+01 141200604300358410       7160      22784    32 2453855.669942  8.259785e+00  1.101398e-03  8.273983e+00  6.905151e-02 
   73455121   4.990914e+02   5.075313e-01   4.926364e+02   3.158311e+01 141200604300405590       7098      22793    32 2453855.675012  8.254550e+00  1.104100e-03  8.268683e+00  6.960721e-02 
   73455562   4.975612e+02   5.054424e-01   4.911399e+02   3.073317e+01 141200604300413210       7032      22798    32 2453855.680116  8.257884e+00  1.102938e-03  8.271987e+00  6.794037e-02 
   73456426   4.978682e+02   5.068175e-01   4.901300e+02   2.966680e+01 141200604300427450       6836      22803    32 2453855.690116  8.257215e+00  1.105257e-03  8.274221e+00  6.571814e-02 
   73458349   4.959936e+02   5.096651e-01   4.876501e+02   2.964151e+01 141200604300459480       6509      22801    32 2453855.712373  8.261310e+00  1.115667e-03  8.279729e+00  6.599604e-02 
   73458741   4.961237e+02   5.142386e-01   4.881148e+02   2.991963e+01 141200604300506200       6458      22794    32 2453855.716910  8.261025e+00  1.125383e-03  8.278695e+00  6.655183e-02 
   73459042   4.985485e+02   5.160103e-01   4.901360e+02   3.004352e+01 141200604300511210       6425      22788    32 2453855.720394  8.255732e+00  1.123768e-03  8.274208e+00  6.655183e-02 
   73459395   4.978042e+02   5.190696e-01   4.891084e+02   3.010575e+01 141200604300517130       6339      22782    32 2453855.724479  8.257354e+00  1.132121e-03  8.276487e+00  6.682980e-02 
   73459699   4.985676e+02   5.303710e-01   4.878432e+02   2.977843e+01 141200604300522180       6306      22773    32 2453855.727998  8.255690e+00  1.154999e-03  8.279300e+00  6.627466e-02 
   73460008   4.967112e+02   5.532674e-01   4.830207e+02   2.948458e+01 141200604300527260       6230      22768    32 2453855.731574  8.259740e+00  1.209364e-03  8.290086e+00  6.627582e-02 
   73523983   5.120406e+02   5.018246e-01   4.966188e+02   2.955106e+01 141200604302313400       9063      21457    32 2453856.472025  8.226739e+00  1.064078e-03  8.259942e+00  6.460644e-02 
   73524379   5.133143e+02   5.006691e-01   4.976085e+02   2.960992e+01 141200604302320170       9053      21498    32 2453856.476609  8.224042e+00  1.058993e-03  8.257780e+00  6.460636e-02 
   73524782   5.157797e+02   5.012872e-01   5.000569e+02   2.937177e+01 141200604302326590       9038      21543    32 2453856.481273  8.218840e+00  1.055232e-03  8.252452e+00  6.377295e-02 
   73525309   5.160696e+02   5.001753e-01   5.002477e+02   2.989491e+01 141200604302335460       9030      21597    32 2453856.487373  8.218229e+00  1.052301e-03  8.252037e+00  6.488406e-02 
   73525699   5.131060e+02   4.967603e-01   4.976738e+02   2.961373e+01 141200604302342160       9006      21637    32 2453856.491887  8.224483e+00  1.051152e-03  8.257638e+00  6.460620e-02 
   73526091   5.169321e+02   4.981123e-01   5.012648e+02   2.969911e+01 141200604302348480       8983      21677    32 2453856.496424  8.216416e+00  1.046212e-03  8.249832e+00  6.432831e-02 
   73526482   5.145683e+02   4.963540e-01   4.993716e+02   2.933144e+01 141200604302355200       8958      21718    32 2453856.500949  8.221393e+00  1.047308e-03  8.253941e+00  6.377279e-02 
   73526938   5.147187e+02   4.954540e-01   4.994540e+02   2.920847e+01 141200605010002550       8912      21765    32 2453856.506227  8.221075e+00  1.045103e-03  8.253761e+00  6.349494e-02 
   73527393   5.138304e+02   4.958068e-01   4.982728e+02   2.977685e+01 141200605010010310       8872      21816    32 2453856.511493  8.222950e+00  1.047656e-03  8.256332e+00  6.488397e-02 
   73527961   5.168627e+02   4.964679e-01   5.017280e+02   2.946981e+01 141200605010019580       8866      21865    32 2453856.518067  8.216562e+00  1.042898e-03  8.248829e+00  6.377271e-02 
   73528619   5.149138e+02   4.975331e-01   4.994274e+02   2.933474e+01 141200605010030560       8810      21927    32 2453856.525683  8.220664e+00  1.049091e-03  8.253819e+00  6.377283e-02 
   73529367   5.127392e+02   4.956879e-01   4.970053e+02   2.970113e+01 141200605010043240       8742      21994    32 2453856.534340  8.225259e+00  1.049633e-03  8.259097e+00  6.488401e-02 
   73530082   5.117540e+02   4.960479e-01   4.959390e+02   3.001813e+01 141200605010055190       8684      22058    32 2453856.542616  8.227346e+00  1.052418e-03  8.261430e+00  6.571752e-02 
   73530709   5.087847e+02   4.919365e-01   4.933464e+02   3.061850e+01 141200605010105470       8609      22111    32 2453856.549873  8.233665e+00  1.049786e-03  8.267120e+00  6.738416e-02 
   73531359   5.115437e+02   4.955348e-01   4.961251e+02   3.015627e+01 141200605010116360       8568      22158    32 2453856.557396  8.227793e+00  1.051761e-03  8.261022e+00  6.599519e-02 
   73531949   5.106045e+02   4.957176e-01   4.948548e+02   2.982589e+01 141200605010126260       8472      22207    32 2453856.564225  8.229789e+00  1.054085e-03  8.263805e+00  6.543973e-02 
   73532592   5.088885e+02   4.932869e-01   4.936842e+02   3.101846e+01 141200605010137100       8416      22254    32 2453856.571667  8.233443e+00  1.052453e-03  8.266377e+00  6.821766e-02 
   73533234   5.100326e+02   4.950649e-01   4.945745e+02   2.968244e+01 141200605010147510       8331      22299    32 2453856.579097  8.231005e+00  1.053877e-03  8.264421e+00  6.516190e-02 
   73533807   5.092406e+02   4.940903e-01   4.940079e+02   2.990125e+01 141200605010157240       8242      22336    32 2453856.585729  8.232693e+00  1.053439e-03  8.265665e+00  6.571753e-02 
   73534431   5.106298e+02   4.959858e-01   4.952498e+02   3.048327e+01 141200605010207480       8175      22377    32 2453856.592951  8.229734e+00  1.054603e-03  8.262939e+00  6.682871e-02 
   73534921   5.092739e+02   4.964124e-01   4.940283e+02   3.002887e+01 141200605010215590       8124      22408    32 2453856.598623  8.232621e+00  1.058320e-03  8.265620e+00  6.599530e-02 
   73535442   5.082302e+02   4.969471e-01   4.931546e+02   2.972347e+01 141200605010224400       8022      22441    32 2453856.604653  8.234849e+00  1.061636e-03  8.267542e+00  6.543984e-02 
   73535956   5.052383e+02   4.969330e-01   4.898524e+02   2.939915e+01 141200605010233130       7960      22470    32 2453856.610602  8.241260e+00  1.067892e-03  8.274837e+00  6.516214e-02 
   73536606   5.097374e+02   4.981223e-01   4.946651e+02   2.994107e+01 141200605010244030       7868      22498    32 2453856.618125  8.231634e+00  1.061000e-03  8.264222e+00  6.571764e-02 
   73537110   5.067292e+02   4.992009e-01   4.912540e+02   2.960898e+01 141200605010252280       7765      22521    32 2453856.623958  8.238060e+00  1.069609e-03  8.271735e+00  6.543999e-02 
   73537690   5.072455e+02   5.010587e-01   4.917209e+02   2.963715e+01 141200605010302080       7675      22550    32 2453856.630671  8.236955e+00  1.072497e-03  8.270703e+00  6.544004e-02 
   73538144   5.089081e+02   5.016913e-01   4.935228e+02   2.961945e+01 141200605010309410       7623      22563    32 2453856.635926  8.233401e+00  1.070343e-03  8.266732e+00  6.516218e-02 
   73538580   5.089264e+02   4.997503e-01   4.938556e+02   3.001843e+01 141200605010316580       7567      22578    32 2453856.640972  8.233362e+00  1.066164e-03  8.266000e+00  6.599543e-02 
   73539021   5.090148e+02   5.041615e-01   4.937127e+02   2.988355e+01 141200605010324190       7463      22597    32 2453856.646076  8.233174e+00  1.075388e-03  8.266315e+00  6.571790e-02 
   73539522   5.079307e+02   5.026315e-01   4.929075e+02   2.970867e+01 141200605010332400       7389      22603    32 2453856.651875  8.235489e+00  1.074413e-03  8.268086e+00  6.544005e-02 
   73539955   5.122136e+02   5.058015e-01   4.975297e+02   2.935076e+01 141200605010339530       7328      22614    32 2453856.656887  8.226373e+00  1.072148e-03  8.257953e+00  6.405103e-02 
   73540525   5.088601e+02   5.059164e-01   4.940964e+02   3.003317e+01 141200605010349220       7239      22624    32 2453856.663484  8.233504e+00  1.079459e-03  8.265471e+00  6.599566e-02 
   73540961   5.081017e+02   5.069385e-01   4.929569e+02   2.908109e+01 141200605010356390       7130      22635    32 2453856.668530  8.235124e+00  1.083254e-03  8.267978e+00  6.405126e-02 
   73541404   5.137807e+02   5.097073e-01   4.986309e+02   2.865029e+01 141200605010404020       7069      22633    32 2453856.673657  8.223056e+00  1.077132e-03  8.255552e+00  6.238436e-02 
   73541786   5.105409e+02   5.058768e-01   4.951985e+02   2.807294e+01 141200605010410230       7023      22639    32 2453856.678079  8.229923e+00  1.075821e-03  8.263052e+00  6.155090e-02 
   73542146   5.126025e+02   5.115410e-01   4.970026e+02   2.842963e+01 141200605010416230       6933      22645    32 2453856.682245  8.225548e+00  1.083492e-03  8.259103e+00  6.210668e-02 
   73542590   5.147595e+02   5.119281e-01   4.987783e+02   2.802073e+01 141200605010423480       6865      22645    32 2453856.687384  8.220989e+00  1.079768e-03  8.255231e+00  6.099549e-02 
   73542959   5.127697e+02   5.125400e-01   4.971185e+02   2.780033e+01 141200605010429570       6813      22648    32 2453856.691655  8.225194e+00  1.085254e-03  8.258850e+00  6.071777e-02 
   73543325   5.120724e+02   5.122810e-01   4.963456e+02   2.750311e+01 141200605010436030       6723      22651    32 2453856.695891  8.226671e+00  1.086182e-03  8.260539e+00  6.016217e-02 
   73544964   5.097395e+02   5.161051e-01   4.932722e+02   2.809018e+01 141200605010503210       6431      22797    32 2453856.714861  8.231629e+00  1.099299e-03  8.267283e+00  6.182920e-02 
   73545271   5.144152e+02   5.226284e-01   4.974301e+02   2.781793e+01 141200605010508280       6394      22795    32 2453856.718414  8.221716e+00  1.103075e-03  8.258170e+00  6.071817e-02 
   73545580   5.135882e+02   5.244856e-01   4.970299e+02   2.741407e+01 141200605010513370       6316      22788    32 2453856.721991  8.223462e+00  1.108777e-03  8.259044e+00  5.988483e-02 
   73545881   5.108675e+02   5.309787e-01   4.922412e+02   2.777986e+01 141200605010518380       6283      22777    32 2453856.725475  8.229229e+00  1.128482e-03  8.269555e+00  6.127425e-02 
   73546191   5.071417e+02   5.427392e-01   4.866460e+02   2.758895e+01 141200605010523490       6209      22767    32 2453856.729062  8.237177e+00  1.161951e-03  8.281967e+00  6.155282e-02 
   73546500   5.090143e+02   5.870079e-01   4.848669e+02   2.922576e+01 141200605010528570       6174      22761    32 2453856.732639  8.233175e+00  1.252102e-03  8.285944e+00  6.544390e-02 
   73546906   5.038621e+02   7.269325e-01   4.742601e+02   3.307901e+01 141200605010535440       6109      22750    32 2453856.737338  8.244221e+00  1.566420e-03  8.309958e+00  7.572892e-02 
   75768034   4.669367e+02   5.362487e-01   5.049017e+02   3.118425e+00 144200605262234420       1943       3209    32 2453882.444838  8.326855e+00  1.246907e-03  8.241982e+00  6.705858e-03 
   75768483   4.675184e+02   5.327847e-01   5.065138e+02   2.551032e+00 144200605262242110       1967       3186    32 2453882.450035  8.325503e+00  1.237311e-03  8.238522e+00  5.468276e-03 
   75768908   4.651494e+02   5.315642e-01   5.031661e+02   2.725009e+00 144200605262249160       1960       3160    32 2453882.454954  8.331018e+00  1.240764e-03  8.245722e+00  5.880069e-03 
   75769480   4.633635e+02   5.300521e-01   5.027791e+02   2.342899e+00 144200605262258470       1978       3127    32 2453882.461574  8.335196e+00  1.242003e-03  8.246557e+00  5.059436e-03 
   75769981   4.651938e+02   5.283876e-01   5.045472e+02   1.972454e+00 144200605262307080       1988       3100    32 2453882.467373  8.330915e+00  1.233231e-03  8.242745e+00  4.244542e-03 
   75770561   4.584489e+02   5.250380e-01   4.983694e+02   2.135175e+00 144200605262316490       2066       3065    32 2453882.474086  8.346773e+00  1.243442e-03  8.256122e+00  4.651661e-03 
   75771080   4.610239e+02   5.251376e-01   5.013510e+02   1.590188e+00 144200605262325280       2082       3034    32 2453882.480093  8.340692e+00  1.236732e-03  8.249645e+00  3.443756e-03 
   75771667   4.652139e+02   5.269210e-01   5.035564e+02   2.630780e+00 144200605262335140       2101       3022    32 2453882.486887  8.330869e+00  1.229755e-03  8.244880e+00  5.672341e-03 
   75772188   4.661678e+02   5.249706e-01   5.047245e+02   1.972185e+00 144200605262343560       2172       2994    32 2453882.492917  8.328644e+00  1.222696e-03  8.242364e+00  4.242473e-03 
   75772691   4.651545e+02   5.253600e-01   5.040676e+02   1.876244e+00 144200605262352190       2206       2967    32 2453882.498738  8.331007e+00  1.226269e-03  8.243778e+00  4.041350e-03 
   75773342   4.660350e+02   5.257217e-01   5.042842e+02   2.159158e+00 144200605270003100       2265       2930    32 2453882.506273  8.328954e+00  1.224794e-03  8.243312e+00  4.648737e-03 
   75773850   4.640871e+02   5.244825e-01   5.032314e+02   2.060477e+00 144200605270011380       2289       2903    32 2453882.512153  8.333501e+00  1.227036e-03  8.245581e+00  4.445553e-03 
   75774362   4.659230e+02   5.255109e-01   5.049000e+02   2.637237e+00 144200605270020100       2374       2876    32 2453882.518079  8.329215e+00  1.224598e-03  8.241986e+00  5.671131e-03 
   75774950   4.651863e+02   5.245227e-01   5.049963e+02   2.256485e+00 144200605270029580       2438       2845    32 2453882.524884  8.330933e+00  1.224231e-03  8.241779e+00  4.851434e-03 
   75775450   4.599019e+02   5.230297e-01   4.999238e+02   2.234700e+00 144200605270038180       2487       2820    32 2453882.530671  8.343337e+00  1.234772e-03  8.252741e+00  4.853347e-03 
   75775967   4.633518e+02   5.220091e-01   5.025021e+02   1.776943e+00 144200605270046550       2546       2792    32 2453882.536655  8.335223e+00  1.223188e-03  8.247155e+00  3.839384e-03 
   75776598   4.623891e+02   5.185982e-01   5.008936e+02   2.143770e+00 144200605270057250       2637       2769    32 2453882.543958  8.337481e+00  1.217725e-03  8.250636e+00  4.646850e-03 
   75777107   4.598157e+02   5.180706e-01   4.982629e+02   2.039819e+00 144200605270105550       2695       2742    32 2453882.549850  8.343540e+00  1.223294e-03  8.256353e+00  4.444869e-03 
   75777680   4.633939e+02   5.178725e-01   5.016080e+02   2.052583e+00 144200605270115270       2811       2718    32 2453882.556481  8.335124e+00  1.213384e-03  8.249089e+00  4.442855e-03 
   75778212   4.623674e+02   5.179067e-01   5.016201e+02   2.146531e+00 144200605270124200       2889       2703    32 2453882.562639  8.337532e+00  1.216158e-03  8.249063e+00  4.646095e-03 
   75778662   4.601245e+02   5.175308e-01   4.998634e+02   2.233165e+00 144200605270131500       2951       2689    32 2453882.567847  8.342812e+00  1.221200e-03  8.252872e+00  4.850598e-03 
   75779099   4.615690e+02   5.155580e-01   5.004232e+02   1.954069e+00 144200605270139060       3009       2674    32 2453882.572905  8.339409e+00  1.212737e-03  8.251657e+00  4.239633e-03 
   75779626   4.616105e+02   5.191877e-01   5.017800e+02   2.525405e+00 144200605270147530       3095       2653    32 2453882.579005  8.339311e+00  1.221166e-03  8.248716e+00  5.464413e-03 
   75780070   4.617616e+02   5.139310e-01   5.007928e+02   2.330509e+00 144200605270155170       3197       2640    32 2453882.584144  8.338956e+00  1.208406e-03  8.250854e+00  5.052643e-03 
   75780573   4.589023e+02   5.123992e-01   4.982215e+02   2.225037e+00 144200605270203400       3280       2623    32 2453882.589965  8.345699e+00  1.212311e-03  8.256444e+00  4.848870e-03 
   75781079   4.620364e+02   5.151252e-01   5.014049e+02   2.807810e+00 144200605270212060       3361       2608    32 2453882.595822  8.338309e+00  1.210493e-03  8.249529e+00  6.080019e-03 
   75781512   4.583615e+02   6.581590e-01   4.813592e+02   8.958457e+01 144200605270219190       3425       2597    32 2453882.600833  8.346979e+00  1.559009e-03  8.293827e+00  2.020644e-01 
   75782835   4.578700e+02   5.151914e-01   4.971022e+02   2.690242e+00 144200605270241220       3884       2519    32 2453882.616146  8.348145e+00  1.221665e-03  8.258885e+00  5.875862e-03 
   75783203   4.589099e+02   5.156416e-01   4.985486e+02   2.509100e+00 144200605270247300       3813       2563    32 2453882.620405  8.345681e+00  1.219962e-03  8.255732e+00  5.464322e-03 
   75783588   4.609526e+02   5.152492e-01   5.009756e+02   2.331609e+00 144200605270253550       3857       2556    32 2453882.624861  8.340859e+00  1.213632e-03  8.250459e+00  5.053184e-03 
   75784089   4.627021e+02   5.201764e-01   5.031651e+02   3.873986e+00 144200605270302170       3961       2548    32 2453882.630660  8.336746e+00  1.220605e-03  8.245724e+00  8.359367e-03 
   75784508   4.588890e+02   5.178247e-01   4.993575e+02   4.227498e+00 144200605270309150       4027       2540    32 2453882.635509  8.345731e+00  1.225183e-03  8.253971e+00  9.191737e-03 
   75784881   4.598336e+02   5.202705e-01   5.005974e+02   4.622227e+00 144200605270315280       4082       2536    32 2453882.639826  8.343498e+00  1.228441e-03  8.251279e+00  1.002509e-02 
   75849189   4.703756e+02   5.699447e-01   5.062016e+02   4.485067e+00 144200605272107170       1901       3573    32 2453883.384132  8.318888e+00  1.315570e-03  8.239191e+00  9.619915e-03 
   75849377   4.689719e+02   5.635954e-01   5.043165e+02   4.951365e+00 144200605272110260       1890       3560    32 2453883.386308  8.322133e+00  1.304807e-03  8.243242e+00  1.065977e-02 
   75849570   4.718040e+02   5.503799e-01   5.075493e+02   4.494377e+00 144200605272113390       1886       3548    32 2453883.388542  8.315596e+00  1.266563e-03  8.236304e+00  9.614288e-03 
   75849764   4.714145e+02   5.465747e-01   5.084840e+02   4.307166e+00 144200605272116530       1883       3533    32 2453883.390787  8.316493e+00  1.258845e-03  8.234306e+00  9.196872e-03 
   75849971   4.662732e+02   5.415848e-01   5.030270e+02   4.164699e+00 144200605272120200       1881       3522    32 2453883.393183  8.328399e+00  1.261107e-03  8.246022e+00  8.989141e-03 
   75850237   4.657110e+02   5.391046e-01   5.027147e+02   4.354455e+00 144200605272124460       1883       3507    32 2453883.396262  8.329709e+00  1.256847e-03  8.246696e+00  9.404551e-03 
   75850495   4.667928e+02   5.393186e-01   5.043604e+02   3.982132e+00 144200605272129030       1881       3489    32 2453883.399248  8.327189e+00  1.254432e-03  8.243148e+00  8.572361e-03 
   75850748   4.640927e+02   5.365556e-01   5.021154e+02   3.964357e+00 144200605272133160       1838       3468    32 2453883.402176  8.333488e+00  1.255266e-03  8.247991e+00  8.572254e-03 
   75850805   4.645269e+02   5.362385e-01   5.028409e+02   3.969938e+00 144200605272134140       1837       3469    32 2453883.402836  8.332473e+00  1.253352e-03  8.246424e+00  8.571936e-03 
   75851066   4.659031e+02   5.365546e-01   5.045318e+02   3.404619e+00 144200605272138340       1841       3451    32 2453883.405856  8.329261e+00  1.250386e-03  8.242779e+00  7.326656e-03 
   75851323   4.638744e+02   5.365183e-01   5.028107e+02   3.297427e+00 144200605272142510       1846       3432    32 2453883.408831  8.333999e+00  1.255770e-03  8.246489e+00  7.120271e-03 
   75851714   4.613905e+02   5.316939e-01   5.005214e+02   2.616528e+00 144200605272149220       1821       3410    32 2453883.413356  8.339828e+00  1.251177e-03  8.251443e+00  5.675819e-03 
   75851978   4.620130e+02   5.341222e-01   5.017044e+02   3.289974e+00 144200605272153470       1830       3388    32 2453883.416412  8.338365e+00  1.255198e-03  8.248880e+00  7.119844e-03 
   75852243   4.583986e+02   5.329303e-01   4.994343e+02   2.328769e+00 144200605272158120       1839       3369    32 2453883.419479  8.346891e+00  1.262272e-03  8.253804e+00  5.062604e-03 
   75852513   4.623323e+02   5.331456e-01   5.028123e+02   2.061096e+00 144200605272202420       1808       3352    32 2453883.422604  8.337614e+00  1.252038e-03  8.246486e+00  4.450595e-03 
   75852784   4.594359e+02   5.316031e-01   5.003027e+02   2.144576e+00 144200605272207120       1819       3335    32 2453883.425741  8.344438e+00  1.256286e-03  8.251918e+00  4.654086e-03 
   75853042   4.622158e+02   5.317467e-01   5.042839e+02   1.692842e+00 144200605272211310       1832       3317    32 2453883.428727  8.337888e+00  1.249067e-03  8.243312e+00  3.644745e-03 
   75853360   4.587533e+02   5.269502e-01   5.004852e+02   1.058806e+00 144200605272216480       1865       3305    32 2453883.432407  8.346052e+00  1.247143e-03  8.251522e+00  2.296947e-03 
   75853690   4.617859e+02   5.250107e-01   5.040319e+02   9.800118e-01 144200605272222190       1885       3279    32 2453883.436227  8.338899e+00  1.234393e-03  8.243855e+00  2.111053e-03 
   75854008   4.618648e+02   5.279175e-01   5.045326e+02   1.065733e+00 144200605272227370       1864       3261    32 2453883.439907  8.338713e+00  1.241015e-03  8.242777e+00  2.293427e-03 
   75854443   4.598388e+02   5.260062e-01   5.026443e+02   9.786236e-01 144200605272234510       1894       3234    32 2453883.444942  8.343486e+00  1.241970e-03  8.246848e+00  2.113882e-03 
   75855070   4.573519e+02   5.256809e-01   5.008256e+02   9.759316e-01 144200605272245190       1907       3190    32 2453883.452199  8.349374e+00  1.247951e-03  8.250784e+00  2.115723e-03 
   75855637   4.575344e+02   5.262941e-01   5.008726e+02   1.059096e+00 144200605272254460       1945       3154    32 2453883.458762  8.348941e+00  1.248908e-03  8.250682e+00  2.295800e-03 
   75856134   4.570017e+02   5.253093e-01   5.009037e+02   9.758397e-01 144200605272303020       1955       3125    32 2453883.464514  8.350205e+00  1.248025e-03  8.250614e+00  2.115194e-03 
   75856731   4.588274e+02   5.245711e-01   5.029483e+02   9.782743e-01 144200605272312590       2043       3085    32 2453883.471424  8.345877e+00  1.241312e-03  8.246192e+00  2.111850e-03 
   75858725   4.607504e+02   5.236101e-01   5.035697e+02   5.236101e-01 144200605272346140       2163       2910    32 2453883.494502  8.341335e+00  1.233866e-03  8.244851e+00  1.128949e-03 
   75860139   4.580871e+02   5.237696e-01   5.012531e+02   5.237696e-01 144200605280009480       2299       2836    32 2453883.510868  8.347630e+00  1.241418e-03  8.249857e+00  1.134512e-03 
   75860637   4.586144e+02   5.242921e-01   5.020702e+02   5.242921e-01 144200605280018050       2346       2814    32 2453883.516632  8.346381e+00  1.241228e-03  8.248089e+00  1.133795e-03 
   75861729   4.580762e+02   5.226088e-01   5.010784e+02   5.226088e-01 144200605280036180       2502       2754    32 2453883.529271  8.347655e+00  1.238696e-03  8.250236e+00  1.132392e-03 
   75862233   4.568893e+02   5.214626e-01   5.002125e+02   5.214626e-01 144200605280044430       2561       2729    32 2453883.535104  8.350472e+00  1.239190e-03  8.252113e+00  1.131864e-03 
   75862865   4.583479e+02   5.219892e-01   5.007770e+02   5.219892e-01 144200605280055150       2650       2709    32 2453883.542419  8.347012e+00  1.236494e-03  8.250889e+00  1.131730e-03 
   75863363   4.595274e+02   5.226762e-01   5.029372e+02   5.226762e-01 144200605280103330       2708       2678    32 2453883.548183  8.344221e+00  1.234944e-03  8.246216e+00  1.128353e-03 
   75863922   4.585117e+02   5.212763e-01   5.018770e+02   5.212763e-01 144200605280112520       2789       2651    32 2453883.554653  8.346624e+00  1.234365e-03  8.248507e+00  1.127708e-03 
   75864352   4.571443e+02   5.181462e-01   5.003203e+02   5.181462e-01 144200605280120020       2882       2644    32 2453883.559630  8.349867e+00  1.230623e-03  8.251880e+00  1.124424e-03 
   75865240   4.585730e+02   5.183335e-01   5.019635e+02   7.436599e-01 144200605280134490       3009       2531    32 2453883.569907  8.346478e+00  1.227232e-03  8.248320e+00  1.608526e-03 
   75865737   4.600047e+02   5.198772e-01   5.032728e+02   5.198772e-01 144200605280143070       3084       2514    32 2453883.575660  8.343094e+00  1.227056e-03  8.245491e+00  1.121562e-03 
   75866170   4.578499e+02   5.203439e-01   5.016692e+02   5.203440e-01 144200605280150190       3187       2501    32 2453883.580671  8.348192e+00  1.233937e-03  8.248957e+00  1.126157e-03 
   75866692   4.581644e+02   5.227205e-01   5.022012e+02   8.190094e-01 144200605280159010       3273       2482    32 2453883.586713  8.347446e+00  1.238722e-03  8.247806e+00  1.770667e-03 
   75867197   4.578870e+02   5.219260e-01   5.018561e+02   8.181689e-01 144200605280207270       3357       2468    32 2453883.592558  8.348104e+00  1.237589e-03  8.248552e+00  1.770067e-03 
   75867623   4.570014e+02   5.217627e-01   5.013145e+02   1.318045e+00 144200605280214330       3424       2455    32 2453883.597488  8.350206e+00  1.239599e-03  8.249724e+00  2.854603e-03 
   75868069   4.556791e+02   5.208408e-01   4.997976e+02   1.314317e+00 144200605280221580       3497       2447    32 2453883.602650  8.353353e+00  1.241000e-03  8.253015e+00  2.855168e-03 
   75868440   4.542968e+02   5.197904e-01   4.985729e+02   1.311185e+00 144200605280228090       3586       2453    32 2453883.606944  8.356651e+00  1.242265e-03  8.255678e+00  2.855363e-03 
   75868878   4.556767e+02   5.176098e-01   5.001556e+02   1.225633e+00 144200605280235270       3663       2446    32 2453883.612014  8.353358e+00  1.233308e-03  8.252237e+00  2.660609e-03 
   75869238   4.548907e+02   5.208822e-01   4.988156e+02   1.137870e+00 144200605280241270       3715       2440    32 2453883.616181  8.355232e+00  1.243250e-03  8.255150e+00  2.476730e-03 
   75869609   4.580230e+02   5.213425e-01   5.020582e+02   1.682857e+00 144200605280247380       3812       2433    32 2453883.620475  8.347782e+00  1.235838e-03  8.248115e+00  3.639309e-03 
   75870040   4.556714e+02   5.196719e-01   5.003824e+02   1.769408e+00 144200605280254490       3887       2417    32 2453883.625463  8.353371e+00  1.238236e-03  8.251745e+00  3.839298e-03 
   75870473   4.568416e+02   5.227141e-01   5.007073e+02   1.587569e+00 144200605280302030       3959       2416    32 2453883.630475  8.350586e+00  1.242294e-03  8.251040e+00  3.442505e-03 
   75870863   4.528959e+02   5.220338e-01   4.992313e+02   3.558114e+00 144200605280308330       4057       2416    32 2453883.634988  8.360004e+00  1.251486e-03  8.254246e+00  7.738270e-03 
   75871226   4.583568e+02   5.233241e-01   5.025864e+02   1.593083e+00 144200605280314350       4118       2414    32 2453883.639190  8.346991e+00  1.239632e-03  8.246973e+00  3.441544e-03 
   75938306   4.746332e+02   5.521438e-01   5.069269e+02   8.682950e+00 144200605282152370       1902       3216    32 2453884.415579  8.309105e+00  1.263048e-03  8.237637e+00  1.859721e-02 
   75938577   4.749902e+02   5.500566e-01   5.081482e+02   7.920202e+00 144200605282157070       1910       3195    32 2453884.418715  8.308289e+00  1.257328e-03  8.235024e+00  1.692278e-02 
   75938886   4.738150e+02   5.468780e-01   5.084453e+02   6.651506e+00 144200605282202160       1880       3178    32 2453884.422292  8.310978e+00  1.253163e-03  8.234389e+00  1.420370e-02 
   75939145   4.752652e+02   5.465398e-01   5.102408e+02   6.085658e+00 144200605282206360       1892       3161    32 2453884.425289  8.307660e+00  1.248566e-03  8.230562e+00  1.294966e-02 
   75939488   4.728542e+02   5.437772e-01   5.083782e+02   5.379168e+00 144200605282212180       1909       3138    32 2453884.429259  8.313182e+00  1.248589e-03  8.234532e+00  1.148825e-02 
   75939809   4.703794e+02   5.412316e-01   5.064936e+02   4.775556e+00 144200605282217400       1930       3113    32 2453884.432975  8.318879e+00  1.249283e-03  8.238565e+00  1.023707e-02 
   75940142   4.673399e+02   5.375471e-01   5.036427e+02   4.651954e+00 144200605282223120       1907       3087    32 2453884.436829  8.325918e+00  1.248848e-03  8.244694e+00  1.002856e-02 
   75940578   4.695470e+02   5.386274e-01   5.068931e+02   3.323835e+00 144200605282230290       1938       3062    32 2453884.441875  8.320803e+00  1.245475e-03  8.237709e+00  7.119490e-03 
   75941081   4.656491e+02   5.347885e-01   5.039139e+02   2.634159e+00 144200605282238520       1936       3030    32 2453884.447697  8.329853e+00  1.246950e-03  8.244109e+00  5.675596e-03 
   75941658   4.644953e+02   5.301696e-01   5.039166e+02   1.877079e+00 144200605282248280       1953       2991    32 2453884.454375  8.332546e+00  1.239251e-03  8.244103e+00  4.044360e-03 
   75942159   4.644209e+02   5.309654e-01   5.045244e+02   1.601082e+00 144200605282256490       1966       2966    32 2453884.460174  8.332721e+00  1.241310e-03  8.242794e+00  3.445539e-03 
   75942767   4.618988e+02   5.288563e-01   5.028736e+02   1.235878e+00 144200605282306570       2041       2930    32 2453884.467211  8.338633e+00  1.243131e-03  8.246353e+00  2.668350e-03 
   75943291   4.619591e+02   5.262865e-01   5.030239e+02   1.062520e+00 144200605282315410       2062       2897    32 2453884.473275  8.338491e+00  1.236928e-03  8.246029e+00  2.293371e-03 
   75943856   4.641817e+02   5.290133e-01   5.030925e+02   9.005572e-01 144200605282325060       2061       2887    32 2453884.479815  8.333280e+00  1.237384e-03  8.245880e+00  1.943521e-03 
   75944351   4.630837e+02   5.291992e-01   5.031840e+02   5.291992e-01 144200605282333220       2147       2854    32 2453884.485544  8.335852e+00  1.240753e-03  8.245683e+00  1.141874e-03 
   75944846   4.646221e+02   5.272566e-01   5.046125e+02   5.272566e-01 144200605282341360       2174       2833    32 2453884.491273  8.332251e+00  1.232106e-03  8.242605e+00  1.134462e-03 
   75945437   4.647469e+02   5.305797e-01   5.047193e+02   5.305797e-01 144200605282351280       2216       2801    32 2453884.498113  8.331959e+00  1.239538e-03  8.242375e+00  1.141370e-03 
   75946010   4.637999e+02   5.292700e-01   5.046714e+02   5.292700e-01 144200605290001010       2312       2768    32 2453884.504745  8.334173e+00  1.239003e-03  8.242478e+00  1.138661e-03 
   75946499   4.634852e+02   5.291989e-01   5.048185e+02   5.291989e-01 144200605290009090       2353       2742    32 2453884.510405  8.334910e+00  1.239678e-03  8.242162e+00  1.138176e-03 
   75947069   4.609442e+02   5.281458e-01   5.023550e+02   5.281458e-01 144200605290018390       2414       2711    32 2453884.517002  8.340879e+00  1.244031e-03  8.247473e+00  1.141482e-03 
   75947578   4.619117e+02   5.266603e-01   5.041222e+02   5.266603e-01 144200605290027080       2467       2686    32 2453884.522894  8.338602e+00  1.237934e-03  8.243661e+00  1.134281e-03 
   75948072   4.609897e+02   5.261371e-01   5.027757e+02   5.261371e-01 144200605290035220       2562       2661    32 2453884.528611  8.340772e+00  1.239178e-03  8.246564e+00  1.136189e-03 
   75949207   4.624233e+02   5.227009e-01   5.051118e+02   5.227009e-01 144200605290054170       2700       2607    32 2453884.541748  8.337400e+00  1.227268e-03  8.241531e+00  1.123548e-03 
   75949756   4.623159e+02   5.227890e-01   5.043611e+02   5.227890e-01 144200605290103270       2776       2583    32 2453884.548102  8.337653e+00  1.227760e-03  8.243146e+00  1.125410e-03 
   75950364   4.591606e+02   5.218744e-01   5.023735e+02   5.218744e-01 144200605290113340       2868       2556    32 2453884.555139  8.345088e+00  1.234034e-03  8.247434e+00  1.127886e-03 
   75950802   4.605383e+02   5.209956e-01   5.028401e+02   5.209956e-01 144200605290120520       2925       2550    32 2453884.560208  8.341836e+00  1.228271e-03  8.246426e+00  1.124942e-03 
   75951241   4.618412e+02   5.208092e-01   5.043410e+02   5.208092e-01 144200605290128110       2986       2530    32 2453884.565289  8.338768e+00  1.224368e-03  8.243190e+00  1.121193e-03 
   75951735   4.612798e+02   5.215772e-01   5.037730e+02   5.215772e-01 144200605290136260       3111       2513    32 2453884.571007  8.340089e+00  1.227666e-03  8.244412e+00  1.124112e-03 
   75952532   4.606347e+02   5.210177e-01   5.025934e+02   5.210177e-01 144200605290149430       3234       2488    32 2453884.580231  8.341608e+00  1.228066e-03  8.246958e+00  1.125542e-03 
   75953093   4.588540e+02   5.215944e-01   5.021625e+02   5.215944e-01 144200605290159040       3305       2467    32 2453884.586725  8.345814e+00  1.234196e-03  8.247890e+00  1.127754e-03 
   75953537   4.588707e+02   5.199487e-01   5.030857e+02   9.759943e-01 144200605290206280       3420       2453    32 2453884.591863  8.345775e+00  1.230258e-03  8.245895e+00  2.106353e-03 
   75953967   4.594875e+02   5.168607e-01   5.030211e+02   5.168607e-01 144200605290213380       3486       2448    32 2453884.596840  8.344316e+00  1.221309e-03  8.246035e+00  1.115612e-03 
   75954331   4.501702e+02   5.207045e-01   4.981890e+02   5.078647e+00 144200605290219410       3531       2451    32 2453884.601053  8.366558e+00  1.255858e-03  8.256515e+00  1.106827e-02 
   75954715   4.562754e+02   5.223042e-01   5.023014e+02   2.813985e+00 144200605290226050       3625       2442    32 2453884.605498  8.351933e+00  1.242860e-03  8.247589e+00  6.082515e-03 
   75955143   4.590302e+02   5.228795e-01   5.033233e+02   1.322941e+00 144200605290233140       3705       2436    32 2453884.610451  8.345397e+00  1.236762e-03  8.245382e+00  2.853772e-03 
   75955508   4.560524e+02   5.187818e-01   4.998661e+02   1.767478e+00 144200605290239180       3758       2430    32 2453884.614676  8.352463e+00  1.235082e-03  8.252866e+00  3.839072e-03 
   75955934   4.558337e+02   5.226924e-01   5.005795e+02   1.863532e+00 144200605290246250       3828       2423    32 2453884.619606  8.352983e+00  1.244989e-03  8.251317e+00  4.041938e-03 
   76022009   4.705812e+02   5.794406e-01   5.061671e+02   4.777001e+00 144200605292107410       1929       3381    32 2453885.384363  8.318414e+00  1.336904e-03  8.239265e+00  1.024678e-02 
   76022200   4.700124e+02   5.642015e-01   5.060844e+02   4.289450e+00 144200605292110530       1922       3369    32 2453885.386574  8.319727e+00  1.303319e-03  8.239443e+00  9.202473e-03 
   76022396   4.711070e+02   5.531280e-01   5.090015e+02   8.031736e+00 144200605292114080       1919       3359    32 2453885.388843  8.317202e+00  1.274770e-03  8.233202e+00  1.713232e-02 
   76022659   4.696096e+02   5.453699e-01   5.068422e+02   4.002188e+00 144200605292118310       1920       3344    32 2453885.391887  8.320658e+00  1.260898e-03  8.237818e+00  8.573350e-03 
   76022926   4.675754e+02   5.402187e-01   5.045571e+02   3.597945e+00 144200605292122580       1920       3325    32 2453885.394977  8.325371e+00  1.254422e-03  8.242724e+00  7.742300e-03 
   76023202   4.649510e+02   5.393072e-01   5.026476e+02   3.584498e+00 144200605292127340       1878       3306    32 2453885.398171  8.331482e+00  1.259374e-03  8.246841e+00  7.742668e-03 
   76023463   4.658746e+02   5.382317e-01   5.038757e+02   3.208520e+00 144200605292131550       1881       3289    32 2453885.401192  8.329328e+00  1.254371e-03  8.244191e+00  6.913647e-03 
   76023717   4.632626e+02   5.356930e-01   5.011926e+02   3.096101e+00 144200605292136100       1886       3271    32 2453885.404132  8.335432e+00  1.255494e-03  8.249989e+00  6.707123e-03 
   76024119   4.624894e+02   5.337725e-01   5.017906e+02   2.718277e+00 144200605292142510       1850       3245    32 2453885.408785  8.337246e+00  1.253084e-03  8.248693e+00  5.881620e-03 
   76024378   4.615725e+02   5.309783e-01   5.016240e+02   2.716861e+00 144200605292147110       1858       3229    32 2453885.411782  8.339400e+00  1.249001e-03  8.249054e+00  5.880510e-03 
   76024631   4.637312e+02   5.318373e-01   5.037775e+02   2.537655e+00 144200605292151230       1869       3214    32 2453885.414711  8.334334e+00  1.245198e-03  8.244403e+00  5.469148e-03 
   76024895   4.638316e+02   5.325280e-01   5.046197e+02   3.020109e+00 144200605292155480       1836       3195    32 2453885.417766  8.334099e+00  1.246545e-03  8.242589e+00  6.498068e-03 
   76025155   4.622738e+02   5.315480e-01   5.032990e+02   2.440319e+00 144200605292200080       1849       3178    32 2453885.420775  8.337751e+00  1.248444e-03  8.245435e+00  5.264368e-03 
   76025408   4.601381e+02   5.297093e-01   5.010262e+02   2.053376e+00 144200605292204200       1863       3163    32 2453885.423704  8.342779e+00  1.249900e-03  8.250349e+00  4.449732e-03 
   76025747   4.631602e+02   5.297866e-01   5.050604e+02   2.163277e+00 144200605292209590       1896       3143    32 2453885.427627  8.335671e+00  1.241926e-03  8.241642e+00  4.650447e-03 
   76026078   4.566392e+02   5.235414e-01   4.996176e+02   1.676149e+00 144200605292215300       1903       3118    32 2453885.431458  8.351067e+00  1.244812e-03  8.253406e+00  3.642509e-03 
   76026507   4.598991e+02   5.238233e-01   5.020747e+02   1.500564e+00 144200605292222390       1905       3087    32 2453885.436424  8.343344e+00  1.236654e-03  8.248079e+00  3.244981e-03 
   76027011   4.614617e+02   5.273537e-01   5.045940e+02   1.327531e+00 144200605292231030       1943       3051    32 2453885.442257  8.339661e+00  1.240773e-03  8.242644e+00  2.856461e-03 
   76027460   4.612114e+02   5.242248e-01   5.044373e+02   1.415961e+00 144200605292238320       1941       3025    32 2453885.447454  8.340250e+00  1.234080e-03  8.242982e+00  3.047685e-03 
   76028035   4.577861e+02   5.235724e-01   5.018499e+02   1.319949e+00 144200605292248070       1980       2983    32 2453885.454109  8.348344e+00  1.241767e-03  8.248566e+00  2.855676e-03 
   76028538   4.578762e+02   5.229314e-01   5.018188e+02   1.319625e+00 144200605292256300       1992       2952    32 2453885.459931  8.348130e+00  1.240002e-03  8.248632e+00  2.855154e-03 
   76029130   4.548343e+02   5.205586e-01   4.989639e+02   1.224485e+00 144200605292306220       2031       2920    32 2453885.466782  8.355367e+00  1.242631e-03  8.254827e+00  2.664465e-03 
   76029668   4.547287e+02   5.181896e-01   4.989037e+02   1.311285e+00 144200605292315210       2096       2880    32 2453885.473009  8.355619e+00  1.237263e-03  8.254958e+00  2.853687e-03 
   76030272   4.603099e+02   5.209544e-01   5.047788e+02   6.810965e-01 144200605292325240       2125       2864    32 2453885.480000  8.342374e+00  1.228783e-03  8.242248e+00  1.464986e-03 
   76030786   4.621751e+02   5.204769e-01   5.043337e+02   5.204769e-01 144200605292333580       2147       2848    32 2453885.485949  8.337984e+00  1.222702e-03  8.243205e+00  1.120493e-03 
   76031346   4.613529e+02   5.221784e-01   5.034474e+02   5.221784e-01 144200605292343190       2231       2812    32 2453885.492431  8.339917e+00  1.228885e-03  8.245115e+00  1.126135e-03 
   76032411   4.594459e+02   5.186915e-01   5.024789e+02   6.200255e-01 144200605300001040       2323       2752    32 2453885.504757  8.344414e+00  1.225746e-03  8.247206e+00  1.339731e-03 
   76032943   4.571572e+02   5.198901e-01   5.011128e+02   1.056312e+00 144200605300009560       2404       2729    32 2453885.510914  8.349836e+00  1.234730e-03  8.250161e+00  2.288667e-03 
   76033530   4.605823e+02   5.172955e-01   5.037056e+02   5.172955e-01 144200605300019430       2480       2701    32 2453885.517708  8.341732e+00  1.219431e-03  8.244558e+00  1.115033e-03 
   76034041   4.615890e+02   5.211464e-01   5.050696e+02   5.211464e-01 144200605300028140       2537       2676    32 2453885.523623  8.339361e+00  1.225829e-03  8.241622e+00  1.120300e-03 
   76034567   4.597476e+02   5.192322e-01   5.032549e+02   5.192322e-01 144200605300036590       2599       2641    32 2453885.529711  8.343701e+00  1.226219e-03  8.245530e+00  1.120210e-03 
   76035199   4.612289e+02   5.185600e-01   5.042791e+02   5.185600e-01 144200605300047320       2678       2630    32 2453885.537025  8.340209e+00  1.220698e-03  8.243322e+00  1.116487e-03 
   76035702   4.609189e+02   5.181539e-01   5.040827e+02   5.181539e-01 144200605300055550       2741       2595    32 2453885.542847  8.340939e+00  1.220563e-03  8.243746e+00  1.116048e-03 
   76036270   4.610594e+02   5.177323e-01   5.042762e+02   5.177323e-01 144200605300105220       2823       2569    32 2453885.549421  8.340608e+00  1.219198e-03  8.243329e+00  1.114712e-03 
   76036740   4.577110e+02   5.128691e-01   5.009498e+02   5.128691e-01 144200605300113130       2929       2559    32 2453885.554861  8.348521e+00  1.216581e-03  8.250514e+00  1.111574e-03 
   76037181   4.567459e+02   5.149547e-01   4.999238e+02   5.149547e-01 144200605300120340       2988       2537    32 2453885.559965  8.350813e+00  1.224109e-03  8.252741e+00  1.118384e-03 
   76037612   4.606129e+02   5.163834e-01   5.039436e+02   5.163834e-01 144200605300127440       3048       2527    32 2453885.564954  8.341660e+00  1.217200e-03  8.244045e+00  1.112541e-03 
   76038118   4.596374e+02   5.173910e-01   5.034033e+02   1.058749e+00 144200605300136110       3126       2508    32 2453885.570810  8.343962e+00  1.222164e-03  8.245210e+00  2.283510e-03 
   76038553   4.622866e+02   5.159364e-01   5.058750e+02   1.062001e+00 144200605300143250       3229       2495    32 2453885.575845  8.337722e+00  1.211744e-03  8.239892e+00  2.279333e-03 
   76039067   4.583891e+02   5.130701e-01   5.017689e+02   1.139660e+00 144200605300152000       3313       2478    32 2453885.581794  8.346914e+00  1.215257e-03  8.248741e+00  2.466026e-03 
   76039572   4.571814e+02   5.152200e-01   5.010361e+02   7.407849e-01 144200605300200240       3396       2459    32 2453885.587639  8.349779e+00  1.223574e-03  8.250327e+00  1.605273e-03 
   76039999   4.588893e+02   5.163324e-01   5.021493e+02   8.148968e-01 144200605300207310       3462       2455    32 2453885.592581  8.345730e+00  1.221652e-03  8.247918e+00  1.761958e-03 
   76040425   4.596536e+02   5.172560e-01   5.035753e+02   9.752439e-01 144200605300214370       3530       2440    32 2453885.597512  8.343924e+00  1.221802e-03  8.244839e+00  2.102687e-03 
   76040809   4.618426e+02   5.179722e-01   5.055035e+02   1.325853e+00 144200605300221010       3625       2449    32 2453885.601956  8.338765e+00  1.217694e-03  8.240689e+00  2.847718e-03 
   76041239   4.558881e+02   5.156037e-01   4.994486e+02   1.400689e+00 144200605300228110       3700       2438    32 2453885.606933  8.352855e+00  1.227958e-03  8.253773e+00  3.044927e-03 
   76041602   4.588053e+02   5.180997e-01   5.025010e+02   1.143257e+00 144200605300234140       3752       2434    32 2453885.611134  8.345929e+00  1.226057e-03  8.247158e+00  2.470204e-03 
   76041976   4.606999e+02   5.185000e-01   5.047022e+02   8.963231e-01 144200605300240290       3849       2427    32 2453885.615463  8.341455e+00  1.221958e-03  8.242412e+00  1.928214e-03 
   76042457   4.604279e+02   5.179772e-01   5.040814e+02   8.952871e-01 144200605300248290       3935       2421    32 2453885.621030  8.342096e+00  1.221448e-03  8.243749e+00  1.928357e-03 
   76043042   4.545695e+02   5.157444e-01   4.978943e+02   1.220292e+00 144200605300258150       4066       2407    32 2453885.627801  8.355999e+00  1.231856e-03  8.257157e+00  2.661046e-03 
   76043305   4.581229e+02   5.173146e-01   5.016305e+02   1.406609e+00 144200605300302380       4088       2409    32 2453885.630845  8.347545e+00  1.226023e-03  8.249040e+00  3.044496e-03 
   76112948   5.149072e+02   6.681969e-01   5.092895e+02   4.914989e+00 144200605302223220       1992       3058    32 2453886.436898  8.220677e+00  1.408969e-03  8.232588e+00  1.047813e-02 
   76113207   5.100317e+02   6.625872e-01   5.047273e+02   4.099701e+00 144200605302227420       2012       3038    32 2453886.439896  8.231008e+00  1.410496e-03  8.242358e+00  8.819040e-03 
   76115272   5.134449e+02   6.632277e-01   5.068450e+02   3.154309e+00 144200605302302060       2091       2921    32 2453886.463796  8.223765e+00  1.402473e-03  8.237812e+00  6.757016e-03 
   76125152   3.763560e+02   4.250932e-01   4.382418e+02   8.409822e+01 144200605310146460       3388      14859    32 2453886.578148  8.561003e+00  1.226341e-03  8.395716e+00  2.083526e-01 
   76125671   3.980585e+02   5.032865e-01   4.589734e+02   8.683593e+01 144200605310155250       3425      14865    32 2453886.584155  8.500133e+00  1.372759e-03  8.345531e+00  2.054177e-01 
   76126110   3.705010e+02   4.219876e-01   4.354317e+02   8.751203e+01 144200605310202450       3490      14852    32 2453886.589236  8.578027e+00  1.236620e-03  8.402699e+00  2.182094e-01 
   76126559   3.852529e+02   4.339564e-01   4.494766e+02   8.582022e+01 144200605310210140       3550      14822    32 2453886.594433  8.535635e+00  1.222999e-03  8.368233e+00  2.073043e-01 
   76127041   3.638440e+02   4.236627e-01   4.302889e+02   9.404144e+01 144200605310218160       3658      14844    32 2453886.600012  8.597712e+00  1.264244e-03  8.415600e+00  2.372930e-01 
   76127525   3.702664e+02   4.215372e-01   4.350755e+02   9.054950e+01 144200605310226190       3754      14839    32 2453886.605613  8.578714e+00  1.236082e-03  8.403588e+00  2.259682e-01 
   76127885   3.855605e+02   4.289024e-01   4.480741e+02   8.910073e+01 144200605310232200       3796      14816    32 2453886.609780  8.534769e+00  1.207791e-03  8.371626e+00  2.159023e-01 
   76128256   3.682919e+02   4.201146e-01   4.334545e+02   9.046343e+01 144200605310238310       3862      14821    32 2453886.614074  8.584519e+00  1.238515e-03  8.407641e+00  2.265976e-01 
   76128764   3.618496e+02   4.169079e-01   4.274323e+02   9.217879e+01 144200605310246580       3982      14822    32 2453886.619954  8.603680e+00  1.250944e-03  8.422832e+00  2.341475e-01 
   76129122   3.811680e+02   4.274756e-01   4.466575e+02   9.365012e+01 144200605310252570       4035      14803    32 2453886.624097  8.547209e+00  1.217645e-03  8.375064e+00  2.276458e-01 
   76129498   3.657668e+02   4.199658e-01   4.316021e+02   9.282783e+01 144200605310259130       4101      14810    32 2453886.628449  8.591990e+00  1.246624e-03  8.412291e+00  2.335180e-01 
   76194918   4.701242e+02   5.710582e-01   5.053687e+02   5.447524e+00 144200605312109340       1910       3338    32 2453887.385625  8.319468e+00  1.318844e-03  8.240979e+00  1.170352e-02 
   76195117   4.700219e+02   5.577770e-01   5.057995e+02   4.868049e+00 144200605312112540       1907       3322    32 2453887.387928  8.319705e+00  1.288452e-03  8.240054e+00  1.044966e-02 
   76195319   4.695497e+02   5.518028e-01   5.055555e+02   5.059110e+00 144200605312116160       1865       3306    32 2453887.390266  8.320796e+00  1.275934e-03  8.240578e+00  1.086503e-02 
   76195523   4.673753e+02   5.462614e-01   5.039695e+02   4.849357e+00 144200605312119400       1863       3294    32 2453887.392627  8.325835e+00  1.268997e-03  8.243989e+00  1.044734e-02 
   76195716   4.670230e+02   5.424740e-01   5.036011e+02   4.555545e+00 144200605312122530       1867       3280    32 2453887.394861  8.326654e+00  1.261149e-03  8.244783e+00  9.821539e-03 
   76195926   4.706869e+02   5.427890e-01   5.087218e+02   4.406147e+00 144200605312126220       1871       3268    32 2453887.397292  8.318170e+00  1.252059e-03  8.233799e+00  9.403823e-03 
   76196254   4.600286e+02   5.373997e-01   4.978055e+02   3.360499e+00 144200605312131510       1828       3241    32 2453887.401088  8.343038e+00  1.268348e-03  8.257351e+00  7.329425e-03 
   76196454   4.635230e+02   5.374463e-01   5.015265e+02   3.768058e+00 144200605312135110       1847       3232    32 2453887.403403  8.334822e+00  1.258895e-03  8.249266e+00  8.157357e-03 
   76196655   4.690012e+02   5.377914e-01   5.078828e+02   3.523786e+00 144200605312138310       1856       3218    32 2453887.405729  8.322065e+00  1.244989e-03  8.235591e+00  7.533067e-03 
   76196862   4.705125e+02   5.405129e-01   5.102461e+02   3.345550e+00 144200605312141580       1862       3207    32 2453887.408125  8.318572e+00  1.247271e-03  8.230551e+00  7.118912e-03 
   76197056   4.632196e+02   5.369495e-01   5.027034e+02   2.914291e+00 144200605312145130       1850       3194    32 2453887.410370  8.335532e+00  1.258555e-03  8.246720e+00  6.294292e-03 
   76197247   4.647210e+02   5.385432e-01   5.055646e+02   2.547671e+00 144200605312148240       1835       3176    32 2453887.412581  8.332019e+00  1.258213e-03  8.240559e+00  5.471325e-03 
   76197453   4.675380e+02   5.376499e-01   5.083649e+02   2.753280e+00 144200605312151490       1844       3167    32 2453887.414965  8.325458e+00  1.248558e-03  8.234561e+00  5.880317e-03 
   76197647   4.605614e+02   5.343239e-01   5.013571e+02   2.716127e+00 144200605312155040       1855       3147    32 2453887.417211  8.341782e+00  1.259630e-03  8.249632e+00  5.882051e-03 
   76197916   4.631048e+02   5.359974e-01   5.036215e+02   2.728249e+00 144200605312159320       1881       3141    32 2453887.420324  8.335802e+00  1.256635e-03  8.244740e+00  5.881737e-03 
   76198193   4.628802e+02   5.336139e-01   5.044218e+02   2.541130e+00 144200605312204090       1907       3117    32 2453887.423530  8.336329e+00  1.251654e-03  8.243015e+00  5.469642e-03 
   76198454   4.597898e+02   5.336362e-01   5.013516e+02   2.621083e+00 144200605312208310       1879       3097    32 2453887.426551  8.343601e+00  1.260120e-03  8.249644e+00  5.676286e-03 
   76198825   4.607384e+02   5.329720e-01   5.025516e+02   2.248141e+00 144200605312214410       1903       3079    32 2453887.430845  8.341364e+00  1.255960e-03  8.247048e+00  4.857008e-03 
   76199277   4.582419e+02   5.301270e-01   5.007328e+02   2.333869e+00 144200605312222130       1921       3050    32 2453887.436076  8.347263e+00  1.256062e-03  8.250985e+00  5.060534e-03 
   76199720   4.640464e+02   5.302368e-01   5.076153e+02   1.984083e+00 144200605312229360       1934       3020    32 2453887.441204  8.333596e+00  1.240607e-03  8.236163e+00  4.243761e-03 
   76200245   4.616271e+02   5.284403e-01   5.056543e+02   1.976485e+00 144200605312238210       1963       2988    32 2453887.447280  8.339272e+00  1.242884e-03  8.240366e+00  4.243906e-03 
   76201176   4.627242e+02   5.254793e-01   5.039170e+02   1.149173e+00 144200605312253520       2015       2956    32 2453887.458056  8.336695e+00  1.232989e-03  8.244102e+00  2.476010e-03 
   76202106   4.615892e+02   5.240470e-01   5.034652e+02   5.240470e-01 144200605312309230       2078       2896    32 2453887.468819  8.339361e+00  1.232652e-03  8.245076e+00  1.130125e-03 
   76202436   4.629689e+02   5.245072e-01   5.048559e+02   6.838608e-01 144200605312314520       2094       2719    32 2453887.472639  8.336121e+00  1.230058e-03  8.242082e+00  1.470707e-03 
   76202746   4.550026e+02   5.226174e-01   5.001211e+02   1.315738e+00 144200605312320030       2158       2681    32 2453887.476227  8.354965e+00  1.247084e-03  8.252312e+00  2.856408e-03 
   76203174   4.592690e+02   5.224393e-01   5.049846e+02   1.507724e+00 144200605312327110       2174       2657    32 2453887.481181  8.344832e+00  1.235078e-03  8.241804e+00  3.241676e-03 
   76203671   4.553550e+02   5.219622e-01   4.996727e+02   1.314484e+00 144200605312335280       2239       2634    32 2453887.486933  8.354125e+00  1.244557e-03  8.253286e+00  2.856247e-03 
   76204199   4.625908e+02   5.247110e-01   5.052213e+02   5.247110e-01 144200605312344160       2285       2621    32 2453887.493044  8.337008e+00  1.231542e-03  8.241296e+00  1.127624e-03 
   76204690   4.534040e+02   5.190622e-01   4.990482e+02   1.224019e+00 144200605312352270       2335       2574    32 2453887.498727  8.358787e+00  1.242968e-03  8.254643e+00  2.663001e-03 
   76205144   4.548186e+02   5.197617e-01   5.013645e+02   1.406866e+00 144200606010000000       2413       2546    32 2453887.503981  8.355404e+00  1.240772e-03  8.249616e+00  3.046668e-03 
   76205653   4.545658e+02   5.183368e-01   5.006531e+02   9.717560e-01 144200606010008290       2461       2526    32 2453887.509873  8.356008e+00  1.238058e-03  8.251158e+00  2.107396e-03 
   76206080   4.555782e+02   5.190250e-01   5.015988e+02   1.142046e+00 144200606010015360       2496       2508    32 2453887.514815  8.353593e+00  1.236947e-03  8.249109e+00  2.472027e-03 
   76206519   4.551034e+02   5.193873e-01   5.009248e+02   8.923813e-01 144200606010022550       2579       2484    32 2453887.519896  8.354725e+00  1.239102e-03  8.250568e+00  1.934210e-03 
   76207224   4.601876e+02   5.218156e-01   5.030752e+02   5.218156e-01 144200606010034400       2694       2469    32 2453887.528056  8.342663e+00  1.231142e-03  8.245918e+00  1.126186e-03 
   76207489   4.590396e+02   5.214286e-01   5.021871e+02   5.214286e-01 144200606010039050       2681       2456    32 2453887.531123  8.345375e+00  1.233305e-03  8.247836e+00  1.127341e-03 
   76209354   4.598452e+02   5.209299e-01   5.035952e+02   5.209299e-01 144200606010110100       2952       2382    32 2453887.552708  8.343471e+00  1.229967e-03  8.244796e+00  1.123113e-03 
   76209778   4.583627e+02   5.193047e-01   5.010894e+02   5.193047e-01 144200606010117150       3007       2373    32 2453887.557616  8.346976e+00  1.230095e-03  8.250212e+00  1.125208e-03 
   76210281   4.598327e+02   5.206695e-01   5.026456e+02   5.206695e-01 144200606010125370       3142       2353    32 2453887.563438  8.343500e+00  1.229385e-03  8.246845e+00  1.124672e-03 
   76211254   4.587276e+02   5.214447e-01   5.022047e+02   6.222294e-01 144200606010141500       3304       2319    32 2453887.574699  8.346113e+00  1.234182e-03  8.247798e+00  1.345227e-03 
   76211634   4.596275e+02   5.200617e-01   5.027663e+02   5.200618e-01 144200606010148110       3340       2307    32 2453887.579097  8.343985e+00  1.228499e-03  8.246585e+00  1.123090e-03 
   76212508   4.610203e+02   5.214051e-01   5.034137e+02   5.752873e-01 144200606010202450       3514       2286    32 2453887.589213  8.340700e+00  1.227951e-03  8.245188e+00  1.240754e-03 
   76213328   4.575619e+02   5.190530e-01   4.999102e+02   5.190529e-01 144200606010216240       3648       2278    32 2453887.598704  8.348875e+00  1.231651e-03  8.252770e+00  1.127315e-03 
   76213718   4.633308e+02   5.223597e-01   5.052543e+02   5.223597e-01 144200606010222550       3738       2274    32 2453887.603218  8.335272e+00  1.224065e-03  8.241225e+00  1.122498e-03 
   76214081   4.606352e+02   5.183134e-01   5.028918e+02   8.168737e-01 144200606010228590       3790       2272    32 2453887.607419  8.341607e+00  1.221690e-03  8.246314e+00  1.763625e-03 
   76214454   4.612068e+02   5.218765e-01   5.034065e+02   5.218765e-01 144200606010235110       3847       2261    32 2453887.611736  8.340261e+00  1.228564e-03  8.245203e+00  1.125576e-03 
   76214973   4.594832e+02   5.208989e-01   5.021122e+02   6.217379e-01 144200606010243500       3946       2252    32 2453887.617743  8.344326e+00  1.230863e-03  8.247998e+00  1.344412e-03 
   76215350   4.581664e+02   5.221384e-01   5.019358e+02   8.183815e-01 144200606010250070       4045       2248    32 2453887.622106  8.347442e+00  1.237338e-03  8.248380e+00  1.770245e-03 
   76215716   4.594071e+02   5.225621e-01   5.016283e+02   7.463591e-01 144200606010256140       4101       2246    32 2453887.626343  8.344505e+00  1.234997e-03  8.249045e+00  1.615443e-03 
   77577591   5.188325e+02   5.613014e-01   5.006392e+02   2.646106e+01 141200606162114530       8807      26714    32 2453903.388785  8.212432e+00  1.174613e-03  8.251188e+00  5.738629e-02 
   77577917   5.217675e+02   5.432036e-01   5.054737e+02   2.529357e+01 141200606162120200       8806      26756    32 2453903.392558  8.206307e+00  1.130346e-03  8.240753e+00  5.432970e-02 
   77578232   5.169986e+02   5.332090e-01   5.016286e+02   2.497269e+01 141200606162125350       8775      26780    32 2453903.396204  8.216276e+00  1.119783e-03  8.249044e+00  5.405164e-02 
   77578632   5.168425e+02   5.289393e-01   5.015437e+02   2.471178e+01 141200606162132150       8785      26822    32 2453903.400833  8.216604e+00  1.111152e-03  8.249228e+00  5.349598e-02 
   78020612   5.549796e+02   5.257915e-01   5.418441e+02   5.484101e+01 141200606220018530       9199      21347    32 2453908.516343  8.139308e+00  1.028638e-03  8.165315e+00  1.098897e-01 
   78021330   5.520893e+02   5.206101e-01   5.330567e+02   4.863204e+01 141200606220030520       9088      21364    32 2453908.524653  8.144977e+00  1.023833e-03  8.183066e+00  9.905466e-02 
   81723706   4.219792e+02   5.589932e-01   4.219792e+02   5.589932e-01 143200608032100470      25188      10222     0 2453951.376227  8.436772e+00  1.438273e-03  8.436772e+00  1.438273e-03 
   81723966   4.245190e+02   5.407160e-01   4.245190e+02   5.407160e-01 143200608032105080      25140      10236     0 2453951.379236  8.430257e+00  1.382923e-03  8.430257e+00  1.382923e-03 
   81724485   4.317200e+02   5.290022e-01   4.317200e+02   5.290022e-01 143200608032113460      25072      10262     0 2453951.385243  8.411995e+00  1.330397e-03  8.411995e+00  1.330397e-03 
   81725117   4.382414e+02   5.248937e-01   4.382414e+02   5.248937e-01 143200608032124180      24987      10285     0 2453951.392558  8.395717e+00  1.300420e-03  8.395717e+00  1.300420e-03 
   81725776   4.380673e+02   5.229399e-01   4.380673e+02   5.229399e-01 143200608032135180      24883      10303     0 2453951.400185  8.396148e+00  1.296095e-03  8.396148e+00  1.296095e-03 
   81726593   4.410967e+02   5.271943e-01   4.410967e+02   5.271943e-01 143200608032148540      24726      10325     0 2453951.409641  8.388665e+00  1.297665e-03  8.388665e+00  1.297665e-03 
   81727473   4.420845e+02   5.286076e-01   4.420845e+02   5.286076e-01 143200608032203350      24575      10341     0 2453951.419826  8.386237e+00  1.298237e-03  8.386237e+00  1.298237e-03 
   81728339   4.459672e+02   5.367358e-01   4.459672e+02   5.367358e-01 143200608032218000      24386      10352     0 2453951.429850  8.376742e+00  1.306723e-03  8.376742e+00  1.306723e-03 
   81810511   4.220931e+02   4.624363e-01   4.220931e+02   4.624363e-01 143200608042107390      25172      10258     0 2453952.380914  8.436480e+00  1.189514e-03  8.436480e+00  1.189514e-03 
   81811232   4.225065e+02   4.554842e-01   4.225065e+02   4.554842e-01 143200608042119400      25046      10292     0 2453952.389259  8.435416e+00  1.170485e-03  8.435416e+00  1.170485e-03 
   81811882   4.258822e+02   4.533387e-01   4.258822e+02   4.533387e-01 143200608042130290      24948      10305     0 2453952.396782  8.426776e+00  1.155737e-03  8.426776e+00  1.155737e-03 
   81812563   4.266224e+02   4.544530e-01   4.266224e+02   4.544530e-01 143200608042141510      24824      10316     0 2453952.404664  8.424891e+00  1.156568e-03  8.424891e+00  1.156568e-03 
   81813350   4.285558e+02   4.556929e-01   4.285558e+02   4.556929e-01 143200608042154570      24652      10328     0 2453952.413773  8.419982e+00  1.154491e-03  8.419982e+00  1.154491e-03 
   81814133   4.284737e+02   4.550301e-01   4.284737e+02   4.550301e-01 143200608042208000      24528      10343     0 2453952.422836  8.420190e+00  1.153033e-03  8.420190e+00  1.153033e-03 
   81896788   1.351901e+02   1.451732e-01   1.351901e+02   1.451732e-01 143200608052105400      25046      10256     0 2453953.379491  9.672638e+00  1.165916e-03  9.672638e+00  1.165916e-03 
   81898102   1.360823e+02   1.427616e-01   1.360823e+02   1.427616e-01 143200608052127360      24952      10293     0 2453953.394699  9.665496e+00  1.139031e-03  9.665496e+00  1.139031e-03 
   82069194   1.353089e+02   1.535494e-01   1.353089e+02   1.535494e-01 143200608072059190      24988      10262     0 2453955.374931  9.671684e+00  1.232104e-03  9.671684e+00  1.232104e-03 
   82069670   1.366093e+02   1.495790e-01   1.366093e+02   1.495790e-01 143200608072107140      25013      10262     0 2453955.380440  9.661299e+00  1.188820e-03  9.661299e+00  1.188820e-03 
