\OBJNAME = '1SWASP J094728.62-374328.2'
\OBSSTART = '2006-05-16T18:14:50'
\OBSSTOP = '2008-05-14T20:07:00'
\TSTART = 74888228
\TSTOP = 137880566
\JD_REF = 2453005.5
\RA_OBJ = '146.869286'
\DEC_OBJ = '-37.724519'
\WASP_MAG = 7.928737
\HJD_START = 2453872.261898
\HJD_STOP = 2454601.339884
\fixlen = T
\NUMRECORDS = 74
\
\ This file was produced by the NASA Exoplanet Archive  http://exoplanetarchive.ipac.caltech.edu 
\ Wed Sep 18, 11:35:06 2013
\ Documentation for the SuperWASP dataset can be found at http://exoplanetarchive.ipac.caltech.edu/docs/SuperWASPMission.html
\
|TMID      |FLUX2         |FLUX2_ERR     |TAMFLUX2      |TAMFLUX2_ERR  |IMAGEID           |CCDX      |CCDY      |FLAG |           HJD|         MAG2|     MAG2_ERR|      TAMMAG2|  TAMMAG2_ERR|
|int       |float         |float         |float         |float         |char              |int       |int       |int  |        double|        float|        float|        float|        float|
|sec       |micro Vega    |micro Vega    |micro Vega    |micro Vega    |                  |1/16 pixel|1/16 pixel|     |           day|          mag|          mag|          mag|          mag|
|null      |null          |null          |null          |null          |null              |null      |null      |null |          null|         null|         null|         null|         null|
   74888228   1.029926e+03   1.748790e+00   1.106369e+03   1.965052e+02 221200605161814500      25377       4765    32 2453872.261898  7.467985e+00  1.843560e-03  7.390250e+00  1.928413e-01 
   74888268   5.414601e+02   1.557199e+00   6.012597e+02   1.391173e+02 221200605161815290      25378       4766    32 2453872.262361  8.166083e+00  3.122508e-03  8.052344e+00  2.512146e-01 
   74888701   1.093435e+03   4.200856e+00   1.141989e+03   4.539357e+02 221200605161822420      25385       4776    32 2453872.267373  7.403018e+00  4.171293e-03  7.355845e+00  4.315770e-01 
   74888738   5.901556e+02   2.143015e+00   5.268519e+02   1.242441e+02 221200605161823200      25385       4778    32 2453872.267801  8.072583e+00  3.942616e-03  8.195779e+00  2.560430e-01 
   74889819   7.790269e+02   1.335803e+00   7.290420e+02   1.141212e+02 221200605161841210      25410       4800    32 2453872.280312  7.771119e+00  1.861727e-03  7.843119e+00  1.699573e-01 
   74895475   6.416254e+02   4.519884e+00   7.032003e+02   2.568661e+02 221200605162015370      25597       4785    32 2453872.345775  7.981796e+00  7.648417e-03  7.882302e+00  3.966008e-01 
   74895513   9.102106e+02   5.792732e+00   8.801678e+02   4.513787e+02 221200605162016150      25597       4784    32 2453872.346215  7.602145e+00  6.909830e-03  7.638587e+00  5.568029e-01 
   95049091   2.774375e+02   3.302068e+00   2.774375e+02   3.302068e+00 221200701050228440      23809       4464     0 2454105.605220  8.892087e+00  1.292250e-02  8.892087e+00  1.292250e-02 
   95289634   5.018904e+02   1.965313e+00   5.018904e+02   1.965313e+00 221200701072117330      24099       3932     0 2454108.389282  8.248478e+00  4.251563e-03  8.248478e+00  4.251563e-03 
   95289674   4.757669e+02   2.159010e+00   4.757669e+02   2.159010e+00 221200701072118120      24095       3932     0 2454108.389745  8.306515e+00  4.927041e-03  8.306515e+00  4.927041e-03 
   96415244   6.262222e+02   1.184098e+00   6.262222e+02   1.184098e+00 221200701202156410      23907       4127     0 2454121.417176  8.008179e+00  2.052981e-03  8.008179e+00  2.052981e-03 
   96415282   6.789464e+02   1.315642e+00   6.789464e+02   1.315642e+00 221200701202157190      23905       4130     0 2454121.417616  7.920412e+00  2.103914e-03  7.920412e+00  2.103914e-03 
   96419041   2.171271e+02   3.701719e+00   2.171271e+02   3.701719e+00 221200701202259570      23821       4289     0 2454121.461123  9.158216e+00  1.851038e-02  9.158216e+00  1.851038e-02 
   96419079   2.054034e+02   6.445378e+00   2.054034e+02   6.445378e+00 221200701202300350      23817       4293     0 2454121.461562  9.218481e+00  3.406957e-02  9.218481e+00  3.406957e-02 
   97960180   6.080931e-01   7.599539e-01   6.080931e-01   7.599539e-01 221200702071904320      24099       3920     0 2454139.298380  1.554008e+01  1.356885e+00  1.554008e+01  1.356885e+00 
   97960411   1.936960e+01   1.030747e+00   1.936960e+01   1.030747e+00 221200702071908230      24091       3926     0 2454139.301053  1.178220e+01  5.777729e-02  1.178220e+01  5.777729e-02 
   97960680   1.287181e+01   3.140726e-01   1.287181e+01   3.140725e-01 221200702071912520      24081       3935     0 2454139.304167  1.222590e+01  2.649210e-02  1.222590e+01  2.649210e-02 
   97962153   2.186597e+01   3.798988e-01   2.186597e+01   3.798988e-01 221200702071937240      24018       3989     0 2454139.321215  1.165058e+01  1.886362e-02  1.165058e+01  1.886362e-02 
   97962422   8.341682e+01   2.388465e+00   8.341682e+01   2.388465e+00 221200702071941530      24009       3997     0 2454139.324329  1.019687e+01  3.108787e-02  1.019687e+01  3.108787e-02 
  100295584   3.911165e+02   4.559342e+00   3.911165e+02   4.559342e+00 221200703061947130      23838       4250     0 2454166.328519  8.519235e+00  1.265674e-02  8.519235e+00  1.265674e-02 
  101590412   7.956699e+02   2.128127e+00   7.956699e+02   2.128127e+00 221200703211927490      23805       4270     0 2454181.314954  7.748168e+00  2.903959e-03  7.748168e+00  2.903959e-03 
  101591014   4.858998e+01   1.545258e+00   4.858998e+01   1.545258e+00 221200703211937510      23800       4298     0 2454181.321921  1.078363e+01  3.452868e-02  1.078363e+01  3.452868e-02 
  101591700   2.176708e+02   1.433711e+00   2.176708e+02   1.433711e+00 221200703211949180      23789       4316     0 2454181.329861  9.155499e+00  7.151338e-03  9.155499e+00  7.151338e-03 
  102039687   2.964553e+02   1.080871e+00   2.964553e+02   1.080871e+00 221200703270015520      24128       4390     0 2454186.514896  8.820102e+00  3.958590e-03  8.820102e+00  3.958590e-03 
  105473267   2.273938e+02   3.366518e+00   2.273938e+02   3.366518e+00 221200705051804310      23780       4407     0 2454226.255405  9.108053e+00  1.607415e-02  9.108053e+00  1.607415e-02 
  105563225   8.292603e+02   2.702456e+00   8.292603e+02   2.702456e+00 221200705061903530      23843       4490     0 2454227.296586  7.703273e+00  3.538292e-03  7.703273e+00  3.538292e-03 
  105563263   8.592902e+02   2.603676e+00   8.592902e+02   2.603676e+00 221200705061904310      23844       4492     0 2454227.297025  7.664650e+00  3.289826e-03  7.664650e+00  3.289826e-03 
  105563661   2.831658e+02   6.281776e+00   2.831658e+02   6.281776e+00 221200705061911100      23853       4492     0 2454227.301632  8.869898e+00  2.408616e-02  8.869898e+00  2.408616e-02 
  105563699   3.629632e+02   7.981248e+00   3.629632e+02   7.981248e+00 221200705061911480      23854       4493     0 2454227.302072  8.600344e+00  2.387449e-02  8.600344e+00  2.387449e-02 
  105651094   6.654192e+02   5.900075e+00   6.654192e+02   5.900075e+00 221200705071928270      23886       4617     0 2454228.313588  7.942262e+00  9.626935e-03  7.942262e+00  9.626935e-03 
  105651131   5.640452e+02   9.303933e+00   5.640452e+02   9.303933e+00 221200705071929050      23887       4614     0 2454228.314016  8.121716e+00  1.790929e-02  8.121716e+00  1.790929e-02 
  105651502   7.167177e+02   4.876474e+00   7.167177e+02   4.876474e+00 221200705071935160      23909       4491     0 2454228.318310  7.861629e+00  7.387264e-03  7.861629e+00  7.387264e-03 
  105651540   9.165991e+02   5.778697e+00   9.165991e+02   5.778697e+00 221200705071935540      23912       4491     0 2454228.318750  7.594552e+00  6.845045e-03  7.594552e+00  6.845045e-03 
  105652089   7.921708e+02   1.054464e+01   7.921708e+02   1.054464e+01 221200705071945030      23912       4474     0 2454228.325104  7.752953e+00  1.445236e-02  7.752953e+00  1.445236e-02 
  105652126   6.960679e+02   1.195840e+01   6.960679e+02   1.195840e+01 221200705071945400      23912       4476     0 2454228.325532  7.893371e+00  1.865294e-02  7.893371e+00  1.865294e-02 
  105653135   1.145182e+03   6.356942e+00   1.145182e+03   6.356942e+00 221200705072002290      23940       4471     0 2454228.337211  7.352814e+00  6.026977e-03  7.352814e+00  6.026977e-03 
  105653173   1.258845e+03   7.990187e+00   1.258845e+03   7.990187e+00 221200705072003070      23941       4473     0 2454228.337650  7.250069e+00  6.891446e-03  7.250069e+00  6.891446e-03 
  105653659   1.075258e+03   1.238493e+01   1.075258e+03   1.238493e+01 221200705072011130      23954       4467     0 2454228.343275  7.421218e+00  1.250566e-02  7.421218e+00  1.250566e-02 
  105653697   1.049630e+03   4.784729e+00   1.049630e+03   4.784729e+00 221200705072011500      23956       4467     0 2454228.343715  7.447410e+00  4.949336e-03  7.447410e+00  4.949336e-03 
  105654183   8.605923e+02   3.475986e+00   8.605923e+02   3.475986e+00 221200705072019560      23972       4462     0 2454228.349340  7.663006e+00  4.385371e-03  7.663006e+00  4.385371e-03 
  105654221   9.411027e+02   2.436848e+00   9.411027e+02   2.436848e+00 221200705072020350      23973       4469     0 2454228.349780  7.565907e+00  2.811366e-03  7.565907e+00  2.811366e-03 
  105654767   9.435826e+02   4.955428e+00   9.435826e+02   4.955428e+00 221200705072029400      23990       4459     0 2454228.356100  7.563050e+00  5.701997e-03  7.563050e+00  5.701997e-03 
  105654805   1.108972e+03   8.631582e+00   1.108972e+03   8.631582e+00 221200705072030180      23990       4461     0 2454228.356539  7.387699e+00  8.450759e-03  7.387699e+00  8.450759e-03 
  105655356   7.591939e+02   3.858999e+00   7.591939e+02   3.858998e+00 221200705072039300      24012       4455     0 2454228.362917  7.799118e+00  5.518839e-03  7.799118e+00  5.518839e-03 
  105655394   9.374337e+02   4.142161e+00   9.374337e+02   4.142161e+00 221200705072040080      24008       4452     0 2454228.363356  7.570148e+00  4.797470e-03  7.570148e+00  4.797470e-03 
  105655880   6.656261e+02   6.195697e+00   6.656261e+02   6.195697e+00 221200705072048150      24030       4449     0 2454228.368981  7.941924e+00  1.010615e-02  7.941924e+00  1.010615e-02 
  105655918   8.225679e+02   4.565311e+00   8.225679e+02   4.565311e+00 221200705072048530      24029       4447     0 2454228.369421  7.712070e+00  6.025936e-03  7.712070e+00  6.025936e-03 
  105656406   1.029419e+03   1.461531e+01   1.029419e+03   1.461531e+01 221200705072057000      24046       4437     0 2454228.375069  7.468520e+00  1.541494e-02  7.468520e+00  1.541494e-02 
  105656442   8.393740e+02   1.323477e+01   8.393740e+02   1.323477e+01 221200705072057370      24047       4431     0 2454228.375486  7.690111e+00  1.711934e-02  7.690111e+00  1.711934e-02 
  105827928   6.630335e+02   1.677308e+00   6.630335e+02   1.677308e+00 221200705092035520      24026       4430     0 2454230.360278  7.946161e+00  2.746648e-03  7.946161e+00  2.746648e-03 
  105827968   9.434210e+02   1.940733e+00   9.434210e+02   1.940733e+00 221200705092036310      24025       4429     0 2454230.360741  7.563236e+00  2.233501e-03  7.563236e+00  2.233501e-03 
  132695514   5.284522e+02   1.412536e+00   4.950369e+02   1.151674e+02 221200803151946060      24521       4284    32 2454541.327708  8.192486e+00  2.902149e-03  8.263406e+00  2.525909e-01 
  136228092   7.696577e+02   4.276307e+00   9.593740e+02   2.430338e+02 221200804251704120      24497       4416    32 2454582.214028  7.784256e+00  6.032497e-03  7.545030e+00  2.750455e-01 
  136228130   7.414364e+02   3.463313e+00   8.934319e+02   3.411998e+02 221200804251704500      24495       4414    32 2454582.214468  7.824815e+00  5.071585e-03  7.622346e+00  4.146418e-01 
  136228351   8.368879e+02   3.249540e+00   5.937925e+02   8.449397e+01 221200804251708320      24499       4266    32 2454582.217025  7.693332e+00  4.215805e-03  8.065913e+00  1.544959e-01 
  136228388   1.043395e+03   3.331221e+00   6.594792e+02   1.423298e+02 221200804251709090      24499       4269    32 2454582.217454  7.453878e+00  3.466414e-03  7.951997e+00  2.343260e-01 
  136229011   1.051130e+03   3.368050e+00   8.224858e+02   3.690687e+02 221200804251719320      24564       4341    32 2454582.224664  7.445858e+00  3.478946e-03  7.712179e+00  4.871970e-01 
  136229049   5.179377e+02   2.336787e+00   5.854382e+02   1.479314e+02 221200804251720100      24562       4342    32 2454582.225104  8.214306e+00  4.898548e-03  8.081297e+00  2.743502e-01 
  136229270   5.092456e+02   7.656294e+00   4.424665e+02   2.054885e+02 221200804251723520      24489       4219    32 2454582.227662  8.232682e+00  1.632364e-02  8.385299e+00  5.042349e-01 
  136229308   9.307610e+02   6.100700e+00   6.174765e+02   2.108968e+02 221200804251724300      24488       4221    32 2454582.228102  7.577905e+00  7.116514e-03  8.023449e+00  3.708305e-01 
  136230351   7.055240e+02   1.794672e+00   4.611413e+02   1.190500e+02 221200804251741520      24533       4277    32 2454582.240174  7.878721e+00  2.761843e-03  8.340415e+00  2.802988e-01 
  136230658   4.885966e+02   4.285616e+00   4.526052e+02   1.291171e+02 221200804251747000      24556       4296    32 2454582.243727  8.277624e+00  9.523327e-03  8.360702e+00  3.097348e-01 
  136230697   3.301070e+02   7.397732e+00   1.901197e+02   9.193809e+01 221200804251747380      24556       4298    32 2454582.244178  8.703363e+00  2.433154e-02  9.302432e+00  5.250423e-01 
  136231007   1.189030e+03   8.906053e+00   9.068672e+02   3.559838e+02 221200804251752490      24483       4278    32 2454582.247766  7.312018e+00  8.132393e-03  7.606141e+00  4.261989e-01 
  136231045   1.274957e+03   9.334583e+00   4.886479e+02   2.533212e+02 221200804251753270      24482       4282    32 2454582.248206  7.236261e+00  7.949232e-03  8.277510e+00  5.628612e-01 
  136331216   4.361704e+02   1.405910e+00   4.410507e+02   1.215755e+02 221200804262143020      24588       4368    32 2454583.407593  8.400860e+00  3.499669e-03  8.388779e+00  2.992840e-01 
  136331254   6.421269e+02   1.860090e+00   6.032823e+02   1.669296e+02 221200804262143400      24589       4371    32 2454583.408032  7.980948e+00  3.145132e-03  8.048698e+00  3.004267e-01 
  137281412   6.694119e+02   1.171203e+00   6.505287e+02   9.949966e+01 221200805072140290      24531       4346    32 2454594.405231  7.935767e+00  1.899611e-03  7.966834e+00  1.660661e-01 
  137281449   6.708339e+02   1.243275e+00   6.094967e+02   1.024756e+02 221200805072141060      24532       4350    32 2454594.405660  7.933463e+00  2.012232e-03  8.037572e+00  1.825471e-01 
  137792910   7.370446e+02   3.522835e+00   4.581209e+02   2.546458e+02 221200805131945580      24510       4292    32 2454600.325347  7.831265e+00  5.189485e-03  8.347549e+00  6.035069e-01 
  137792948   8.596193e+02   2.999532e+00   5.231727e+02   2.658686e+02 221200805131946360      24510       4298    32 2454600.325787  7.664235e+00  3.788552e-03  8.203387e+00  5.517570e-01 
  137798324   8.623306e+02   3.353940e+00   7.616115e+02   4.091848e+02 221200805132116120      24597       4392    32 2454600.388009  7.660816e+00  4.222866e-03  7.795666e+00  5.833267e-01 
  137798361   8.598145e+02   3.679171e+00   7.730538e+02   4.443416e+02 221200805132116500      24598       4395    32 2454600.388438  7.663988e+00  4.645912e-03  7.779476e+00  6.240696e-01 
  137880566   7.911883e+02   3.763277e+00   3.435575e+02   2.291464e+02 221200805142007000      24529       4326    32 2454601.339884  7.754301e+00  5.164308e-03  8.660002e+00  7.241682e-01 
