\OBJNAME = '1SWASP J223851.46-330452.8'
\OBSSTART = '2006-07-27T23:05:22'
\OBSSTOP = '2007-07-20T03:27:02'
\TSTART = 81126765
\TSTOP = 111987236
\JD_REF = 2453005.5
\RA_OBJ = '339.714439'
\DEC_OBJ = '-33.081347'
\WASP_MAG = 6.241782
\HJD_START = 2453944.467188
\HJD_STOP = 2454301.648565
\fixlen = T
\NUMRECORDS = 26
\
\ This file was produced by the NASA Exoplanet Archive  http://exoplanetarchive.ipac.caltech.edu 
\ Fri Sep 13, 00:15:47 2013
\ Documentation for the SuperWASP dataset can be found at http://exoplanetarchive.ipac.caltech.edu/docs/SuperWASPMission.html
\
|TMID      |FLUX2         |FLUX2_ERR     |TAMFLUX2      |TAMFLUX2_ERR  |IMAGEID           |CCDX      |CCDY      |FLAG |           HJD|         MAG2|     MAG2_ERR|      TAMMAG2|  TAMMAG2_ERR|
|int       |float         |float         |float         |float         |char              |int       |int       |int  |        double|        float|        float|        float|        float|
|sec       |micro Vega    |micro Vega    |micro Vega    |micro Vega    |                  |1/16 pixel|1/16 pixel|     |           day|          mag|          mag|          mag|          mag|
|null      |null          |null          |null          |null          |null              |null      |null      |null |          null|         null|         null|         null|         null|
   81126765   5.053097e+03   8.090794e+00   2.255149e+03   7.376323e+02 222200607272305220      26510       6503    32 2453944.467188  5.741106e+00  1.738438e-03  6.617062e+00  3.551326e-01 
   81128102   2.813240e+03   5.799821e+00   9.318300e+02   3.058098e+02 222200607272327390      26524       6508    32 2453944.482662  6.376983e+00  2.238379e-03  7.576658e+00  3.563203e-01 
   81131192   5.850097e+03   9.387086e+00   2.660088e+03   8.549412e+02 222200607280019090      26538       6481    32 2453944.518426  5.582092e+00  1.742182e-03  6.437760e+00  3.489523e-01 
   81133362   3.928827e+03   9.525376e+00   1.216856e+03   4.873583e+02 222200607280055190      26546       6439    32 2453944.543542  6.014343e+00  2.632358e-03  7.286902e+00  4.348456e-01 
   81133400   3.542659e+03   5.932068e+00   1.310269e+03   4.327311e+02 222200607280055570      26545       6437    32 2453944.543981  6.126677e+00  1.818037e-03  7.206599e+00  3.585780e-01 
   81134121   4.548491e+03   5.570172e+00   1.760957e+03   5.080507e+02 222200607280107590      26536       6429    32 2453944.552326  5.855332e+00  1.329619e-03  6.885628e+00  3.132449e-01 
   81378780   1.983177e+03   4.953653e+00   1.246642e+03   5.528264e+02 222200607302105290      26279       6419    32 2453947.384028  6.756596e+00  2.712002e-03  7.260645e+00  4.814740e-01 
   81381545   1.820800e+02   2.217901e+00   9.085442e+01   6.378876e+01 222200607302151350      26380       6471    32 2453947.416030  9.349344e+00  1.322531e-02  1.010413e+01  7.622966e-01 
   83013829   1.735891e+03   3.395284e+00   7.099435e+02   2.446454e+02 222200608181915500      26231       6347    32 2453966.308206  6.901194e+00  2.123634e-03  7.871941e+00  3.741443e-01 
   83014318   4.886306e+03   6.963469e+00   2.660070e+03   9.878094e+02 222200608181923580      26256       6367    32 2453966.313866  5.777548e+00  1.547287e-03  6.437768e+00  4.031864e-01 
   83021804   4.127747e+03   6.832112e+00   2.267544e+03   6.790574e+02 222200608182128440      26520       6478    32 2453966.400509  5.960717e+00  1.797081e-03  6.611111e+00  3.251446e-01 
   84927699   1.596396e+03   9.564327e-01   1.508551e+03   2.180498e+01 222200609092254050      26521       6484    32 2453988.459479  6.992148e+00  6.504884e-04  7.053600e+00  1.569356e-02 
   84927728   1.573224e+03   9.488862e-01   1.476091e+03   2.071461e+01 222200609092254340      26519       6483    32 2453988.459815  7.008024e+00  6.548613e-04  7.077217e+00  1.523665e-02 
   84928514   1.569117e+03   1.011734e+00   1.132746e+03   3.886350e+02 222200609092307400      26508       6402    32 2453988.468912  7.010862e+00  7.000625e-04  7.364668e+00  3.725076e-01 
   84928551   1.543500e+03   1.006274e+00   1.101030e+03   3.828603e+02 222200609092308180      26507       6402    32 2453988.469340  7.028733e+00  7.078407e-04  7.395503e+00  3.775436e-01 
   85708656   4.444464e+03   5.132166e+00   3.352442e+03   5.424336e+02 222200609182350310      26355       6536    32 2453997.498333  5.880451e+00  1.253739e-03  6.186597e+00  1.756755e-01 
   85708693   4.050775e+03   6.073952e+00   2.107841e+03   2.642352e+02 222200609182351080      26352       6535    32 2453997.498762  5.981155e+00  1.628018e-03  6.690405e+00  1.361064e-01 
   88548246   5.701292e+03   1.959233e+01   1.476876e+03   1.092814e+03 222200610212040010      26841       6493    32 2454030.363958  5.610067e+00  3.731116e-03  7.076640e+00  8.033929e-01 
   90183018   1.217527e+03   9.083503e+00   2.419936e+02   1.078953e+02 222200611091848350      26900       6577    32 2454049.284931  7.286304e+00  8.100292e-03  9.040490e+00  4.840883e-01 
  111901325   1.791988e+03   1.057468e+01   2.464271e+03   1.737979e+03 222200707190335150      25488       3801    32 2454300.654225  6.866662e+00  6.407049e-03  6.520779e+00  7.657409e-01 
  111904267   1.569985e+03   4.689704e+00   2.233236e+03   1.180500e+03 222200707190424180      25454       3658    32 2454300.688275  7.010262e+00  3.243216e-03  6.627664e+00  5.739276e-01 
  111904923   1.692383e+03   3.785930e+01   3.799131e+02   5.490744e+02 222200707190435140      25455       3632    32 2454300.695868  6.928754e+00  2.428846e-02  8.550790e+00  1.569180e+00 
  111904960   1.891079e+03   3.363834e+01   6.427161e+02   9.190352e+02 222200707190435510      25453       3629    32 2454300.696296  6.808226e+00  1.931305e-02  7.979952e+00  1.552526e+00 
  111983187   3.608774e+03   8.597415e+00   3.622729e+03   1.737058e+03 222200707200219340      25445       3828    32 2454301.601701  6.106601e+00  2.586628e-03  6.102410e+00  5.206001e-01 
  111983226   6.099859e+03   1.471787e+01   6.887895e+03   3.969129e+03 222200707200220120      25448       3826    32 2454301.602153  5.536701e+00  2.619697e-03  5.404784e+00  6.256545e-01 
  111987236   5.841926e+03   1.300843e+01   7.607646e+03   4.008600e+03 222200707200327020      25483       3789    32 2454301.648565  5.583610e+00  2.417658e-03  5.296874e+00  5.720950e-01 
