\OBJNAME = '1SWASP J151856.37-404717.6'
\OBSSTART = '2006-07-27T17:32:05'
\OBSSTOP = '2008-05-15T02:06:04'
\TSTART = 81106529
\TSTOP = 137902445
\JD_REF = 2453005.5
\RA_OBJ = '229.734897'
\DEC_OBJ = '-40.788225'
\WASP_MAG = 6.013686
\HJD_START = 2453944.232975
\HJD_STOP = 2454601.593113
\fixlen = T
\NUMRECORDS = 20
\
\ This file was produced by the NASA Exoplanet Archive  http://exoplanetarchive.ipac.caltech.edu 
\ Fri Sep 13, 20:03:15 2013
\ Documentation for the SuperWASP dataset can be found at http://exoplanetarchive.ipac.caltech.edu/docs/SuperWASPMission.html
\
|TMID      |FLUX2         |FLUX2_ERR     |TAMFLUX2      |TAMFLUX2_ERR  |IMAGEID           |CCDX      |CCDY      |FLAG |           HJD|         MAG2|     MAG2_ERR|      TAMMAG2|  TAMMAG2_ERR|
|int       |float         |float         |float         |float         |char              |int       |int       |int  |        double|        float|        float|        float|        float|
|sec       |micro Vega    |micro Vega    |micro Vega    |micro Vega    |                  |1/16 pixel|1/16 pixel|     |           day|          mag|          mag|          mag|          mag|
|null      |null          |null          |null          |null          |null              |null      |null      |null |          null|         null|         null|         null|         null|
   81106529   4.407473e+03   9.145637e+00   5.461376e+03   1.947450e+03 227200607271732050       8724      29287    32 2453944.232975  5.889526e+00  2.252943e-03  5.656744e+00  3.871596e-01 
   81106855   6.215739e+03   2.947042e+01   4.222917e+03   3.348709e+03 227200607271737320       8725      29306    32 2453944.236748  5.516268e+00  5.147773e-03  5.935969e+00  8.609754e-01 
   81106895   6.077229e+03   2.309921e+01   4.363583e+03   2.710518e+03 227200607271738120       8728      29304    32 2453944.237211  5.540736e+00  4.126838e-03  5.900392e+00  6.744269e-01 
   81108178   4.817114e+03   1.784505e+01   4.485387e+03   2.312426e+03 227200607271759350       8716      29378    32 2453944.252060  5.793033e+00  4.022135e-03  5.870500e+00  5.597496e-01 
   81108216   5.504775e+03   1.116533e+01   5.865255e+03   2.262097e+03 227200607271800130       8718      29380    32 2453944.252500  5.648151e+00  2.202206e-03  5.579283e+00  4.187455e-01 
   81109859   3.146664e+03   1.214301e+01   3.789904e+03   1.855582e+03 227200607271827350       8766      29478    32 2453944.271516  6.255374e+00  4.189881e-03  6.053430e+00  5.315912e-01 
  102039354   1.683629e+03   5.568746e+00   2.313776e+03   1.544021e+03 227200703270010580       9563      28566    32 2454186.511042  6.934384e+00  3.591178e-03  6.589197e+00  7.245322e-01 
  102040011   8.981943e+02   4.812087e+00   1.050526e+03   8.525210e+02 227200703270021550       9572      28607    32 2454186.518646  7.616574e+00  5.816865e-03  7.446483e+00  8.810981e-01 
  102040050   1.997326e+03   5.252473e+00   2.467464e+03   1.524861e+03 227200703270022330       9569      28614    32 2454186.519097  6.748878e+00  2.855228e-03  6.519373e+00  6.709732e-01 
  105652230   2.952437e+03   9.228757e+00   3.778698e+03   1.154678e+03 227200705071942380       9743      28173    32 2454228.326736  6.324548e+00  3.393817e-03  6.056644e+00  3.317758e-01 
  105652717   3.679780e+03   2.966052e+01   5.966718e+03   4.858465e+03 227200705071950450       9736      28198    32 2454228.332373  6.085445e+00  8.751505e-03  5.560661e+00  8.840755e-01 
  105652756   3.118337e+03   2.563691e+01   4.270615e+03   3.824922e+03 227200705071951230       9734      28200    32 2454228.332824  6.265193e+00  8.926239e-03  5.923774e+00  9.724292e-01 
  105654286   4.057515e+03   2.227430e+01   5.545850e+03   4.818533e+03 227200705072016530       9675      28303    32 2454228.350532  5.979350e+00  5.960322e-03  5.640079e+00  9.433494e-01 
  105654324   3.231628e+03   1.865571e+01   4.513713e+03   3.371788e+03 227200705072017310       9675      28305    32 2454228.350972  6.226447e+00  6.267816e-03  5.863665e+00  8.110583e-01 
  105655460   4.667495e+03   2.033974e+01   6.289207e+03   5.488246e+03 227200705072036280       9651      28377    32 2454228.364120  5.827291e+00  4.731375e-03  5.503510e+00  9.474658e-01 
  105655499   5.310697e+03   2.149986e+01   6.984490e+03   6.311419e+03 227200705072037060       9647      28384    32 2454228.364572  5.687121e+00  4.395516e-03  5.389663e+00  9.811111e-01 
  105655984   4.539927e+03   1.601282e+01   5.403354e+03   3.051041e+03 227200705072045120       9634      28408    32 2454228.370185  5.857378e+00  3.829524e-03  5.668342e+00  6.130705e-01 
  106614389   4.477062e+03   5.961886e+00   4.155526e+03   1.136648e+03 227200705182258250       9566      29016    32 2454239.462836  5.872517e+00  1.445827e-03  5.953435e+00  2.969791e-01 
  106614427   4.861660e+03   6.613500e+00   4.624664e+03   1.527219e+03 227200705182259030       9569      29019    32 2454239.463275  5.783039e+00  1.476973e-03  5.837300e+00  3.585476e-01 
  137902445   2.979431e+03   1.341011e+01   2.979431e+03   1.341011e+01 227200805150206040      11307      27839     0 2454601.593113  6.314667e+00  4.886803e-03  6.314667e+00  4.886803e-03 
