\OBJNAME = '1SWASP J091501.74-200713.1'
\OBSSTART = '2006-05-16T18:15:29'
\OBSSTOP = '2008-05-22T16:50:58'
\TSTART = 74888165
\TSTOP = 138559849
\JD_REF = 2453005.5
\RA_OBJ = '138.757269'
\DEC_OBJ = '-20.120319'
\WASP_MAG = 7.504458
\HJD_START = 2453872.261169
\HJD_STOP = 2454609.201956
\fixlen = T
\NUMRECORDS = 226
\
\ This file was produced by the NASA Exoplanet Archive  http://exoplanetarchive.ipac.caltech.edu 
\ Wed Sep 11, 21:49:00 2013
\ Documentation for the SuperWASP dataset can be found at http://exoplanetarchive.ipac.caltech.edu/docs/SuperWASPMission.html
\
|TMID      |FLUX2         |FLUX2_ERR     |TAMFLUX2      |TAMFLUX2_ERR  |IMAGEID           |CCDX      |CCDY      |FLAG |           HJD|         MAG2|     MAG2_ERR|      TAMMAG2|  TAMMAG2_ERR|
|int       |float         |float         |float         |float         |char              |int       |int       |int  |        double|        float|        float|        float|        float|
|sec       |micro Vega    |micro Vega    |micro Vega    |micro Vega    |                  |1/16 pixel|1/16 pixel|     |           day|          mag|          mag|          mag|          mag|
|null      |null          |null          |null          |null          |null              |null      |null      |null |          null|         null|         null|         null|         null|
   74888165   5.619993e+02   1.494877e+00   8.209068e+02   1.798958e+02 226200605161815290      17085      31076    32 2453872.261169  8.125661e+00  2.887988e-03  7.714265e+00  2.379320e-01 
   74888598   1.394735e+03   2.980344e+00   1.023527e+03   2.394125e+02 226200605161822420      17080      31059    32 2453872.266181  7.138771e+00  2.320067e-03  7.474751e+00  2.539646e-01 
   74888635   5.969714e+02   1.959283e+00   6.907399e+02   2.016114e+02 226200605161823200      17076      31061    32 2453872.266609  8.060116e+00  3.563440e-03  7.901714e+00  3.169031e-01 
   74889754   5.328583e+02   1.534003e+00   8.571207e+02   2.246910e+02 226200605161841590      17061      31010    32 2453872.279560  8.183471e+00  3.125649e-03  7.667395e+00  2.846226e-01 
   74893491   9.343164e+02   2.048329e+00   8.215143e+02   4.965880e+01 226200605161944160      17003      30839    32 2453872.322812  7.573765e+00  2.380299e-03  7.713462e+00  6.563069e-02 
   74895371   9.568356e+02   8.417446e+00   5.601522e+02   3.609052e+02 226200605162015370      16964      30834    32 2453872.344572  7.547907e+00  9.551440e-03  8.129235e+00  6.995407e-01 
   74895409   1.295035e+03   7.923615e+00   6.898962e+02   4.380512e+02 226200605162016150      16964      30832    32 2453872.345012  7.219296e+00  6.643055e-03  7.903041e+00  6.893932e-01 
   74897162   1.223819e+03   2.444817e+01   4.695799e+02   3.877776e+02 226200605162045280      16933      30673    32 2453872.365301  7.280707e+00  2.168977e-02  8.320726e+00  8.966008e-01 
   74897200   1.402035e+03   1.540660e+01   6.584392e+02   4.898744e+02 226200605162046060      16932      30671    32 2453872.365741  7.133102e+00  1.193091e-02  7.953711e+00  8.077833e-01 
   96418283   7.229846e+01   5.688920e+00   1.731091e+02   1.115394e+02 226200701202245110      17343      31307    32 2454121.452350  1.035218e+01  8.543319e-02  9.404201e+00  6.995749e-01 
   97960788   2.214567e+02   1.331513e+00   5.097273e+02   3.809828e+02 226200702071912530      17260      31406    32 2454139.305417  9.136778e+00  6.528034e-03  8.231655e+00  8.115088e-01 
   97962260   2.659645e+01   2.533340e+00   2.401722e+01   1.468771e+01 226200702071937250      17289      31410    32 2454139.322454  1.143794e+01  1.034179e-01  1.154869e+01  6.639835e-01 
   97962297   5.577057e-01   2.821646e+00   1.053339e+00   2.928765e+00 226200702071938030      17290      31414    32 2454139.322882  1.563399e+01  5.493173e+00  1.494358e+01  3.018854e+00 
   97962835   3.953081e+02   2.170595e+00   9.831805e+02   4.158770e+02 226200702071947000      17299      31418    32 2454139.329109  8.507661e+00  5.961685e-03  7.518417e+00  4.592588e-01 
   97965129   2.633457e+02   1.773986e+00   7.740366e+02   4.904196e+02 226200702072025150      17340      31410    32 2454139.355660  8.948685e+00  7.313913e-03  7.778096e+00  6.879109e-01 
  101163811   5.051717e+02   1.303052e+00   1.967388e+03   9.765079e+02 226200703162057110      17341      31159    32 2454176.377442  8.241403e+00  2.800585e-03  6.765275e+00  5.389043e-01 
  101595366   6.851619e+02   1.228426e+00   1.058023e+03   3.400260e+02 226200703212050030      17346      31163    32 2454181.372292  7.910517e+00  1.946622e-03  7.438762e+00  3.489335e-01 
  104352621   8.350997e+02   1.241428e+00   1.673655e+03   3.551160e+02 226200704221847030      17360      31151    32 2454213.284965  7.695654e+00  1.614020e-03  6.940835e+00  2.303722e-01 
  104352659   9.463628e+02   1.425784e+00   1.473121e+03   3.060460e+02 226200704221847410      17359      31149    32 2454213.285405  7.559856e+00  1.635769e-03  7.079404e+00  2.255662e-01 
  104353029   3.538326e+02   5.941225e+00   6.731144e+02   4.067938e+02 226200704221853500      17373      31176    32 2454213.289687  8.628005e+00  1.823073e-02  7.929778e+00  6.561623e-01 
  104353067   3.992354e+02   5.465341e+00   8.662625e+02   5.234948e+02 226200704221854280      17369      31172    32 2454213.290127  8.496927e+00  1.486326e-02  7.655876e+00  6.561281e-01 
  104353465   9.796477e+02   1.758996e+00   1.319890e+03   3.624168e+02 226200704221901060      17360      31117    32 2454213.294734  7.522325e+00  1.949489e-03  7.198656e+00  2.981236e-01 
  104353503   1.096058e+03   1.788871e+00   1.228804e+03   3.273037e+02 226200704221901440      17358      31116    32 2454213.295174  7.400416e+00  1.772031e-03  7.276294e+00  2.891973e-01 
  104354777   1.003879e+02   3.869924e+00   2.249706e+02   1.119202e+02 226200704221922580      17344      31050    32 2454213.309919  9.995796e+00  4.185495e-02  9.119685e+00  5.401429e-01 
  104354815   2.181274e+01   1.416542e+01   2.402672e+01   2.129981e+01 226200704221923360      17339      31049    32 2454213.310359  1.165322e+01  7.050906e-01  1.154826e+01  9.625142e-01 
  105473146   3.586021e+02   3.624567e+00   5.896417e+02   3.912549e+02 226200705051803530      17366      31209    32 2454226.254005  8.613468e+00  1.097411e-02  8.073529e+00  7.204394e-01 
  105478229   8.917643e+02   2.467419e+01   1.795708e+02   2.109190e+02 226200705051928350      17293      30944    32 2454226.312836  7.624375e+00  3.004129e-02  9.364411e+00  1.275281e+00 
  105562269   7.509561e+02   1.576901e+00   7.404011e+02   1.302604e+02 226200705061849230      17319      31028    32 2454227.285521  7.810964e+00  2.279900e-03  7.826333e+00  1.910167e-01 
  105562704   1.095188e+03   2.450431e+00   1.300760e+03   3.012306e+02 226200705061856380      17314      31010    32 2454227.290556  7.401278e+00  2.429292e-03  7.214508e+00  2.514362e-01 
  105562742   1.092251e+03   2.507430e+00   9.446866e+02   2.504406e+02 226200705061857160      17313      31008    32 2454227.290995  7.404194e+00  2.492483e-03  7.561780e+00  2.878344e-01 
  105563140   1.331140e+03   8.413141e+00   1.205512e+03   6.576194e+02 226200705061903530      17308      30989    32 2454227.295602  7.189441e+00  6.862153e-03  7.297071e+00  5.922825e-01 
  105563178   9.671299e+02   7.997238e+00   8.146369e+02   4.545591e+02 226200705061904310      17308      30987    32 2454227.296042  7.536288e+00  8.978030e-03  7.722590e+00  6.058319e-01 
  105651007   1.188096e+03   8.838171e+00   1.177599e+03   5.314470e+02 226200705071928280      17284      30817    32 2454228.312581  7.312871e+00  8.076752e-03  7.322507e+00  4.899915e-01 
  105651044   1.328919e+03   9.281990e+00   1.135166e+03   4.594345e+02 226200705071929050      17284      30817    32 2454228.313009  7.191254e+00  7.583478e-03  7.362351e+00  4.394302e-01 
  105651415   1.246942e+03   3.950120e+00   1.051946e+03   3.199113e+02 226200705071935160      17259      30907    32 2454228.317303  7.260384e+00  3.439456e-03  7.445016e+00  3.301884e-01 
  105651453   1.275063e+03   2.981286e+00   1.158290e+03   1.969510e+02 226200705071935540      17258      30904    32 2454228.317743  7.236170e+00  2.538620e-03  7.340456e+00  1.846148e-01 
  105652564   7.054368e+02   4.845632e+00   5.879433e+02   2.023954e+02 226200705071954250      17269      30866    32 2454228.330602  7.878855e+00  7.457927e-03  8.076661e+00  3.737584e-01 
  105653048   4.176228e+02   1.222046e+01   4.188250e+02   2.048925e+02 226200705072002290      17259      30842    32 2454228.336204  8.448040e+00  3.177088e-02  8.444919e+00  5.311524e-01 
  105653086   1.356995e+03   1.012056e+01   1.536311e+03   7.205129e+02 226200705072003070      17258      30838    32 2454228.336644  7.168554e+00  8.097518e-03  7.033802e+00  5.092000e-01 
  105653572   1.362246e+03   3.500310e+00   1.168921e+03   3.616350e+02 226200705072011130      17251      30818    32 2454228.342269  7.164361e+00  2.789824e-03  7.330537e+00  3.359009e-01 
  105653610   1.249414e+03   2.456387e+00   1.307223e+03   4.757825e+02 226200705072011500      17250      30816    32 2454228.342708  7.258234e+00  2.134599e-03  7.209126e+00  3.951707e-01 
  105654097   1.322205e+03   4.221662e+00   1.671667e+03   4.234311e+02 226200705072019570      17239      30794    32 2454228.348345  7.196753e+00  3.466654e-03  6.942126e+00  2.750166e-01 
  105654134   1.675806e+03   4.782575e+00   1.254508e+03   3.735811e+02 226200705072020350      17239      30792    32 2454228.348773  6.939441e+00  3.098588e-03  7.253817e+00  3.233236e-01 
  105654680   1.301837e+03   1.884499e+01   1.350137e+03   1.038605e+03 226200705072029400      17233      30775    32 2454228.355093  7.213608e+00  1.571683e-02  7.174056e+00  8.352154e-01 
  105654718   1.139972e+03   1.385399e+01   1.101704e+03   7.761807e+02 226200705072030180      17233      30774    32 2454228.355532  7.357765e+00  1.319491e-02  7.394837e+00  7.649335e-01 
  105655269   3.456050e+02   9.166926e+00   7.170970e+02   2.425740e+02 226200705072039300      17208      30740    32 2454228.361910  8.653550e+00  2.879848e-02  7.861055e+00  3.672757e-01 
  105655307   1.139929e+03   1.378010e+01   1.183274e+03   5.051863e+02 226200705072040080      17211      30742    32 2454228.362350  7.357806e+00  1.312503e-02  7.317286e+00  4.635451e-01 
  105827875   9.201954e+02   2.345640e+00   1.049584e+03   2.238174e+02 226200705092036300      17244      30727    32 2454230.359664  7.590300e+00  2.767624e-03  7.447457e+00  2.315275e-01 
  105828362   9.023889e+02   1.721897e+00   1.185655e+03   2.085867e+02 226200705092044370      17234      30711    32 2454230.365301  7.611516e+00  2.071759e-03  7.315104e+00  1.910092e-01 
  105828400   8.657936e+02   1.638144e+00   9.561447e+02   1.279026e+02 226200705092045150      17233      30708    32 2454230.365741  7.656464e+00  2.054299e-03  7.548691e+00  1.452384e-01 
  125193650   6.251884e+02   9.233821e-01   6.767053e+02   1.923722e+02 226200712192357190      15262      30398    32 2454454.500579  8.009973e+00  1.603601e-03  7.924001e+00  3.086517e-01 
  125193688   5.587714e+02   9.164834e-01   5.919145e+02   1.777518e+02 226200712192357570      15261      30399    32 2454454.501019  8.131915e+00  1.780805e-03  8.069352e+00  3.260475e-01 
  125194759   6.122549e+02   1.038376e+00   6.110016e+02   1.434271e+02 226200712200015490      15242      30423    32 2454454.513414  8.032669e+00  1.841401e-03  8.034894e+00  2.548676e-01 
  125195082   1.071020e+03   1.662836e+00   1.086911e+03   2.026719e+02 226200712200021110      15236      30425    32 2454454.517153  7.425507e+00  1.685691e-03  7.409515e+00  2.024535e-01 
  125195442   1.454615e+03   4.162311e+00   1.524991e+03   9.144594e+02 226200712200027100      15230      30427    32 2454454.521319  7.093130e+00  3.106793e-03  7.041832e+00  6.510630e-01 
  125969766   9.837715e+02   2.203554e+00   1.036326e+03   2.170569e+02 226200712282331420      15248      30399    32 2454463.483403  7.517765e+00  2.431954e-03  7.461259e+00  2.274065e-01 
  129933761   1.041472e+03   1.288010e+00   1.073463e+03   1.003698e+02 226200802122035410      15213      30474    32 2454509.362975  7.455881e+00  1.342756e-03  7.423032e+00  1.015177e-01 
  131244693   1.060289e+03   1.237486e+00   1.070907e+03   8.003996e+01 226200802280044360      15238      30265    32 2454524.535799  7.436440e+00  1.267190e-03  7.425621e+00  8.114859e-02 
  132352029   1.051607e+03   7.030509e-01   1.050259e+03   4.196176e+01 226200803112020380      15133      30492    32 2454537.352187  7.445366e+00  7.258706e-04  7.446759e+00  4.337934e-02 
  132352067   1.049640e+03   7.038196e-01   1.048837e+03   4.190496e+01 226200803112021160      15136      30489    32 2454537.352627  7.447400e+00  7.280263e-04  7.448230e+00  4.337937e-02 
  132352470   1.056909e+03   7.071112e-01   1.056082e+03   4.642389e+01 226200803112027590      15132      30494    32 2454537.357292  7.439907e+00  7.264005e-04  7.440756e+00  4.772760e-02 
  132352508   1.051696e+03   7.057527e-01   1.051531e+03   4.555884e+01 226200803112028370      15134      30492    32 2454537.357731  7.445274e+00  7.285983e-04  7.445445e+00  4.704100e-02 
  132367570   1.057987e+03   7.334394e-01   1.050388e+03   3.842514e+01 226200803120039390      15256      30013    32 2454537.532060  7.438799e+00  7.526790e-04  7.446625e+00  3.971837e-02 
  132367608   1.063567e+03   7.348793e-01   1.054085e+03   3.878253e+01 226200803120040160      15256      30009    32 2454537.532500  7.433088e+00  7.501997e-04  7.442811e+00  3.994721e-02 
  132368092   1.071045e+03   7.431344e-01   1.063990e+03   4.542636e+01 226200803120048200      15256      29978    32 2454537.538102  7.425481e+00  7.533305e-04  7.432656e+00  4.635496e-02 
  132368132   1.071781e+03   7.443652e-01   1.063365e+03   4.562387e+01 226200803120049000      15257      29972    32 2454537.538565  7.424736e+00  7.540603e-04  7.433294e+00  4.658386e-02 
  132695507   1.084201e+03   1.731722e+00   1.104434e+03   4.019935e+01 226200803151945270      15175      30530    32 2454541.327627  7.412226e+00  1.734180e-03  7.392150e+00  3.951892e-02 
  132695547   9.952589e+02   9.603711e-01   1.030585e+03   1.122161e+02 226200803151946060      15174      30530    32 2454541.328090  7.505160e+00  1.047681e-03  7.467290e+00  1.182217e-01 
  133485049   9.935700e+02   1.902466e+00   9.772843e+02   1.521570e+02 226200803242305010      15220      30240    32 2454550.465845  7.507004e+00  2.078951e-03  7.524948e+00  1.690428e-01 
  133641356   7.235048e+02   5.783951e+00   7.133799e+02   5.011955e+02 226200803261830160      15172      30540    32 2454552.274954  7.851397e+00  8.679787e-03  7.866698e+00  7.628025e-01 
  134005740   5.993420e+02   9.964571e-01   6.500179e+02   1.642323e+02 226200803302343400      15237      29989    32 2454556.492361  8.055813e+00  1.805135e-03  7.967687e+00  2.743210e-01 
  134005778   5.333986e+02   1.003047e+00   5.699897e+02   1.448544e+02 226200803302344180      15237      29983    32 2454556.492801  8.182370e+00  2.041716e-03  8.110332e+00  2.759246e-01 
  134519311   1.048320e+03   7.161968e-01   1.046039e+03   4.620306e+01 226200804052223390      15254      30206    32 2454562.436470  7.448766e+00  7.417619e-04  7.451130e+00  4.795663e-02 
  134519349   1.053878e+03   7.173089e-01   1.051444e+03   4.555527e+01 226200804052224170      15255      30200    32 2454562.436910  7.443024e+00  7.389953e-04  7.445535e+00  4.704119e-02 
  134519914   1.045355e+03   7.184434e-01   1.043705e+03   5.093994e+01 226200804052233430      15261      30155    32 2454562.443449  7.451841e+00  7.461989e-04  7.453556e+00  5.299156e-02 
  134519954   1.045539e+03   7.201616e-01   1.044355e+03   5.097168e+01 226200804052234230      15263      30152    32 2454562.443912  7.451650e+00  7.478519e-04  7.452880e+00  5.299157e-02 
  134520500   1.048434e+03   7.225035e-01   1.046892e+03   5.286096e+01 226200804052243290      15267      30107    32 2454562.450231  7.448647e+00  7.482118e-04  7.450245e+00  5.482251e-02 
  134520538   1.050834e+03   7.248252e-01   1.049379e+03   5.188054e+01 226200804052244070      15268      30102    32 2454562.450671  7.446164e+00  7.489017e-04  7.447670e+00  5.367823e-02 
  134521024   1.060562e+03   7.351618e-01   1.061445e+03   5.941310e+01 226200804052252120      15271      30070    32 2454562.456296  7.436159e+00  7.526144e-04  7.435256e+00  6.077297e-02 
  134521062   1.027693e+03   7.218984e-01   1.027886e+03   5.320148e+01 226200804052252510      15271      30065    32 2454562.456736  7.470341e+00  7.626729e-04  7.470137e+00  5.619587e-02 
  134521546   1.042930e+03   7.298793e-01   1.042800e+03   5.463272e+01 226200804052300550      15268      30032    32 2454562.462338  7.454362e+00  7.598391e-04  7.454497e+00  5.688237e-02 
  134521584   1.050135e+03   7.359271e-01   1.049123e+03   5.739661e+01 226200804052301330      15270      30027    32 2454562.462778  7.446887e+00  7.608790e-04  7.447934e+00  5.939989e-02 
  134522073   1.046941e+03   7.368833e-01   1.044696e+03   5.781517e+01 226200804052309410      15267      29991    32 2454562.468437  7.450194e+00  7.641918e-04  7.452525e+00  6.008659e-02 
  134522111   1.060496e+03   7.404867e-01   1.058988e+03   6.016863e+01 226200804052310200      15267      29987    32 2454562.468877  7.436227e+00  7.581132e-04  7.437772e+00  6.168859e-02 
  134690613   1.045341e+03   7.098168e-01   1.038091e+03   3.928781e+01 226200804072158510      15231      30274    32 2454564.419132  7.451856e+00  7.372492e-04  7.459412e+00  4.109115e-02 
  134692319   1.040600e+03   7.188920e-01   1.035815e+03   4.247669e+01 226200804072227180      15255      30141    32 2454564.438877  7.456790e+00  7.500765e-04  7.461795e+00  4.452403e-02 
  134692357   1.049786e+03   7.218949e-01   1.044717e+03   4.196091e+01 226200804072227560      15255      30138    32 2454564.439317  7.447248e+00  7.466188e-04  7.452504e+00  4.360861e-02 
  134692904   1.047201e+03   7.210456e-01   1.041855e+03   4.162637e+01 226200804072237030      15259      30095    32 2454564.445648  7.449925e+00  7.475816e-04  7.455482e+00  4.337976e-02 
  134692942   1.065212e+03   7.289827e-01   1.058912e+03   4.409341e+01 226200804072237410      15260      30090    32 2454564.446088  7.431410e+00  7.430312e-04  7.437850e+00  4.521054e-02 
  134693423   1.057289e+03   7.290390e-01   1.050017e+03   4.305913e+01 226200804072245430      15262      30059    32 2454564.451655  7.439516e+00  7.486571e-04  7.447009e+00  4.452404e-02 
  134693461   1.050635e+03   7.287517e-01   1.044940e+03   4.219028e+01 226200804072246210      15262      30055    32 2454564.452095  7.446371e+00  7.531017e-04  7.452271e+00  4.383760e-02 
  134693945   1.052952e+03   7.342813e-01   1.046948e+03   4.359543e+01 226200804072254240      15260      30022    32 2454564.457697  7.443978e+00  7.571460e-04  7.450188e+00  4.521077e-02 
  134693982   1.043235e+03   7.283186e-01   1.037851e+03   4.299787e+01 226200804072255020      15260      30018    32 2454564.458125  7.454044e+00  7.579926e-04  7.459663e+00  4.498191e-02 
  134694469   1.067752e+03   7.412586e-01   1.062551e+03   4.626073e+01 226200804072303080      15259      29983    32 2454564.463762  7.428823e+00  7.537461e-04  7.434126e+00  4.727034e-02 
  134694507   1.073244e+03   7.446964e-01   1.068076e+03   4.627613e+01 226200804072303460      15259      29978    32 2454564.464201  7.423254e+00  7.533671e-04  7.428494e+00  4.704145e-02 
  134934969   7.018444e+02   1.435634e+00   7.301764e+02   1.532411e+02 226200804101751440      15165      30552    32 2454567.247326  7.884398e+00  2.220898e-03  7.841431e+00  2.278628e-01 
  134935007   6.582566e+02   2.144822e+00   6.977597e+02   2.026326e+02 226200804101752220      15165      30554    32 2454567.247766  7.954012e+00  3.537707e-03  7.890735e+00  3.153038e-01 
  134944591   9.599913e+02   1.352879e+00   9.906000e+02   1.688416e+02 226200804102032060      15129      30528    32 2454567.358692  7.544332e+00  1.530092e-03  7.510254e+00  1.850576e-01 
  134944629   1.063801e+03   1.319275e+00   1.059447e+03   1.287618e+02 226200804102032440      15127      30532    32 2454567.359132  7.432849e+00  1.346483e-03  7.437302e+00  1.319574e-01 
  134949221   9.740739e+02   1.129753e+00   9.534471e+02   1.205016e+02 226200804102149160      15223      30301    32 2454567.412280  7.528520e+00  1.259266e-03  7.551758e+00  1.372215e-01 
  135204761   9.486861e+02   1.138032e+00   9.655088e+02   9.068297e+01 226200804132048320      15161      30471    32 2454570.369919  7.557194e+00  1.302441e-03  7.538109e+00  1.019754e-01 
  135539715   1.035458e+03   4.952895e+00   9.377346e+02   6.149096e+02 226200804171751290      15210      30483    32 2454574.246701  7.462169e+00  5.193410e-03  7.569800e+00  7.119626e-01 
  135801276   1.047569e+03   7.627716e-01   1.048951e+03   4.257387e+01 226200804201831090      15134      30557    32 2454577.274028  7.449544e+00  7.905656e-04  7.448112e+00  4.406703e-02 
  135801315   1.046994e+03   7.643156e-01   1.047524e+03   4.229519e+01 226200804201831480      15133      30556    32 2454577.274479  7.450140e+00  7.926007e-04  7.449590e+00  4.383821e-02 
  135802783   1.047860e+03   7.755075e-01   1.040642e+03   6.066231e+01 226200804201856160      15131      30607    32 2454577.291470  7.449242e+00  8.035421e-04  7.456746e+00  6.329118e-02 
  135802820   1.044592e+03   7.749724e-01   1.038736e+03   5.726693e+01 226200804201856540      15131      30606    32 2454577.291898  7.452633e+00  8.054995e-04  7.458736e+00  5.985830e-02 
  135803017   1.041576e+03   7.724272e-01   1.047679e+03   5.798068e+01 226200804201900100      15188      30495    32 2454577.294178  7.455772e+00  8.051787e-04  7.449430e+00  6.008705e-02 
  135803055   1.048623e+03   7.744325e-01   1.053187e+03   5.673143e+01 226200804201900490      15187      30494    32 2454577.294618  7.448452e+00  8.018443e-04  7.443737e+00  5.848496e-02 
  135803189   1.046549e+03   7.800554e-01   1.049755e+03   5.610408e+01 226200804201903020      15099      30490    32 2454577.296169  7.450601e+00  8.092665e-04  7.447280e+00  5.802732e-02 
  135803227   1.041912e+03   7.793652e-01   1.044625e+03   5.516941e+01 226200804201903400      15098      30490    32 2454577.296609  7.455422e+00  8.121490e-04  7.452600e+00  5.734082e-02 
  135803533   1.047539e+03   7.823526e-01   1.042405e+03   6.494004e+01 226200804201908470      15102      30612    32 2454577.300150  7.449575e+00  8.108831e-04  7.454909e+00  6.763974e-02 
  135803571   1.040705e+03   7.803562e-01   1.035313e+03   6.668060e+01 226200804201909240      15101      30611    32 2454577.300590  7.456681e+00  8.141250e-04  7.462321e+00  6.992843e-02 
  135804733   1.032552e+03   7.898383e-01   1.045588e+03   6.073031e+01 226200804201928470      15171      30516    32 2454577.314039  7.465219e+00  8.305234e-04  7.451599e+00  6.306245e-02 
  135804773   1.029127e+03   7.888108e-01   1.042183e+03   6.031296e+01 226200804201929270      15170      30516    32 2454577.314502  7.468828e+00  8.322037e-04  7.455140e+00  6.283369e-02 
  135804974   1.041731e+03   7.972708e-01   1.042549e+03   6.912460e+01 226200804201932470      15087      30566    32 2454577.316829  7.455611e+00  8.309525e-04  7.454759e+00  7.198834e-02 
  135805012   1.034063e+03   7.948108e-01   1.037044e+03   6.941547e+01 226200804201933250      15087      30567    32 2454577.317269  7.463632e+00  8.345310e-04  7.460507e+00  7.267500e-02 
  135898207   1.031041e+03   9.893904e-01   9.850168e+02   1.203369e+02 226200804212126480      15221      30122    32 2454578.395914  7.466810e+00  1.041879e-03  7.516391e+00  1.326419e-01 
  135898247   1.022287e+03   1.014407e+00   9.791869e+02   1.338676e+02 226200804212127270      15222      30118    32 2454578.396377  7.476068e+00  1.077371e-03  7.522836e+00  1.484348e-01 
  135898440   1.074009e+03   1.142045e+00   1.007493e+03   1.630116e+02 226200804212130410      15214      30185    32 2454578.398611  7.422480e+00  1.154519e-03  7.491895e+00  1.756719e-01 
  135898478   1.052428e+03   1.157351e+00   9.856702e+02   1.592731e+02 226200804212131190      15215      30181    32 2454578.399051  7.444519e+00  1.193984e-03  7.515671e+00  1.754432e-01 
  135898677   1.100706e+03   1.161090e+00   1.033562e+03   1.622187e+02 226200804212134380      15216      30152    32 2454578.401354  7.395821e+00  1.145302e-03  7.464158e+00  1.704080e-01 
  135898715   1.117148e+03   1.146838e+00   1.044932e+03   1.622398e+02 226200804212135160      15217      30149    32 2454578.401794  7.379723e+00  1.114595e-03  7.452280e+00  1.685758e-01 
  135898849   1.088883e+03   1.025086e+00   1.034399e+03   1.257151e+02 226200804212137290      15228      30063    32 2454578.403345  7.407547e+00  1.022127e-03  7.463280e+00  1.319548e-01 
  135898887   1.036077e+03   1.006151e+00   9.933618e+02   1.265914e+02 226200804212138080      15228      30059    32 2454578.403785  7.461520e+00  1.054379e-03  7.507231e+00  1.383639e-01 
  135899021   1.078529e+03   1.078131e+00   1.019459e+03   1.488295e+02 226200804212140220      15200      30121    32 2454578.405336  7.417921e+00  1.085339e-03  7.479075e+00  1.585057e-01 
  135899400   1.048512e+03   8.019320e-01   1.014820e+03   7.669886e+01 226200804212146410      15286      30024    32 2454578.409722  7.448566e+00  8.304048e-04  7.484027e+00  8.205888e-02 
  135899705   1.041905e+03   7.952750e-01   1.016075e+03   8.257661e+01 226200804212151460      15312      30061    32 2454578.413252  7.455429e+00  8.287335e-04  7.482686e+00  8.823830e-02 
  135899744   1.050388e+03   8.064743e-01   1.021837e+03   8.670677e+01 226200804212152240      15312      30057    32 2454578.413704  7.446626e+00  8.336171e-04  7.476546e+00  9.212921e-02 
  135899877   1.045105e+03   8.071229e-01   1.013282e+03   8.149540e+01 226200804212154380      15314      30000    32 2454578.415243  7.452100e+00  8.385048e-04  7.485674e+00  8.732298e-02 
  135899916   1.043925e+03   8.056487e-01   1.014598e+03   8.138731e+01 226200804212155160      15315      29996    32 2454578.415694  7.453327e+00  8.379195e-04  7.484265e+00  8.709408e-02 
  135900221   1.035106e+03   8.116305e-01   1.006504e+03   7.988956e+01 226200804212200210      15311      30009    32 2454578.419225  7.462538e+00  8.513330e-04  7.492961e+00  8.617875e-02 
  135900258   1.038985e+03   8.117568e-01   1.008240e+03   8.002728e+01 226200804212200590      15311      30005    32 2454578.419653  7.458477e+00  8.482867e-04  7.491091e+00  8.617873e-02 
  135900949   1.031060e+03   8.445264e-01   9.970898e+02   9.911050e+01 226200804212212300      15289      29987    32 2454578.427650  7.466790e+00  8.893139e-04  7.503164e+00  1.079223e-01 
  135901081   9.503262e+02   8.712285e-01   9.301704e+02   1.124597e+02 226200804212214420      15226      29917    32 2454578.429178  7.555318e+00  9.953715e-04  7.578594e+00  1.312684e-01 
  135901119   9.893712e+02   8.994396e-01   9.684944e+02   1.221971e+02 226200804212215200      15226      29913    32 2454578.429618  7.511602e+00  9.870487e-04  7.534757e+00  1.369902e-01 
  135901251   1.011987e+03   9.271200e-01   9.804793e+02   1.131683e+02 226200804212217320      15209      29956    32 2454578.431146  7.487062e+00  9.946880e-04  7.521404e+00  1.253176e-01 
  135901290   1.020144e+03   9.283388e-01   9.895911e+02   1.133851e+02 226200804212218100      15209      29952    32 2454578.431597  7.478346e+00  9.880317e-04  7.511361e+00  1.244016e-01 
  136228028   1.198284e+03   3.009729e+00   1.111787e+03   1.888116e+02 226200804251704120      15211      30475    32 2454582.213287  7.303600e+00  2.727052e-03  7.384946e+00  1.843881e-01 
  136228066   1.594084e+03   5.313335e+00   1.075868e+03   3.569120e+02 226200804251704500      15210      30475    32 2454582.213727  6.993722e+00  3.618945e-03  7.420603e+00  3.601872e-01 
  136228287   6.322296e+02   3.044473e+00   6.060986e+02   1.549514e+02 226200804251708320      15196      30592    32 2454582.216285  7.997813e+00  5.228333e-03  8.043642e+00  2.775736e-01 
  136228325   1.570645e+03   5.151878e+00   1.425185e+03   3.520035e+02 226200804251709100      15197      30591    32 2454582.216725  7.009805e+00  3.561340e-03  7.115322e+00  2.681647e-01 
  136228620   1.192450e+03   2.598075e+00   9.428058e+02   2.109901e+02 226200804251714040      15143      30499    32 2454582.220139  7.308899e+00  2.365578e-03  7.563944e+00  2.429773e-01 
  136228658   1.849709e+03   4.669237e+00   1.370162e+03   4.420964e+02 226200804251714420      15143      30503    32 2454582.220579  6.832242e+00  2.740743e-03  7.158070e+00  3.503248e-01 
  136228948   1.008775e+03   2.723987e+00   1.075297e+03   2.617175e+02 226200804251719330      15138      30542    32 2454582.223935  7.490515e+00  2.931816e-03  7.421179e+00  2.642592e-01 
  136228986   9.290121e+02   2.268409e+00   1.048117e+03   2.771926e+02 226200804251720110      15137      30544    32 2454582.224375  7.579947e+00  2.651098e-03  7.448976e+00  2.871426e-01 
  136229207   1.028880e+03   6.624617e+00   7.683806e+02   2.633827e+02 226200804251723520      15200      30644    32 2454582.226933  7.469088e+00  6.990718e-03  7.786059e+00  3.721660e-01 
  136229245   6.183193e+02   6.412356e+00   6.658732e+02   2.689577e+02 226200804251724300      15200      30646    32 2454582.227373  8.021968e+00  1.125980e-02  7.941521e+00  4.385492e-01 
  136229553   1.440699e+03   3.294514e+00   1.500333e+03   4.660527e+02 226200804251729370      15109      30634    32 2454582.230938  7.103567e+00  2.482813e-03  7.059531e+00  3.372666e-01 
  136229591   1.054790e+03   1.857022e+00   1.037549e+03   1.803471e+02 226200804251730150      15108      30633    32 2454582.231377  7.442085e+00  1.911512e-03  7.459978e+00  1.887237e-01 
  136229903   1.762041e+03   2.685297e+00   1.496896e+03   4.264848e+02 226200804251735270      15181      30537    32 2454582.234988  6.884960e+00  1.654635e-03  7.062021e+00  3.093413e-01 
  136229941   1.073208e+03   1.759312e+00   9.394828e+02   1.589455e+02 226200804251736050      15181      30539    32 2454582.235428  7.423290e+00  1.779855e-03  7.567778e+00  1.836899e-01 
  136230250   1.232054e+03   4.413235e+00   1.230056e+03   3.701853e+02 226200804251741140      15154      30574    32 2454582.239005  7.273426e+00  3.889135e-03  7.275188e+00  3.267534e-01 
  136230288   1.088850e+03   3.746827e+00   1.103477e+03   1.860188e+02 226200804251741520      15153      30573    32 2454582.239444  7.407579e+00  3.736124e-03  7.393092e+00  1.830288e-01 
  136230597   8.200682e+02   7.678622e+00   5.904732e+02   2.420419e+02 226200804251747010      15128      30548    32 2454582.243021  7.715375e+00  1.016621e-02  8.072000e+00  4.450575e-01 
  136230635   9.876992e+02   1.554122e+01   6.291845e+02   2.705623e+02 226200804251747390      15127      30547    32 2454582.243461  7.513438e+00  1.708387e-02  8.003055e+00  4.668905e-01 
  136230944   1.045878e+03   2.034622e+00   9.422496e+02   2.535644e+02 226200804251752490      15197      30570    32 2454582.247037  7.451298e+00  2.112169e-03  7.564585e+00  2.921785e-01 
  136230982   5.711577e+02   1.420080e+00   6.003814e+02   1.394186e+02 226200804251753270      15196      30571    32 2454582.247477  8.108110e+00  2.699496e-03  8.053932e+00  2.521270e-01 
  136328405   1.047640e+03   7.384349e-01   1.038705e+03   3.974949e+01 226200804262057170      15275      30223    32 2454583.375058  7.449470e+00  7.652896e-04  7.458769e+00  4.154942e-02 
  136328927   1.049162e+03   7.421663e-01   1.042084e+03   4.053769e+01 226200804262105590      15272      30138    32 2454583.381100  7.447894e+00  7.680411e-04  7.455243e+00  4.223593e-02 
  136328964   1.035865e+03   7.386744e-01   1.028423e+03   3.978959e+01 226200804262106370      15272      30133    32 2454583.381528  7.461742e+00  7.742401e-04  7.469571e+00  4.200719e-02 
  136330104   9.731227e+02   7.558390e-01   9.797022e+02   6.660990e+01 226200804262125370      15285      30122    32 2454583.394722  7.529581e+00  8.433106e-04  7.522265e+00  7.381941e-02 
  136330142   1.011282e+03   7.826181e-01   1.012870e+03   6.758391e+01 226200804262126150      15285      30117    32 2454583.395162  7.487819e+00  8.402402e-04  7.486116e+00  7.244620e-02 
  136330628   5.140559e+02   7.411361e-01   5.283151e+02   1.007398e+02 226200804262134200      15223      30070    32 2454583.400787  8.222474e+00  1.565357e-03  8.192767e+00  2.070303e-01 
  136331150   1.103002e+03   4.267687e+00   1.008366e+03   3.538513e+02 226200804262143020      15216      30045    32 2454583.406829  7.393559e+00  4.200896e-03  7.490954e+00  3.810030e-01 
  136331188   1.475739e+03   4.604756e+00   1.275690e+03   4.414661e+02 226200804262143400      15217      30040    32 2454583.407269  7.077477e+00  3.387841e-03  7.235637e+00  3.757318e-01 
  136414288   1.060250e+03   7.452708e-01   1.050419e+03   4.263313e+01 226200804272048470      15206      30294    32 2454584.369074  7.436479e+00  7.631879e-04  7.446593e+00  4.406669e-02 
  136414325   1.052235e+03   7.423688e-01   1.042247e+03   4.142272e+01 226200804272049240      15207      30289    32 2454584.369502  7.444718e+00  7.660073e-04  7.455073e+00  4.315128e-02 
  136414810   1.061307e+03   7.554076e-01   1.050566e+03   4.618222e+01 226200804272057290      15266      30261    32 2454584.375116  7.435398e+00  7.727987e-04  7.446442e+00  4.772845e-02 
  136414849   1.062522e+03   7.538628e-01   1.052693e+03   4.538806e+01 226200804272058070      15266      30257    32 2454584.375567  7.434155e+00  7.703360e-04  7.444246e+00  4.681292e-02 
  136415407   1.055441e+03   7.501928e-01   1.047337e+03   4.581947e+01 226200804272107260      15267      30191    32 2454584.382025  7.441415e+00  7.717286e-04  7.449783e+00  4.749953e-02 
  136415447   1.057297e+03   7.541986e-01   1.049685e+03   4.614349e+01 226200804272108050      15267      30186    32 2454584.382488  7.439507e+00  7.744879e-04  7.447352e+00  4.772844e-02 
  136415993   1.061371e+03   7.548546e-01   1.051792e+03   4.778789e+01 226200804272117120      15249      30034    32 2454584.388808  7.435332e+00  7.721858e-04  7.445176e+00  4.933032e-02 
  136416031   1.060077e+03   7.545432e-01   1.050538e+03   4.706667e+01 226200804272117500      15249      30029    32 2454584.389248  7.436657e+00  7.728099e-04  7.446471e+00  4.864382e-02 
  136416515   1.054740e+03   7.625720e-01   1.044781e+03   4.592810e+01 226200804272125540      15243      30058    32 2454584.394850  7.442136e+00  7.849846e-04  7.452437e+00  4.772865e-02 
  136416554   1.060252e+03   7.648821e-01   1.049817e+03   4.570687e+01 226200804272126320      15243      30054    32 2454584.395301  7.436478e+00  7.832699e-04  7.447216e+00  4.727088e-02 
  136574894   1.035060e+03   9.164412e-01   1.020009e+03   7.322215e+01 226200804291725450      15114      30589    32 2454586.227940  7.462586e+00  9.613132e-04  7.478490e+00  7.794068e-02 
  136588301   1.057991e+03   7.371779e-01   1.051154e+03   3.956097e+01 226200804292109120      15270      30167    32 2454586.383113  7.438796e+00  7.565128e-04  7.445834e+00  4.086264e-02 
  136588338   1.061865e+03   7.385624e-01   1.054630e+03   3.924714e+01 226200804292109500      15270      30162    32 2454586.383542  7.434827e+00  7.551684e-04  7.442250e+00  4.040489e-02 
  136662453   1.464826e+03   2.291093e+00   1.424547e+03   3.815449e+02 226200804301745100      15173      30434    32 2454587.241354  7.085535e+00  1.698175e-03  7.115808e+00  2.908002e-01 
  136662760   1.533863e+03   3.125315e+00   1.485068e+03   6.904702e+02 226200804301750170      15129      30588    32 2454587.244907  7.035534e+00  2.212245e-03  7.070634e+00  5.048059e-01 
  136662798   1.116674e+03   1.860123e+00   1.077881e+03   4.191227e+02 226200804301750550      15129      30589    32 2454587.245347  7.380184e+00  1.808595e-03  7.418573e+00  4.221787e-01 
  136757268   1.036554e+03   7.156182e-01   1.027558e+03   5.643333e+01 226200805012005330      15185      30328    32 2454588.338750  7.461020e+00  7.495751e-04  7.470485e+00  5.962870e-02 
  136757306   1.052067e+03   7.186213e-01   1.045335e+03   5.476536e+01 226200805012006110      15186      30323    32 2454588.339190  7.444891e+00  7.416218e-04  7.451861e+00  5.688220e-02 
  136757830   1.048816e+03   7.224615e-01   1.040090e+03   5.887555e+01 226200805012014550      15247      30315    32 2454588.345255  7.448252e+00  7.478960e-04  7.457323e+00  6.145964e-02 
  136758317   1.051562e+03   7.276590e-01   1.044810e+03   5.826174e+01 226200805012023020      15284      30215    32 2454588.350891  7.445412e+00  7.513092e-04  7.452407e+00  6.054413e-02 
  136758355   1.089264e+03   7.385588e-01   1.081556e+03   6.190655e+01 226200805012023400      15284      30209    32 2454588.351331  7.407167e+00  7.361695e-04  7.414877e+00  6.214604e-02 
  136758903   1.045209e+03   7.297986e-01   1.036666e+03   6.130416e+01 226200805012032480      15239      30279    32 2454588.357674  7.451992e+00  7.580986e-04  7.460903e+00  6.420618e-02 
  136758941   1.050914e+03   7.330951e-01   1.042751e+03   6.364220e+01 226200805012033260      15240      30274    32 2454588.358113  7.446082e+00  7.573889e-04  7.454548e+00  6.626593e-02 
  136759425   1.025394e+03   7.226389e-01   1.020231e+03   6.334307e+01 226200805012041310      15298      30125    32 2454588.363715  7.472774e+00  7.651676e-04  7.478254e+00  6.741033e-02 
  136759463   1.046796e+03   7.322224e-01   1.042316e+03   6.427473e+01 226200805012042090      15298      30120    32 2454588.364155  7.450345e+00  7.594634e-04  7.455001e+00  6.695248e-02 
  136760022   1.059881e+03   7.379745e-01   1.054709e+03   6.392729e+01 226200805012051270      15219      30076    32 2454588.370625  7.436857e+00  7.559794e-04  7.442168e+00  6.580811e-02 
  136760060   1.044545e+03   7.351366e-01   1.041394e+03   6.377892e+01 226200805012052050      15219      30072    32 2454588.371065  7.452682e+00  7.641288e-04  7.455963e+00  6.649485e-02 
  136760603   1.048831e+03   7.412506e-01   1.042616e+03   6.495273e+01 226200805012101080      15201      30148    32 2454588.377350  7.448236e+00  7.673356e-04  7.454689e+00  6.763924e-02 
  136760641   1.043807e+03   7.373397e-01   1.037765e+03   6.377550e+01 226200805012101460      15201      30142    32 2454588.377789  7.453450e+00  7.669611e-04  7.459753e+00  6.672379e-02 
  136761122   1.021144e+03   7.337311e-01   1.017097e+03   6.400618e+01 226200805012109480      15261      30031    32 2454588.383356  7.477283e+00  7.801460e-04  7.481595e+00  6.832593e-02 
  136761162   1.047224e+03   7.452281e-01   1.039292e+03   6.693649e+01 226200805012110270      15262      30027    32 2454588.383819  7.449901e+00  7.726370e-04  7.458156e+00  6.992798e-02 
  136761646   1.043970e+03   7.444491e-01   1.038002e+03   6.860389e+01 226200805012118310      15297      30061    32 2454588.389421  7.453280e+00  7.742349e-04  7.459504e+00  7.175897e-02 
  136761682   1.042158e+03   7.481526e-01   1.036081e+03   6.782168e+01 226200805012119080      15297      30056    32 2454588.389838  7.455165e+00  7.794393e-04  7.461516e+00  7.107238e-02 
  136762166   1.030385e+03   7.513371e-01   1.025848e+03   6.996313e+01 226200805012127110      15285      30038    32 2454588.395440  7.467502e+00  7.917010e-04  7.472293e+00  7.404783e-02 
  136762203   1.043578e+03   7.562295e-01   1.037876e+03   7.275245e+01 226200805012127490      15286      30033    32 2454588.395868  7.453688e+00  7.867824e-04  7.459636e+00  7.610758e-02 
  137104035   7.999514e+02   7.970753e-01   8.136248e+02   1.083170e+02 226200805052025270      15250      30227    32 2454592.352257  7.742341e+00  1.081837e-03  7.723939e+00  1.445434e-01 
  137104073   9.550817e+02   8.990604e-01   9.651118e+02   1.170904e+02 226200805052026050      15251      30222    32 2454592.352697  7.549899e+00  1.022055e-03  7.538556e+00  1.317254e-01 
  137104672   9.963079e+02   8.757234e-01   9.930090e+02   1.118923e+02 226200805052036040      15217      30211    32 2454592.359630  7.504016e+00  9.543313e-04  7.507617e+00  1.223412e-01 
  137105218   1.023044e+03   7.905737e-01   1.015871e+03   3.523720e+01 226200805052045100      15263      30177    32 2454592.365949  7.475264e+00  8.390230e-04  7.482903e+00  3.766071e-02 
  137105256   1.073794e+03   8.201699e-01   1.058889e+03   4.096948e+01 226200805052045480      15263      30172    32 2454592.366389  7.422698e+00  8.292943e-04  7.437874e+00  4.200837e-02 
  137784951   1.022159e+03   1.215074e+00   1.018496e+03   1.306553e+02 226200805131734570      15089      30573    32 2454600.233229  7.476204e+00  1.290656e-03  7.480101e+00  1.392815e-01 
  137786729   1.012352e+03   1.568454e+00   9.865059e+02   2.034982e+02 226200805131804350      15198      30605    32 2454600.253808  7.486671e+00  1.682155e-03  7.514751e+00  2.239684e-01 
  137786767   1.120466e+03   1.383765e+00   1.110949e+03   1.916955e+02 226200805131805130      15196      30607    32 2454600.254248  7.376503e+00  1.340879e-03  7.385764e+00  1.873455e-01 
  137788969   1.077313e+03   1.823776e+00   1.077676e+03   2.706946e+02 226200805131841570      15106      30471    32 2454600.279734  7.419145e+00  1.838041e-03  7.418779e+00  2.727202e-01 
  137789008   9.765904e+02   1.842762e+00   9.682907e+02   2.575078e+02 226200805131842350      15105      30469    32 2454600.280185  7.525719e+00  2.048720e-03  7.534986e+00  2.887424e-01 
  137789488   1.007585e+03   2.374043e+00   9.243621e+02   3.268909e+02 226200805131850360      15179      30407    32 2454600.285741  7.491796e+00  2.558190e-03  7.585395e+00  3.839605e-01 
  137789528   1.006876e+03   2.517146e+00   9.162180e+02   3.363735e+02 226200805131851160      15179      30404    32 2454600.286204  7.492560e+00  2.714303e-03  7.595003e+00  3.986106e-01 
  137790631   9.605112e+02   1.447728e+00   9.226010e+02   2.072362e+02 226200805131909390      15170      30405    32 2454600.298970  7.543744e+00  1.636479e-03  7.587465e+00  2.438808e-01 
  137791181   1.101247e+03   1.711712e+00   1.019209e+03   2.615948e+02 226200805131918480      15230      30381    32 2454600.305336  7.395288e+00  1.687609e-03  7.479342e+00  2.786710e-01 
  137791219   1.090498e+03   1.533760e+00   1.012070e+03   2.367190e+02 226200805131919260      15230      30377    32 2454600.305775  7.405938e+00  1.527068e-03  7.486974e+00  2.539502e-01 
  137791741   1.238661e+03   4.101604e+00   1.116647e+03   6.100477e+02 226200805131928080      15236      30390    32 2454600.311817  7.267619e+00  3.595233e-03  7.380210e+00  5.931625e-01 
  137792225   1.019241e+03   1.611999e+00   9.531526e+02   2.438364e+02 226200805131936120      15264      30321    32 2454600.317419  7.479308e+00  1.717172e-03  7.552094e+00  2.777550e-01 
  137792262   9.522929e+02   1.651748e+00   8.909927e+02   2.363879e+02 226200805131936490      15264      30316    32 2454600.317847  7.553073e+00  1.883211e-03  7.625315e+00  2.880560e-01 
  137792811   1.083087e+03   5.221819e+00   8.952943e+02   5.840645e+02 226200805131945580      15224      30337    32 2454600.324201  7.413342e+00  5.234608e-03  7.620086e+00  7.083058e-01 
  137792849   9.638032e+02   4.716380e+00   8.023483e+02   5.043170e+02 226200805131946360      15224      30333    32 2454600.324641  7.540029e+00  5.313079e-03  7.739093e+00  6.824432e-01 
  137793333   1.015409e+03   3.504856e+00   8.561351e+02   4.213456e+02 226200805131954410      15230      30251    32 2454600.330243  7.483397e+00  3.747616e-03  7.668644e+00  5.343453e-01 
  137793371   1.042020e+03   3.587022e+00   8.753204e+02   4.608636e+02 226200805131955190      15230      30245    32 2454600.330683  7.455310e+00  3.737522e-03  7.644582e+00  5.716513e-01 
  137793930   9.819771e+02   1.706901e+00   9.009874e+02   2.230858e+02 226200805132004380      15260      30217    32 2454600.337153  7.519747e+00  1.887265e-03  7.613203e+00  2.688308e-01 
  137793968   1.059333e+03   1.814728e+00   9.782405e+02   2.442758e+02 226200805132005160      15260      30212    32 2454600.337593  7.437419e+00  1.859966e-03  7.523886e+00  2.711194e-01 
  138055188   1.042261e+03   8.042380e-01   1.006568e+03   7.225608e+01 226200805162039170      15272      29990    32 2454603.360972  7.455059e+00  8.377876e-04  7.492892e+00  7.793941e-02 
  138559849   9.563290e+02   8.820453e-01   9.554795e+02   5.167245e+01 226200805221650580      15136      30574    32 2454609.201956  7.548482e+00  1.001404e-03  7.549447e+00  5.871696e-02 
