\OBJNAME = '1SWASP J102126.95+475214.6'
\OBSSTART = '2006-04-11T20:31:12'
\OBSSTOP = '2008-05-17T22:02:26'
\TSTART = 71872468
\TSTOP = 138146493
\JD_REF = 2453005.5
\RA_OBJ = '155.362294'
\DEC_OBJ = '47.870739'
\WASP_MAG = 8.935194
\HJD_START = 2453837.357269
\HJD_STOP = 2454604.417743
\fixlen = T
\NUMRECORDS = 198
\
\ This file was produced by the NASA Exoplanet Archive  http://exoplanetarchive.ipac.caltech.edu 
\ Mon Sep 16, 22:10:06 2013
\ Documentation for the SuperWASP dataset can be found at http://exoplanetarchive.ipac.caltech.edu/docs/SuperWASPMission.html
\
|TMID      |FLUX2         |FLUX2_ERR     |TAMFLUX2      |TAMFLUX2_ERR  |IMAGEID           |CCDX      |CCDY      |FLAG |           HJD|         MAG2|     MAG2_ERR|      TAMMAG2|  TAMMAG2_ERR|
|int       |float         |float         |float         |float         |char              |int       |int       |int  |        double|        float|        float|        float|        float|
|sec       |micro Vega    |micro Vega    |micro Vega    |micro Vega    |                  |1/16 pixel|1/16 pixel|     |           day|          mag|          mag|          mag|          mag|
|null      |null          |null          |null          |null          |null              |null      |null      |null |          null|         null|         null|         null|         null|
   71872468   2.413635e+02   3.875556e-01   2.413635e+02   3.875556e-01 145200604112031120       4752      18010     0 2453837.357269  9.043321e+00  1.743364e-03  9.043321e+00  1.743364e-03 
   71872661   2.439707e+02   3.842794e-01   2.439707e+02   3.842794e-01 145200604112034260       4721      17993     0 2453837.359502  9.031656e+00  1.710154e-03  9.031656e+00  1.710154e-03 
   71872935   2.429838e+02   3.779905e-01   2.429838e+02   3.779905e-01 145200604112038590       4729      17955     0 2453837.362674  9.036057e+00  1.688999e-03  9.036057e+00  1.688999e-03 
   71873124   2.427263e+02   3.726493e-01   2.427263e+02   3.726493e-01 145200604112042080       4753      17934     0 2453837.364861  9.037208e+00  1.666899e-03  9.037208e+00  1.666899e-03 
   71873317   2.423350e+02   3.746974e-01   2.423350e+02   3.746974e-01 145200604112045210       4779      17911     0 2453837.367095  9.038960e+00  1.678767e-03  9.038960e+00  1.678767e-03 
   71873501   2.428445e+02   3.722591e-01   2.428445e+02   3.722591e-01 145200604112048260       4804      17886     0 2453837.369225  9.036679e+00  1.664343e-03  9.036679e+00  1.664343e-03 
   71873893   2.440603e+02   3.711780e-01   2.440603e+02   3.711780e-01 145200604112054570       4812      17837     0 2453837.373762  9.031258e+00  1.651243e-03  9.031258e+00  1.651243e-03 
   71874084   2.445434e+02   3.734931e-01   2.445434e+02   3.734931e-01 145200604112058090       4839      17811     0 2453837.375972  9.029110e+00  1.658259e-03  9.029110e+00  1.658259e-03 
   71874347   2.436106e+02   3.709391e-01   2.436106e+02   3.709391e-01 145200604112102310       4865      17786     0 2453837.379016  9.033259e+00  1.653226e-03  9.033259e+00  1.653226e-03 
   71874539   2.433657e+02   3.703143e-01   2.433657e+02   3.703143e-01 145200604112105440       4893      17765     0 2453837.381238  9.034351e+00  1.652102e-03  9.034351e+00  1.652102e-03 
   71874727   2.436680e+02   3.703601e-01   2.436680e+02   3.703601e-01 145200604112108510       4873      17742     0 2453837.383414  9.033004e+00  1.650257e-03  9.033004e+00  1.650257e-03 
   71874911   2.451816e+02   3.708224e-01   2.451816e+02   3.708224e-01 145200604112111570       4903      17722     0 2453837.385544  9.026280e+00  1.642116e-03  9.026280e+00  1.642116e-03 
   71875100   2.449670e+02   3.697139e-01   2.449670e+02   3.697139e-01 145200604112115060       4933      17700     0 2453837.387731  9.027231e+00  1.638641e-03  9.027231e+00  1.638641e-03 
   71875360   2.452700e+02   3.680041e-01   2.452700e+02   3.680041e-01 145200604112119250       4973      17670     0 2453837.390741  9.025888e+00  1.629049e-03  9.025888e+00  1.629049e-03 
   71875696   2.451009e+02   3.669871e-01   2.451009e+02   3.669871e-01 145200604112125020       4981      17623     0 2453837.394630  9.026638e+00  1.625668e-03  9.026638e+00  1.625668e-03 
   71875952   2.451053e+02   3.637170e-01   2.451053e+02   3.637170e-01 145200604112129180       5025      17596     0 2453837.397593  9.026618e+00  1.611153e-03  9.026618e+00  1.611153e-03 
   71876202   2.462697e+02   3.646384e-01   2.462697e+02   3.646384e-01 145200604112133270       5067      17571     0 2453837.400486  9.021473e+00  1.607597e-03  9.021473e+00  1.607597e-03 
   71876202   2.700280e+02   4.399446e-01   2.700280e+02   4.399446e-01 144200604112133270      31215      21620     0 2453837.400486  8.921478e+00  1.768948e-03  8.921478e+00  1.768948e-03 
   71876465   2.468935e+02   3.645864e-01   2.468935e+02   3.645864e-01 145200604112137500       5068      17543     0 2453837.403530  9.018725e+00  1.603307e-03  9.018725e+00  1.603307e-03 
   71876799   2.461701e+02   3.633026e-01   2.461701e+02   3.633026e-01 145200604112143240       5127      17507     0 2453837.407396  9.021912e+00  1.602357e-03  9.021912e+00  1.602357e-03 
   71877057   2.468896e+02   3.620890e-01   2.468896e+02   3.620890e-01 145200604112147430       5175      17479     0 2453837.410382  9.018743e+00  1.592349e-03  9.018743e+00  1.592349e-03 
   71877396   2.466947e+02   3.622332e-01   2.466947e+02   3.622332e-01 145200604112153220       5194      17446     0 2453837.414306  9.019601e+00  1.594242e-03  9.019601e+00  1.594242e-03 
   71877655   2.464714e+02   3.595688e-01   2.464714e+02   3.595688e-01 145200604112157410       5243      17423     0 2453837.417303  9.020583e+00  1.583949e-03  9.020583e+00  1.583949e-03 
   71878168   2.475635e+02   3.592324e-01   2.475635e+02   3.592324e-01 145200604112206140       5299      17375     0 2453837.423241  9.015783e+00  1.575486e-03  9.015783e+00  1.575486e-03 
   71878426   2.480186e+02   3.608803e-01   2.480186e+02   3.608803e-01 145200604112210320       5353      17350     0 2453837.426227  9.013789e+00  1.579810e-03  9.013789e+00  1.579810e-03 
   71880056   2.680212e+02   4.389570e-01   2.680212e+02   4.389570e-01 144200604112237420      31726      21265     0 2453837.445093  8.929577e+00  1.778192e-03  8.929577e+00  1.778192e-03 
   71881159   2.716415e+02   4.465384e-01   2.716415e+02   4.465384e-01 144200604112256050      31939      21187     0 2453837.457859  8.915009e+00  1.784796e-03  8.915009e+00  1.784796e-03 
   71881705   2.699153e+02   4.467593e-01   2.699153e+02   4.467593e-01 144200604112305110      32015      21166     0 2453837.464178  8.921931e+00  1.797099e-03  8.921931e+00  1.797099e-03 
   71882038   2.705263e+02   4.508218e-01   2.705263e+02   4.508218e-01 144200604112310430      32063      21126     0 2453837.468032  8.919477e+00  1.809345e-03  8.919477e+00  1.809345e-03 
   71882775   2.705470e+02   4.539063e-01   2.705470e+02   4.539063e-01 144200604112323000      32205      21029     0 2453837.476562  8.919394e+00  1.821585e-03  8.919394e+00  1.821585e-03 
   71883161   2.477534e+02   3.617105e-01   2.477534e+02   3.617105e-01 145200604112329260       6103      16931     0 2453837.481030  9.014951e+00  1.585139e-03  9.014951e+00  1.585139e-03 
   71883161   2.715114e+02   4.522727e-01   2.715114e+02   4.522727e-01 144200604112329260      32258      21008     0 2453837.481030  8.915530e+00  1.808582e-03  8.915530e+00  1.808582e-03 
   71883544   2.699718e+02   4.550301e-01   2.699718e+02   4.550301e-01 144200604112335500      32356      20994     0 2453837.485463  8.921704e+00  1.829985e-03  8.921704e+00  1.829985e-03 
   71883934   2.721004e+02   4.562893e-01   2.721004e+02   4.562893e-01 144200604112342200      32414      20975     0 2453837.489977  8.913177e+00  1.820694e-03  8.913177e+00  1.820694e-03 
   71886864   2.494830e+02   3.865104e-01   2.494830e+02   3.865104e-01 145200604120031090       6811      16817     0 2453837.523889  9.007398e+00  1.682078e-03  9.007398e+00  1.682078e-03 
  123825746   3.286203e+02   4.086349e-01   3.129286e+02   5.194566e+00 144200712040359290      23278      19389    32 2454438.668356  8.708264e+00  1.350103e-03  8.761387e+00  1.802312e-02 
  123825784   3.265990e+02   4.088083e-01   3.109814e+02   5.554656e+00 144200712040400070      23279      19386    32 2454438.668796  8.714963e+00  1.359035e-03  8.768164e+00  1.939316e-02 
  123826518   3.283034e+02   4.101644e-01   3.132800e+02   5.200483e+00 144200712040412220      23296      19289    32 2454438.677292  8.709311e+00  1.356464e-03  8.760168e+00  1.802341e-02 
  123826558   3.275410e+02   4.079839e-01   3.124931e+02   5.384385e+00 144200712040413010      23298      19282    32 2454438.677755  8.711836e+00  1.352394e-03  8.762898e+00  1.870774e-02 
  123827094   3.239846e+02   4.064272e-01   3.095770e+02   5.139102e+00 144200712040421570      23322      19210    32 2454438.683958  8.723689e+00  1.362022e-03  8.773078e+00  1.802371e-02 
  123827131   3.255370e+02   4.065874e-01   3.114114e+02   5.038515e+00 144200712040422350      23323      19204    32 2454438.684387  8.718499e+00  1.356061e-03  8.766664e+00  1.756685e-02 
  123827659   3.234673e+02   4.046964e-01   3.106372e+02   4.308315e+00 144200712040431220      23354      19132    32 2454438.690498  8.725424e+00  1.358391e-03  8.769366e+00  1.505843e-02 
  123827696   3.249009e+02   4.059457e-01   3.112832e+02   4.774799e+00 144200712040432000      23356      19129    32 2454438.690926  8.720623e+00  1.356572e-03  8.767111e+00  1.665426e-02 
  123828315   3.284834e+02   4.083454e-01   3.150293e+02   4.435136e+00 144200712040442190      23389      19174    32 2454438.698090  8.708716e+00  1.349709e-03  8.754123e+00  1.528558e-02 
  123828353   3.233304e+02   4.019413e-01   3.106279e+02   4.177542e+00 144200712040442570      23390      19168    32 2454438.698530  8.725883e+00  1.349715e-03  8.769399e+00  1.460179e-02 
  123828882   3.280303e+02   4.067595e-01   3.146190e+02   4.033192e+00 144200712040451450      23422      19094    32 2454438.704653  8.710216e+00  1.346324e-03  8.755538e+00  1.391841e-02 
  123828920   3.260235e+02   4.024406e-01   3.126525e+02   4.007803e+00 144200712040452230      23425      19089    32 2454438.705093  8.716878e+00  1.340228e-03  8.762345e+00  1.391779e-02 
  123829568   3.273441e+02   4.037687e-01   3.146504e+02   4.165287e+00 144200712040503110      23473      19006    32 2454438.712593  8.712489e+00  1.339226e-03  8.755429e+00  1.437284e-02 
  123829606   3.248868e+02   4.045229e-01   3.122711e+02   4.003174e+00 144200712040503490      23474      19003    32 2454438.713032  8.720670e+00  1.351876e-03  8.763670e+00  1.391869e-02 
  123830151   3.281645e+02   4.054561e-01   3.163408e+02   2.863060e+00 144200712040512540      23522      18930    32 2454438.719340  8.709771e+00  1.341461e-03  8.749612e+00  9.826550e-03 
  123830192   3.232326e+02   4.031506e-01   3.117853e+02   3.735378e+00 144200712040513360      23524      18926    32 2454438.719815  8.726212e+00  1.354185e-03  8.765361e+00  1.300783e-02 
  123830628   3.249627e+02   4.057964e-01   3.132960e+02   3.163291e+00 144200712040520520      23567      18872    32 2454438.724861  8.720416e+00  1.355815e-03  8.760113e+00  1.096251e-02 
  123830667   3.229066e+02   4.031246e-01   3.111664e+02   3.793271e+00 144200712040521300      23570      18867    32 2454438.725312  8.727307e+00  1.355465e-03  8.767518e+00  1.323570e-02 
  123831198   3.211870e+02   4.021443e-01   3.097185e+02   3.451294e+00 144200712040530210      23627      18818    32 2454438.731458  8.733105e+00  1.359408e-03  8.772582e+00  1.209875e-02 
  123831238   3.239099e+02   4.037927e-01   3.125584e+02   3.025050e+00 144200712040531010      23629      18812    32 2454438.731921  8.723940e+00  1.353506e-03  8.762671e+00  1.050817e-02 
  123831682   3.228852e+02   4.026356e-01   3.127523e+02   3.157488e+00 144200712040538260      23682      18752    32 2454438.737060  8.727380e+00  1.353910e-03  8.761998e+00  1.096142e-02 
  123831722   3.212729e+02   4.031453e-01   3.106587e+02   2.942016e+00 144200712040539050      23685      18749    32 2454438.737523  8.732815e+00  1.362428e-03  8.769291e+00  1.028223e-02 
  123832157   3.193152e+02   4.041455e-01   3.109884e+02   1.719909e+00 144200712040546200      23738      18637    32 2454438.742558  8.739451e+00  1.374181e-03  8.768140e+00  6.004640e-03 
  123832195   3.217015e+02   4.036207e-01   3.120719e+02   2.694780e+00 144200712040546590      23742      18635    32 2454438.742998  8.731367e+00  1.362217e-03  8.764363e+00  9.375501e-03 
  123908226   3.274671e+02   4.182029e-01   3.146028e+02   2.195621e+00 144200712050254040      23427      18295    32 2454439.622986  8.712081e+00  1.386581e-03  8.755593e+00  7.577408e-03 
  123908266   3.271747e+02   4.141066e-01   3.145571e+02   1.869985e+00 144200712050254430      23426      18287    32 2454439.623449  8.713051e+00  1.374226e-03  8.755752e+00  6.454526e-03 
  123908995   3.242038e+02   4.134063e-01   3.125026e+02   2.180583e+00 144200712050306520      23409      18186    32 2454439.631887  8.722955e+00  1.384474e-03  8.762866e+00  7.576084e-03 
  123909035   3.255550e+02   4.128143e-01   3.138002e+02   2.059423e+00 144200712050307320      23409      18180    32 2454439.632350  8.718439e+00  1.376754e-03  8.758367e+00  7.125547e-03 
  123909770   3.264778e+02   4.115919e-01   3.143506e+02   1.932955e+00 144200712050319480      23404      18079    32 2454439.640856  8.715366e+00  1.368797e-03  8.756464e+00  6.676262e-03 
  123909810   3.271920e+02   4.146481e-01   3.151463e+02   2.263881e+00 144200712050320270      23403      18073    32 2454439.641319  8.712994e+00  1.375950e-03  8.753719e+00  7.799508e-03 
  124599221   3.212396e+02   4.554225e-01   3.059104e+02   9.136463e+00 144200712130249490      23112      21240    32 2454447.620613  8.732927e+00  1.539257e-03  8.786015e+00  3.242722e-02 
  124599259   3.265075e+02   4.588715e-01   3.105160e+02   9.535367e+00 144200712130250270      23113      21234    32 2454447.621053  8.715267e+00  1.525892e-03  8.769790e+00  3.334105e-02 
  124599885   3.233781e+02   4.456143e-01   3.099263e+02   7.755003e+00 144200712130300530      23116      21145    32 2454447.628299  8.725723e+00  1.496148e-03  8.771853e+00  2.716748e-02 
  124599923   3.225587e+02   4.375248e-01   3.086862e+02   7.463762e+00 144200712130301310      23116      21142    32 2454447.628738  8.728477e+00  1.472718e-03  8.776207e+00  2.625224e-02 
  124600644   3.222521e+02   4.425198e-01   3.092352e+02   6.826647e+00 144200712130313320      23124      21044    32 2454447.637083  8.729510e+00  1.490949e-03  8.774278e+00  2.396869e-02 
  124600681   3.213982e+02   4.428122e-01   3.090623e+02   6.757846e+00 144200712130314090      23125      21036    32 2454447.637512  8.732391e+00  1.495898e-03  8.774885e+00  2.374040e-02 
  124601300   3.187867e+02   4.496295e-01   3.075334e+02   5.884360e+00 144200712130324280      23142      20946    32 2454447.644676  8.741250e+00  1.531371e-03  8.780270e+00  2.077461e-02 
  124601339   3.212595e+02   4.505244e-01   3.095694e+02   6.378756e+00 144200712130325060      23143      20944    32 2454447.645127  8.732860e+00  1.522608e-03  8.773105e+00  2.237195e-02 
  124602087   3.189028e+02   4.541851e-01   3.095345e+02   4.752537e+00 144200712130337340      23159      20845    32 2454447.653785  8.740854e+00  1.546324e-03  8.773228e+00  1.667026e-02 
  124602123   3.192673e+02   4.548105e-01   3.099401e+02   4.758768e+00 144200712130338110      23159      20837    32 2454447.654201  8.739614e+00  1.546685e-03  8.771806e+00  1.667027e-02 
  124602654   3.176850e+02   4.465953e-01   3.097150e+02   3.975249e+00 144200712130347010      23183      20764    32 2454447.660347  8.745008e+00  1.526312e-03  8.772594e+00  1.393567e-02 
  124602693   3.182303e+02   4.546723e-01   3.107196e+02   3.728691e+00 144200712130347410      23184      20756    32 2454447.660799  8.743146e+00  1.551254e-03  8.769078e+00  1.302907e-02 
  124603230   3.155272e+02   4.582742e-01   3.085933e+02   3.833151e+00 144200712130356370      23213      20686    32 2454447.667014  8.752408e+00  1.576938e-03  8.776534e+00  1.348638e-02 
  124603268   3.182413e+02   4.659491e-01   3.109064e+02   3.862392e+00 144200712130357150      23214      20679    32 2454447.667454  8.743109e+00  1.589673e-03  8.768426e+00  1.348816e-02 
  124603905   3.198012e+02   4.463219e-01   3.101901e+02   4.891999e+00 144200712130407530      23216      21079    32 2454447.674826  8.737800e+00  1.515284e-03  8.770930e+00  1.712317e-02 
  124603945   3.184301e+02   4.429140e-01   3.100300e+02   4.628901e+00 144200712130408320      23218      21071    32 2454447.675289  8.742465e+00  1.510188e-03  8.771491e+00  1.621063e-02 
  124604468   3.214177e+02   4.431025e-01   3.123915e+02   4.663856e+00 144200712130417160      23250      21002    32 2454447.681343  8.732326e+00  1.496788e-03  8.763252e+00  1.620958e-02 
  124604507   3.164394e+02   4.377089e-01   3.091923e+02   4.226853e+00 144200712130417540      23253      20997    32 2454447.681794  8.749273e+00  1.501829e-03  8.774428e+00  1.484275e-02 
  135290561   2.529072e+02   5.169118e-01   2.529072e+02   5.169118e-01 141200804142039480      12380      29936     0 2454571.362975  8.992597e+00  2.219121e-03  8.992597e+00  2.219121e-03 
  135290599   2.495175e+02   5.194080e-01   2.495175e+02   5.194080e-01 141200804142040260      12377      29940     0 2454571.363414  9.007248e+00  2.260131e-03  9.007248e+00  2.260131e-03 
  135291040   2.451635e+02   5.131547e-01   2.451635e+02   5.131547e-01 141200804142047470      12328      30422     0 2454571.368519  9.026361e+00  2.272575e-03  9.026361e+00  2.272575e-03 
  135291077   2.413562e+02   5.119417e-01   2.413562e+02   5.119417e-01 141200804142048250      12324      30426     0 2454571.368947  9.043354e+00  2.302967e-03  9.043354e+00  2.302967e-03 
  135291602   2.393603e+02   5.115597e-01   2.393603e+02   5.115597e-01 141200804142057090      12268      30550     0 2454571.375023  9.052370e+00  2.320439e-03  9.052370e+00  2.320439e-03 
  135291639   2.397339e+02   5.119554e-01   2.397339e+02   5.119554e-01 141200804142057470      12265      30554     0 2454571.375451  9.050676e+00  2.318615e-03  9.050676e+00  2.318615e-03 
  135463706   2.779987e+02   5.691946e-01   2.779987e+02   5.691946e-01 141200804162045470      12293      27728     0 2454573.366968  8.889894e+00  2.223023e-03  8.889894e+00  2.223023e-03 
  135463746   2.777110e+02   5.673137e-01   2.777110e+02   5.673137e-01 141200804162046260      12289      27733     0 2454573.367431  8.891017e+00  2.217972e-03  8.891017e+00  2.217972e-03 
  135464472   2.728315e+02   5.577028e-01   2.728315e+02   5.577028e-01 141200804162058330      12218      28249     0 2454573.375833  8.910264e+00  2.219392e-03  8.910264e+00  2.219392e-03 
  135464510   2.720161e+02   5.552433e-01   2.720161e+02   5.552433e-01 141200804162059110      12214      28254     0 2454573.376273  8.913513e+00  2.216228e-03  8.913513e+00  2.216228e-03 
  135465134   2.688013e+02   5.356894e-01   2.688013e+02   5.356894e-01 141200804162109340      12145      28327     0 2454573.383495  8.926421e+00  2.163752e-03  8.926421e+00  2.163752e-03 
  135465171   2.693773e+02   5.323281e-01   2.693773e+02   5.323281e-01 141200804162110120      12140      28331     0 2454573.383924  8.924098e+00  2.145578e-03  8.924098e+00  2.145578e-03 
  135465795   2.671450e+02   5.246607e-01   2.671450e+02   5.246607e-01 141200804162120360      12062      28523     0 2454573.391146  8.933132e+00  2.132344e-03  8.933132e+00  2.132344e-03 
  135465833   2.651260e+02   5.263634e-01   2.651260e+02   5.263634e-01 141200804162121140      12058      28528     0 2454573.391586  8.941369e+00  2.155555e-03  8.941369e+00  2.155555e-03 
  135466355   2.632319e+02   5.162799e-01   2.632319e+02   5.162799e-01 141200804162129560      11994      28585     0 2454573.397627  8.949154e+00  2.129475e-03  8.949154e+00  2.129475e-03 
  135466394   2.633298e+02   5.211275e-01   2.633298e+02   5.211275e-01 141200804162130340      11989      28589     0 2454573.398079  8.948750e+00  2.148671e-03  8.948750e+00  2.148671e-03 
  135467014   2.610574e+02   5.927268e-01   2.610574e+02   5.927268e-01 141200804162140550      11893      28769     0 2454573.405255  8.958159e+00  2.465156e-03  8.958159e+00  2.465156e-03 
  135467054   2.593334e+02   5.978273e-01   2.593334e+02   5.978273e-01 141200804162141340      11889      28773     0 2454573.405718  8.965354e+00  2.502898e-03  8.965354e+00  2.502898e-03 
  135467672   2.596741e+02   6.245649e-01   2.596741e+02   6.245649e-01 141200804162151520      11795      29133     0 2454573.412870  8.963928e+00  2.611409e-03  8.963928e+00  2.611409e-03 
  135467710   2.608298e+02   6.245985e-01   2.608298e+02   6.245985e-01 141200804162152300      11789      29137     0 2454573.413310  8.959107e+00  2.599978e-03  8.959107e+00  2.599978e-03 
  135468224   2.572492e+02   5.570546e-01   2.572492e+02   5.570546e-01 141200804162201050      11721      29184     0 2454573.419259  8.974114e+00  2.351091e-03  8.974114e+00  2.351091e-03 
  135468264   2.566803e+02   5.509822e-01   2.566803e+02   5.509822e-01 141200804162201440      11715      29188     0 2454573.419722  8.976519e+00  2.330616e-03  8.976519e+00  2.330616e-03 
  135468794   2.367787e+02   7.818276e-01   2.367787e+02   7.818276e-01 141200804162210350      11632      29293     0 2454573.425856  9.064143e+00  3.585042e-03  9.064143e+00  3.585042e-03 
  135468832   2.550881e+02   7.805803e-01   2.550881e+02   7.805803e-01 141200804162211130      11626      29297     0 2454573.426296  8.983274e+00  3.322410e-03  8.983274e+00  3.322410e-03 
  135469356   2.485208e+02   6.658234e-01   2.485208e+02   6.658234e-01 141200804162219570      11545      29458     0 2454573.432361  9.011593e+00  2.908855e-03  9.011593e+00  2.908855e-03 
  135469394   2.436861e+02   6.606375e-01   2.436861e+02   6.606375e-01 141200804162220350      11539      29460     0 2454573.432801  9.032923e+00  2.943461e-03  9.032923e+00  2.943461e-03 
  135469819   2.566780e+02   5.772260e-01   2.566780e+02   5.772260e-01 141200804162227400      11469      29492     0 2454573.437720  8.976528e+00  2.441648e-03  8.976528e+00  2.441648e-03 
  135469858   2.609445e+02   5.851648e-01   2.609445e+02   5.851648e-01 141200804162228180      11463      29492     0 2454573.438171  8.958630e+00  2.434758e-03  8.958630e+00  2.434758e-03 
  135470300   2.536014e+02   5.801628e-01   2.536014e+02   5.801628e-01 141200804162235410      11397      29525     0 2454573.443287  8.989621e+00  2.483843e-03  8.989621e+00  2.483843e-03 
  135470340   2.479836e+02   5.837814e-01   2.479836e+02   5.837814e-01 141200804162236200      11391      29525     0 2454573.443750  9.013943e+00  2.555955e-03  9.013943e+00  2.555955e-03 
  135470870   2.493113e+02   5.192717e-01   2.493113e+02   5.192717e-01 141200804162245100      11299      29436     0 2454573.449884  9.008145e+00  2.261406e-03  9.008145e+00  2.261406e-03 
  135470908   2.575349e+02   1.107590e+00   2.575349e+02   1.107590e+00 141200804162245490      11289      29790     0 2454573.450324  8.972910e+00  4.669482e-03  8.972910e+00  4.669482e-03 
  135551090   2.584249e+02   5.081091e-01   2.584249e+02   5.081091e-01 141200804172102170      12160      28319     0 2454574.378356  8.969164e+00  2.134757e-03  8.969164e+00  2.134757e-03 
  135551129   2.597791e+02   5.137708e-01   2.597791e+02   5.137708e-01 141200804172102550      12156      28323     0 2454574.378808  8.963490e+00  2.147291e-03  8.963490e+00  2.147291e-03 
  135551842   2.577252e+02   5.138652e-01   2.577252e+02   5.138652e-01 141200804172114480      12070      28401     0 2454574.387060  8.972108e+00  2.164802e-03  8.972108e+00  2.164802e-03 
  135551880   2.560392e+02   5.129659e-01   2.560392e+02   5.129659e-01 141200804172115270      12065      28407     0 2454574.387500  8.979234e+00  2.175243e-03  8.979234e+00  2.175243e-03 
  135552496   2.520246e+02   5.038282e-01   2.520246e+02   5.038282e-01 141200804172125430      11984      28530     0 2454574.394630  8.996392e+00  2.170528e-03  8.996392e+00  2.170528e-03 
  135552534   2.522272e+02   5.106182e-01   2.522272e+02   5.106182e-01 141200804172126210      11977      28536     0 2454574.395069  8.995520e+00  2.198012e-03  8.995520e+00  2.198012e-03 
  135553069   2.476711e+02   5.058902e-01   2.476711e+02   5.058902e-01 141200804172135150      11911      28649     0 2454574.401262  9.015311e+00  2.217720e-03  9.015311e+00  2.217720e-03 
  135553107   2.464419e+02   4.996619e-01   2.464419e+02   4.996619e-01 141200804172135540      11905      28654     0 2454574.401701  9.020714e+00  2.201342e-03  9.020714e+00  2.201342e-03 
  135553730   2.472607e+02   5.059653e-01   2.472607e+02   5.059653e-01 141200804172146160      11821      28712     0 2454574.408912  9.017113e+00  2.221731e-03  9.017113e+00  2.221731e-03 
  135553768   2.459232e+02   5.054340e-01   2.459232e+02   5.054340e-01 141200804172146550      11815      28716     0 2454574.409352  9.023001e+00  2.231468e-03  9.023001e+00  2.231468e-03 
  135554292   2.445180e+02   4.998797e-01   2.445180e+02   4.998797e-01 141200804172155380      11744      28821     0 2454574.415417  9.029222e+00  2.219629e-03  9.029222e+00  2.219629e-03 
  135554330   2.446307e+02   5.023791e-01   2.446307e+02   5.023791e-01 141200804172156160      11738      28826     0 2454574.415856  9.028723e+00  2.229700e-03  9.028723e+00  2.229700e-03 
  135554860   2.428329e+02   4.961983e-01   2.428329e+02   4.961983e-01 141200804172205070      11659      28866     0 2454574.421991  9.036732e+00  2.218572e-03  9.036732e+00  2.218572e-03 
  135554898   2.426516e+02   4.998008e-01   2.426516e+02   4.998008e-01 141200804172205450      11653      28873     0 2454574.422431  9.037542e+00  2.236349e-03  9.037542e+00  2.236349e-03 
  135555427   2.424930e+02   4.911448e-01   2.424930e+02   4.911448e-01 141200804172214330      11564      28911     0 2454574.428553  9.038252e+00  2.199056e-03  9.038252e+00  2.199056e-03 
  135555465   2.441140e+02   4.980713e-01   2.441140e+02   4.980713e-01 141200804172215110      11557      28916     0 2454574.428993  9.031018e+00  2.215260e-03  9.031018e+00  2.215260e-03 
  135555902   2.449902e+02   4.979765e-01   2.449902e+02   4.979765e-01 141200804172222300      11497      29006     0 2454574.434051  9.027128e+00  2.206917e-03  9.027128e+00  2.206917e-03 
  135555942   2.434503e+02   4.930526e-01   2.434503e+02   4.930526e-01 141200804172223090      11489      29011     0 2454574.434514  9.033974e+00  2.198917e-03  9.033974e+00  2.198917e-03 
  135556380   2.441703e+02   4.930671e-01   2.441703e+02   4.930671e-01 141200804172230270      11420      29039     0 2454574.439583  9.030767e+00  2.192497e-03  9.030767e+00  2.192497e-03 
  135556418   2.424056e+02   4.978778e-01   2.424056e+02   4.978778e-01 141200804172231060      11413      29044     0 2454574.440023  9.038644e+00  2.230006e-03  9.038644e+00  2.230006e-03 
  135556945   2.458393e+02   4.962704e-01   2.458393e+02   4.962704e-01 141200804172239530      11325      29137     0 2454574.446123  9.023372e+00  2.191760e-03  9.023372e+00  2.191760e-03 
  135557419   2.413034e+02   5.011674e-01   2.413034e+02   5.011674e-01 141200804172247460      11239      29100     0 2454574.451609  9.043591e+00  2.254993e-03  9.043591e+00  2.254993e-03 
  135557457   2.415447e+02   4.929979e-01   2.415447e+02   4.929979e-01 141200804172248250      11233      29103     0 2454574.452049  9.042506e+00  2.216019e-03  9.042506e+00  2.216019e-03 
  135557894   2.384313e+02   4.964018e-01   2.384313e+02   4.964018e-01 141200804172255410      11156      29186     0 2454574.457106  9.056592e+00  2.260456e-03  9.056592e+00  2.260456e-03 
  135557932   2.411723e+02   4.967821e-01   2.411723e+02   4.967821e-01 141200804172256200      11149      29187     0 2454574.457546  9.044181e+00  2.236476e-03  9.044181e+00  2.236476e-03 
  135558376   2.397671e+02   4.988292e-01   2.397671e+02   4.988292e-01 141200804172303430      11075      29210     0 2454574.462685  9.050526e+00  2.258854e-03  9.050526e+00  2.258854e-03 
  135558414   2.428856e+02   4.983948e-01   2.428856e+02   4.983948e-01 141200804172304210      11068      29211     0 2454574.463125  9.036496e+00  2.227910e-03  9.036496e+00  2.227910e-03 
  135558849   2.378094e+02   4.924834e-01   2.378094e+02   4.924834e-01 141200804172311360      10991      29232     0 2454574.468160  9.059427e+00  2.248477e-03  9.059427e+00  2.248477e-03 
  135558887   2.406050e+02   5.019608e-01   2.406050e+02   5.019608e-01 141200804172312150      10984      29233     0 2454574.468600  9.046739e+00  2.265119e-03  9.046739e+00  2.265119e-03 
  135559228   2.397151e+02   4.998929e-01   2.397151e+02   4.998929e-01 141200804172317550      10926      29243     0 2454574.472546  9.050762e+00  2.264162e-03  9.050762e+00  2.264162e-03 
  135559266   2.401273e+02   5.048447e-01   2.401273e+02   5.048447e-01 141200804172318340      10923      29241     0 2454574.472986  9.048896e+00  2.282664e-03  9.048896e+00  2.282664e-03 
  135559710   2.397434e+02   4.994014e-01   2.397434e+02   4.994014e-01 141200804172325570      10850      29196     0 2454574.478125  9.050633e+00  2.261668e-03  9.050633e+00  2.261668e-03 
  135559748   2.396891e+02   5.017077e-01   2.396891e+02   5.017077e-01 141200804172326350      10844      29196     0 2454574.478565  9.050879e+00  2.272627e-03  9.050879e+00  2.272627e-03 
  135560194   2.398174e+02   4.995645e-01   2.398174e+02   4.995645e-01 141200804172334020      10767      29212     0 2454574.483727  9.050299e+00  2.261709e-03  9.050299e+00  2.261709e-03 
  135560234   2.393154e+02   5.047404e-01   2.393154e+02   5.047404e-01 141200804172334410      10760      29213     0 2454574.484190  9.052573e+00  2.289935e-03  9.052573e+00  2.289935e-03 
  135560764   2.395024e+02   5.070837e-01   2.395024e+02   5.070837e-01 141200804172343320      10663      29165     0 2454574.490324  9.051725e+00  2.298771e-03  9.051725e+00  2.298771e-03 
  135560804   2.382480e+02   4.997627e-01   2.382480e+02   4.997627e-01 141200804172344110      10658      29167     0 2454574.490787  9.057426e+00  2.277510e-03  9.057426e+00  2.277510e-03 
  135636297   2.440275e+02   5.587814e-01   2.440275e+02   5.587814e-01 141200804182042310      12293      29588     0 2454575.364549  9.031404e+00  2.486160e-03  9.031404e+00  2.486160e-03 
  135636337   2.417911e+02   5.558782e-01   2.417911e+02   5.558782e-01 141200804182043100      12289      29592     0 2454575.365012  9.041399e+00  2.496118e-03  9.041399e+00  2.496118e-03 
  135637039   2.392295e+02   5.365264e-01   2.392295e+02   5.365264e-01 141200804182054530      12209      29679     0 2454575.373137  9.052963e+00  2.435018e-03  9.052963e+00  2.435018e-03 
  135637077   2.389573e+02   5.398617e-01   2.389573e+02   5.398617e-01 141200804182055310      12205      29682     0 2454575.373576  9.054199e+00  2.452947e-03  9.054199e+00  2.452947e-03 
  135638076   2.325280e+02   5.332950e-01   2.325280e+02   5.332950e-01 141200804182112090      12077      29792     0 2454575.385139  9.083812e+00  2.490107e-03  9.083812e+00  2.490107e-03 
  135638114   2.332574e+02   5.405923e-01   2.332574e+02   5.405923e-01 141200804182112470      12071      29799     0 2454575.385579  9.080412e+00  2.516288e-03  9.080412e+00  2.516288e-03 
  135638931   2.272071e+02   5.364245e-01   2.272071e+02   5.364245e-01 141200804182126240      11965      30002     0 2454575.395035  9.108946e+00  2.563378e-03  9.108946e+00  2.563378e-03 
  135638969   2.267269e+02   5.418904e-01   2.267269e+02   5.418904e-01 141200804182127030      11959      30007     0 2454575.395475  9.111242e+00  2.594981e-03  9.111242e+00  2.594981e-03 
  135639878   2.252301e+02   5.421207e-01   2.252301e+02   5.421207e-01 141200804182142120      11830      30151     0 2454575.405995  9.118434e+00  2.613336e-03  9.118434e+00  2.613336e-03 
  135639916   2.231602e+02   5.368489e-01   2.231602e+02   5.368489e-01 141200804182142500      11823      30156     0 2454575.406435  9.128458e+00  2.611928e-03  9.128458e+00  2.611928e-03 
  135640722   2.213078e+02   5.399252e-01   2.213078e+02   5.399252e-01 141200804182156150      11707      30224     0 2454575.415764  9.137508e+00  2.648882e-03  9.137508e+00  2.648882e-03 
  135640760   2.243087e+02   5.450768e-01   2.243087e+02   5.450768e-01 141200804182156530      11701      30228     0 2454575.416204  9.122885e+00  2.638380e-03  9.122885e+00  2.638380e-03 
  135641559   2.212199e+02   5.381977e-01   2.212199e+02   5.381977e-01 141200804182210120      11580      30289     0 2454575.425451  9.137939e+00  2.641456e-03  9.137939e+00  2.641456e-03 
  135641597   2.230564e+02   5.445929e-01   2.230564e+02   5.445929e-01 141200804182210500      11573      30294     0 2454575.425891  9.128963e+00  2.650838e-03  9.128963e+00  2.650838e-03 
  135642218   2.199031e+02   5.420106e-01   2.199031e+02   5.420106e-01 141200804182221110      11477      30399     0 2454575.433079  9.144422e+00  2.676100e-03  9.144422e+00  2.676100e-03 
  135642256   2.200289e+02   5.378308e-01   2.200289e+02   5.378308e-01 141200804182221500      11470      30402     0 2454575.433519  9.143801e+00  2.653944e-03  9.143801e+00  2.653944e-03 
  135642874   2.188272e+02   5.477389e-01   2.188272e+02   5.477389e-01 141200804182232080      11369      30501     0 2454575.440671  9.149747e+00  2.717678e-03  9.149747e+00  2.717678e-03 
  135642912   2.183663e+02   5.470156e-01   2.183663e+02   5.470156e-01 141200804182232460      11362      30504     0 2454575.441111  9.152036e+00  2.719818e-03  9.152036e+00  2.719818e-03 
  135643539   2.177238e+02   5.476077e-01   2.177238e+02   5.476077e-01 141200804182243130      11261      30598     0 2454575.448368  9.155235e+00  2.730798e-03  9.155235e+00  2.730798e-03 
  135643578   2.194981e+02   5.501820e-01   2.194981e+02   5.501820e-01 141200804182243510      11254      30600     0 2454575.448819  9.146423e+00  2.721457e-03  9.146423e+00  2.721457e-03 
  135644208   2.180634e+02   5.533892e-01   2.180634e+02   5.533892e-01 141200804182254220      11149      30633     0 2454575.456111  9.153543e+00  2.755331e-03  9.153543e+00  2.755331e-03 
  135644248   2.211689e+02   5.562730e-01   2.211689e+02   5.562730e-01 141200804182255010      11141      30633     0 2454575.456574  9.138190e+00  2.730799e-03  9.138190e+00  2.730799e-03 
  135644872   2.197818e+02   5.571435e-01   2.197818e+02   5.571435e-01 141200804182305250      11035      30662     0 2454575.463796  9.145020e+00  2.752334e-03  9.145020e+00  2.752334e-03 
  135644910   2.195836e+02   5.582645e-01   2.195836e+02   5.582645e-01 141200804182306040      11026      30664     0 2454575.464236  9.146000e+00  2.760362e-03  9.146000e+00  2.760362e-03 
  135645542   2.183099e+02   5.531757e-01   2.183099e+02   5.531757e-01 141200804182316360      10914      30748     0 2454575.471551  9.152316e+00  2.751158e-03  9.152316e+00  2.751158e-03 
  135645582   2.192173e+02   5.560750e-01   2.192173e+02   5.560750e-01 141200804182317150      10906      30748     0 2454575.472014  9.147813e+00  2.754129e-03  9.147813e+00  2.754129e-03 
  135646115   2.213287e+02   5.588599e-01   2.213287e+02   5.588599e-01 141200804182326080      10810      30766     0 2454575.478183  9.137405e+00  2.741518e-03  9.137405e+00  2.741518e-03 
  135646152   2.196715e+02   5.540382e-01   2.196715e+02   5.540382e-01 141200804182326460      10803      30767     0 2454575.478611  9.145566e+00  2.738368e-03  9.145566e+00  2.738368e-03 
  135646730   2.192442e+02   5.656862e-01   2.192442e+02   5.656862e-01 141200804182336230      10706      30777     0 2454575.485301  9.147679e+00  2.801388e-03  9.147679e+00  2.801388e-03 
  137114437   2.909974e+02   7.210385e-01   2.909974e+02   7.210385e-01 141200805052320070      12025      26855     0 2454592.472650  8.840278e+00  2.690266e-03  8.840278e+00  2.690266e-03 
  137114475   2.905400e+02   7.118902e-01   2.905400e+02   7.118902e-01 141200805052320460      12022      26852     0 2454592.473090  8.841985e+00  2.660314e-03  8.841985e+00  2.660314e-03 
  137115502   2.886786e+02   1.872475e+00   2.886786e+02   1.872475e+00 141200805052337520      11953      26757     0 2454592.484977  8.848964e+00  7.042507e-03  8.848964e+00  7.042507e-03 
  137115540   2.789201e+02   1.743227e+00   2.789201e+02   1.743227e+00 141200805052338310      11951      26753     0 2454592.485417  8.886301e+00  6.785786e-03  8.886301e+00  6.785786e-03 
  137116639   3.289628e+02   1.518675e+00   3.289628e+02   1.518675e+00 141200805052356490      11869      26647     0 2454592.498137  8.707133e+00  5.012379e-03  8.707133e+00  5.012379e-03 
  137117129   3.339422e+02   2.050950e+00   3.339422e+02   2.050950e+00 141200805060004590      11839      26593     0 2454592.503808  8.690822e+00  6.668215e-03  8.690822e+00  6.668215e-03 
  137117167   3.109015e+02   2.166113e+00   3.109015e+02   2.166113e+00 141200805060005380      11836      26589     0 2454592.504248  8.768443e+00  7.564567e-03  8.768443e+00  7.564567e-03 
  138143510   2.641459e+02   4.795406e-01   2.641459e+02   4.795406e-01 141200805172112430      12325      27168     0 2454604.383218  8.945390e+00  1.971093e-03  8.945390e+00  1.971093e-03 
  138143550   2.629124e+02   4.801266e-01   2.629124e+02   4.801266e-01 141200805172113220      12325      27163     0 2454604.383681  8.950473e+00  1.982762e-03  8.950473e+00  1.982762e-03 
  138144343   2.573199e+02   4.769106e-01   2.573199e+02   4.769106e-01 141200805172126350      12307      27114     0 2454604.392859  8.973817e+00  2.012285e-03  8.973817e+00  2.012285e-03 
  138144381   2.575847e+02   4.765638e-01   2.575847e+02   4.765638e-01 141200805172127130      12304      27112     0 2454604.393299  8.972700e+00  2.008755e-03  8.972700e+00  2.008755e-03 
  138144984   2.550531e+02   4.717217e-01   2.550531e+02   4.717217e-01 141200805172137170      12286      27072     0 2454604.400278  8.983423e+00  2.008080e-03  8.983423e+00  2.008080e-03 
  138145024   2.546825e+02   4.752941e-01   2.546825e+02   4.752941e-01 141200805172137560      12284      27069     0 2454604.400741  8.985003e+00  2.026232e-03  8.985003e+00  2.026232e-03 
  138145723   2.548268e+02   4.843998e-01   2.548268e+02   4.843998e-01 141200805172149350      12243      27030     0 2454604.408831  8.984387e+00  2.063881e-03  8.984387e+00  2.063881e-03 
  138145761   2.526907e+02   4.797800e-01   2.526907e+02   4.797800e-01 141200805172150130      12239      27028     0 2454604.409271  8.993526e+00  2.061478e-03  8.993526e+00  2.061478e-03 
  138146455   2.500235e+02   4.885828e-01   2.500235e+02   4.885828e-01 141200805172201480      12196      26982     0 2454604.417303  9.005048e+00  2.121696e-03  9.005048e+00  2.121696e-03 
  138146493   2.500483e+02   4.835998e-01   2.500483e+02   4.835998e-01 141200805172202260      12192      26979     0 2454604.417743  9.004940e+00  2.099849e-03  9.004940e+00  2.099849e-03 
