\OBJNAME = '1SWASP J190259.91+343608.5'
\OBSSTART = '2004-05-03T01:31:01'
\OBSSTOP = '2007-07-01T04:08:14'
\TSTART = 10632764
\TSTOP = 110347977
\JD_REF = 2453005.5
\RA_OBJ = '285.74965'
\DEC_OBJ = '34.602372'
\WASP_MAG = 9.110818
\HJD_START = 2453128.564398
\HJD_STOP = 2454282.675660
\fixlen = T
\NUMRECORDS = 97
\
\ This file was produced by the NASA Exoplanet Archive  http://exoplanetarchive.ipac.caltech.edu 
\ Sat Sep 14, 13:24:33 2013
\ Documentation for the SuperWASP dataset can be found at http://exoplanetarchive.ipac.caltech.edu/docs/SuperWASPMission.html
\
|TMID      |FLUX2         |FLUX2_ERR     |TAMFLUX2      |TAMFLUX2_ERR  |IMAGEID           |CCDX      |CCDY      |FLAG |           HJD|         MAG2|     MAG2_ERR|      TAMMAG2|  TAMMAG2_ERR|
|int       |float         |float         |float         |float         |char              |int       |int       |int  |        double|        float|        float|        float|        float|
|sec       |micro Vega    |micro Vega    |micro Vega    |micro Vega    |                  |1/16 pixel|1/16 pixel|     |           day|          mag|          mag|          mag|          mag|
|null      |null          |null          |null          |null          |null              |null      |null      |null |          null|         null|         null|         null|         null|
   10632764   2.012406e+02   4.427689e-01   1.567393e+02   1.360595e+00 102200405030131010       5311      32631    32 2453128.564398  9.240711e+00  2.388842e-03  9.512055e+00  9.424902e-03 
   10638514   2.019324e+02   3.961903e-01   1.576786e+02   7.678396e-01 102200405030306510       5181      32669    32 2453128.630949  9.236985e+00  2.130216e-03  9.505568e+00  5.287173e-03 
   10644043   2.008818e+02   3.609750e-01   1.560620e+02   8.188450e-01 102200405030438590       5111      32651    32 2453128.694942  9.242648e+00  1.951023e-03  9.516757e+00  5.696792e-03 
   10644352   2.001871e+02   3.503394e-01   1.554137e+02   8.876449e-01 102200405030444090       5112      32594    32 2453128.698519  9.246409e+00  1.900109e-03  9.521277e+00  6.201203e-03 
   10644974   2.005513e+02   3.405102e-01   1.558716e+02   1.122564e+00 102200405030454300       5107      32545    32 2453128.705718  9.244436e+00  1.843446e-03  9.518083e+00  7.819337e-03 
   10645283   2.017710e+02   3.384417e-01   1.567752e+02   9.287775e-01 102200405030459390       5104      32564    32 2453128.709294  9.237853e+00  1.821172e-03  9.511806e+00  6.432209e-03 
   10645594   2.007266e+02   3.332663e-01   1.559688e+02   8.066136e-01 102200405030504500       5100      32575    32 2453128.712894  9.243487e+00  1.802654e-03  9.517406e+00  5.615051e-03 
   10645903   2.002645e+02   3.305417e-01   1.556976e+02   8.043271e-01 102200405030510000       5099      32536    32 2453128.716470  9.245990e+00  1.792042e-03  9.519296e+00  5.608886e-03 
   10646213   1.993615e+02   3.266126e-01   1.549713e+02   8.378375e-01 102200405030515100       5095      32555    32 2453128.720058  9.250897e+00  1.778761e-03  9.524372e+00  5.869951e-03 
   10646524   2.007401e+02   3.242640e-01   1.560805e+02   9.201177e-01 102200405030520200       5095      32528    32 2453128.723657  9.243415e+00  1.753841e-03  9.516628e+00  6.400600e-03 
   10646835   1.992481e+02   3.256597e-01   1.549943e+02   7.993073e-01 102200405030525300       5094      32536    32 2453128.727257  9.251514e+00  1.774580e-03  9.524211e+00  5.599173e-03 
   10647335   1.984928e+02   3.611692e-01   1.541584e+02   8.108941e-01 102200405030533510       5088      32543    32 2453128.733044  9.255638e+00  1.975567e-03  9.530082e+00  5.711140e-03 
   10647646   1.998174e+02   4.398991e-01   1.550081e+02   6.508849e-01 102200405030539010       5086      32567    32 2453128.736644  9.248417e+00  2.390262e-03  9.524114e+00  4.559064e-03 
   10718910   1.972895e+02   5.107375e-01   1.546374e+02   1.215345e+00 102200405040126420       5303      32561    32 2453129.561458  9.262240e+00  2.810734e-03  9.526713e+00  8.533181e-03 
   10719269   1.995504e+02   5.005633e-01   1.564683e+02   1.071546e+00 102200405040132420       5299      32546    32 2453129.565613  9.249868e+00  2.723531e-03  9.513934e+00  7.435501e-03 
   10719753   1.995191e+02   5.022976e-01   1.563055e+02   8.230502e-01 102200405040140450       5287      32562    32 2453129.571215  9.250039e+00  2.733396e-03  9.515064e+00  5.717130e-03 
   10720113   1.963697e+02   5.025322e-01   1.538010e+02   8.149440e-01 102200405040146450       5276      32612    32 2453129.575382  9.267314e+00  2.778531e-03  9.532602e+00  5.753001e-03 
   10720472   1.982422e+02   5.030560e-01   1.551793e+02   6.954955e-01 102200405040152450       5269      32614    32 2453129.579537  9.257010e+00  2.755156e-03  9.522916e+00  4.866160e-03 
   10720832   1.967724e+02   4.937099e-01   1.542648e+02   5.836936e-01 102200405040158450       5258      32610    32 2453129.583704  9.265090e+00  2.724166e-03  9.529333e+00  4.108129e-03 
   10721193   1.979399e+02   4.932103e-01   1.552804e+02   5.278440e-01 102200405040204450       5247      32650    32 2453129.587882  9.258667e+00  2.705358e-03  9.522208e+00  3.690751e-03 
   10721553   1.968374e+02   4.887105e-01   1.543353e+02   4.996198e-01 102200405040210450       5240      32637    32 2453129.592049  9.264731e+00  2.695690e-03  9.528837e+00  3.514798e-03 
   10721912   1.966248e+02   4.867317e-01   1.541689e+02   4.867317e-01 102200405040216450       5232      32666    32 2453129.596204  9.265904e+00  2.687678e-03  9.530008e+00  3.427824e-03 
   10722381   1.971025e+02   4.862688e-01   1.546839e+02   5.374738e-01 102200405040224330       5223      32652    32 2453129.601632  9.263269e+00  2.678614e-03  9.526387e+00  3.772575e-03 
   10722741   1.971852e+02   4.803405e-01   1.547802e+02   4.803405e-01 102200405040230330       5215      32649    32 2453129.605799  9.262815e+00  2.644848e-03  9.525711e+00  3.369454e-03 
   10723100   1.954452e+02   4.825155e-01   1.534549e+02   4.825155e-01 102200405040236330       5207      32658    32 2453129.609954  9.272438e+00  2.680478e-03  9.535048e+00  3.413944e-03 
   10723821   1.954085e+02   4.713699e-01   1.535277e+02   4.713699e-01 102200405040248330       5191      32655    32 2453129.618299  9.272641e+00  2.619053e-03  9.534534e+00  3.333504e-03 
   10731169   1.982504e+02   4.135689e-01   1.544455e+02   4.135689e-01 102200405040451010       5092      32636    32 2453129.703345  9.256965e+00  2.264956e-03  9.528062e+00  2.907359e-03 
   10731880   1.981781e+02   4.002332e-01   1.543921e+02   4.002332e-01 102200405040502520       5080      32600    32 2453129.711574  9.257360e+00  2.192720e-03  9.528437e+00  2.814581e-03 
   10732241   1.982107e+02   3.960048e-01   1.543350e+02   3.960048e-01 102200405040508520       5084      32584    32 2453129.715752  9.257182e+00  2.169198e-03  9.528839e+00  2.785877e-03 
   10732600   1.983281e+02   3.918742e-01   1.544909e+02   3.918742e-01 102200405040514510       5082      32591    32 2453129.719907  9.256539e+00  2.145301e-03  9.527743e+00  2.754036e-03 
   10732960   1.980439e+02   3.933005e-01   1.543011e+02   7.191878e-01 102200405040520510       5079      32581    32 2453129.724074  9.258097e+00  2.156199e-03  9.529078e+00  5.060567e-03 
   10733270   1.985506e+02   4.014927e-01   1.546977e+02   4.841746e-01 102200405040526020       5079      32614    32 2453129.727662  9.255322e+00  2.195494e-03  9.526291e+00  3.398162e-03 
   10733630   1.995546e+02   4.191974e-01   1.554904e+02   5.497631e-01 102200405040532020       5075      32606    32 2453129.731829  9.249846e+00  2.280776e-03  9.520741e+00  3.838821e-03 
   10733991   1.986603e+02   4.863418e-01   1.548424e+02   5.212409e-01 102200405040538020       5074      32594    32 2453129.736007  9.254722e+00  2.658008e-03  9.525275e+00  3.654890e-03 
   10805530   1.960292e+02   5.121812e-01   1.559919e+02   3.418014e+00 102200405050130180       5303      32309    32 2453130.564005  9.269197e+00  2.836799e-03  9.517244e+00  2.379017e-02 
   10805890   1.961759e+02   5.070024e-01   1.561424e+02   3.378910e+00 102200405050136180       5289      32390    32 2453130.568171  9.268386e+00  2.806016e-03  9.516198e+00  2.349534e-02 
   10806611   1.946051e+02   4.917701e-01   1.550113e+02   3.228982e+00 102200405050148180       5270      32385    32 2453130.576516  9.277115e+00  2.743682e-03  9.524092e+00  2.261665e-02 
   10807332   1.964874e+02   4.790270e-01   1.564042e+02   3.088982e+00 102200405050200190       5246      32452    32 2453130.584861  9.266664e+00  2.646983e-03  9.514380e+00  2.144336e-02 
   10807691   1.961654e+02   4.750931e-01   1.561787e+02   3.001009e+00 102200405050206190       5239      32418    32 2453130.589016  9.268444e+00  2.629555e-03  9.515945e+00  2.086274e-02 
   10808484   1.968033e+02   4.681198e-01   1.566536e+02   2.883936e+00 102200405050219320       5223      32447    32 2453130.598194  9.264919e+00  2.582561e-03  9.512649e+00  1.998808e-02 
   10808845   1.956017e+02   4.674319e-01   1.555181e+02   2.822185e+00 102200405050225330       5221      32441    32 2453130.602373  9.271568e+00  2.594606e-03  9.520548e+00  1.970291e-02 
   10809205   1.975778e+02   4.624881e-01   1.570690e+02   2.807068e+00 102200405050231330       5212      32471    32 2453130.606539  9.260654e+00  2.541490e-03  9.509773e+00  1.940387e-02 
   10809566   1.946774e+02   4.589562e-01   1.547045e+02   2.724327e+00 102200405050237330       5204      32461    32 2453130.610718  9.276711e+00  2.559655e-03  9.526242e+00  1.911975e-02 
   10809925   1.946566e+02   4.581366e-01   1.545943e+02   2.681298e+00 102200405050243330       5197      32533    32 2453130.614873  9.276827e+00  2.555358e-03  9.527017e+00  1.883118e-02 
   10810285   1.959879e+02   4.567831e-01   1.555585e+02   2.738576e+00 102200405050249330       5189      32540    32 2453130.619039  9.269427e+00  2.530502e-03  9.520266e+00  1.911424e-02 
   10811060   1.954974e+02   4.515367e-01   1.549723e+02   2.645440e+00 102200405050302280       5173      32526    32 2453130.628009  9.272148e+00  2.507714e-03  9.524364e+00  1.853402e-02 
   10811421   1.953703e+02   4.439287e-01   1.548706e+02   2.560342e+00 102200405050308280       5167      32514    32 2453130.632188  9.272854e+00  2.467064e-03  9.525078e+00  1.794961e-02 
   10811780   1.979285e+02   4.487672e-01   1.567051e+02   2.632128e+00 102200405050314280       5159      32515    32 2453130.636343  9.258729e+00  2.461721e-03  9.512292e+00  1.823685e-02 
   10812091   1.970445e+02   4.452673e-01   1.559435e+02   2.453857e+00 102200405050319380       5153      32525    32 2453130.639942  9.263589e+00  2.453479e-03  9.517582e+00  1.708471e-02 
   10812450   1.965974e+02   4.481044e-01   1.554617e+02   2.488187e+00 102200405050325380       5142      32515    32 2453130.644097  9.266056e+00  2.474727e-03  9.520942e+00  1.737743e-02 
   10812810   1.965180e+02   4.437455e-01   1.553895e+02   2.445150e+00 102200405050331380       5135      32488    32 2453130.648264  9.266494e+00  2.451644e-03  9.521446e+00  1.708479e-02 
   10813171   1.971594e+02   4.441887e-01   1.559131e+02   2.577105e+00 102200405050337390       5129      32508    32 2453130.652442  9.262956e+00  2.446108e-03  9.517794e+00  1.794632e-02 
   10813532   1.970749e+02   4.423458e-01   1.558332e+02   2.492914e+00 102200405050343390       5125      32489    32 2453130.656620  9.263422e+00  2.437005e-03  9.518350e+00  1.736893e-02 
   10813892   1.962600e+02   4.404190e-01   1.551458e+02   2.481922e+00 102200405050349390       5120      32504    32 2453130.660787  9.267920e+00  2.436465e-03  9.523149e+00  1.736896e-02 
   10814374   1.982087e+02   4.365239e-01   1.566721e+02   2.504891e+00 102200405050357420       5114      32483    32 2453130.666366  9.257194e+00  2.391174e-03  9.512521e+00  1.735893e-02 
   10814734   1.958654e+02   4.340843e-01   1.546947e+02   2.391880e+00 102200405050403420       5112      32496    32 2453130.670532  9.270106e+00  2.406258e-03  9.526312e+00  1.678765e-02 
   10815095   1.982174e+02   4.313770e-01   1.565095e+02   2.294323e+00 102200405050409420       5109      32483    32 2453130.674711  9.257146e+00  2.362877e-03  9.513648e+00  1.591621e-02 
   10815454   1.967504e+02   4.254939e-01   1.553542e+02   2.359067e+00 102200405050415420       5106      32498    32 2453130.678866  9.265211e+00  2.348029e-03  9.521692e+00  1.648705e-02 
   10815765   1.982307e+02   4.270479e-01   1.563617e+02   2.250090e+00 102200405050420520       5108      32487    32 2453130.682465  9.257072e+00  2.339007e-03  9.514674e+00  1.562411e-02 
   10816125   1.961235e+02   4.231396e-01   1.545792e+02   2.142993e+00 102200405050426520       5106      32502    32 2453130.686632  9.268676e+00  2.342502e-03  9.527122e+00  1.505204e-02 
   10816484   1.962720e+02   4.209550e-01   1.546453e+02   2.347835e+00 102200405050432520       5104      32502    32 2453130.690787  9.267854e+00  2.328644e-03  9.526658e+00  1.648377e-02 
   10816845   1.964214e+02   4.197025e-01   1.548837e+02   2.187271e+00 102200405050438520       5100      32484    32 2453130.694965  9.267028e+00  2.319950e-03  9.524985e+00  1.533284e-02 
   10817205   1.963220e+02   4.195029e-01   1.547794e+02   2.144946e+00 102200405050444520       5097      32493    32 2453130.699132  9.267578e+00  2.320021e-03  9.525717e+00  1.504628e-02 
   10817687   1.966344e+02   4.215623e-01   1.549176e+02   2.024709e+00 102200405050452540       5092      32471    32 2453130.704711  9.265851e+00  2.327706e-03  9.524748e+00  1.419017e-02 
   10818047   1.959619e+02   4.118990e-01   1.545297e+02   2.140142e+00 102200405050458540       5090      32433    32 2453130.708877  9.269570e+00  2.282154e-03  9.527470e+00  1.503683e-02 
   10818406   1.972961e+02   4.095599e-01   1.555903e+02   2.277302e+00 102200405050504540       5088      32387    32 2453130.713032  9.262204e+00  2.253849e-03  9.520043e+00  1.589146e-02 
   10818767   1.958410e+02   4.078718e-01   1.544212e+02   2.056406e+00 102200405050510540       5086      32380    32 2453130.717211  9.270241e+00  2.261235e-03  9.528233e+00  1.445865e-02 
   10819127   1.965451e+02   4.080452e-01   1.550136e+02   2.227834e+00 102200405050516550       5082      32382    32 2453130.721377  9.266344e+00  2.254094e-03  9.524076e+00  1.560410e-02 
   10819439   1.959473e+02   4.107414e-01   1.545038e+02   2.221251e+00 102200405050522060       5082      32448    32 2453130.724988  9.269651e+00  2.275909e-03  9.527652e+00  1.560933e-02 
   10819638   1.949412e+02   4.390058e-01   1.541733e+02   2.140782e+00 102200405050525260       5067      32663    32 2453130.727292  9.275241e+00  2.445077e-03  9.529978e+00  1.507611e-02 
   10819799   1.968597e+02   4.241806e-01   1.552986e+02   2.234798e+00 102200405050528060       5079      32371    32 2453130.729155  9.264607e+00  2.339482e-03  9.522081e+00  1.562416e-02 
   10819998   1.962249e+02   4.602707e-01   1.560428e+02   4.328930e+00 102200405050531250       5064      32649    32 2453130.731458  9.268114e+00  2.546742e-03  9.516891e+00  3.012053e-02 
   82069566   1.884931e+02   3.675677e-01   1.884931e+02   3.675677e-01 145200608072101340      19401      21178     0 2453955.379236  9.311761e+00  2.117228e-03  9.311761e+00  2.117228e-03 
   82070372   1.895112e+02   3.523170e-01   1.895112e+02   3.523170e-01 145200608072114590      19343      21086     0 2453955.388565  9.305913e+00  2.018481e-03  9.305913e+00  2.018481e-03 
   82071088   1.900644e+02   3.490689e-01   1.900644e+02   3.490689e-01 145200608072126560      19373      21017     0 2453955.396852  9.302748e+00  1.994050e-03  9.302748e+00  1.994050e-03 
   82071867   1.908981e+02   3.429740e-01   1.908981e+02   3.429740e-01 145200608072139540      19453      20937     0 2453955.405868  9.297997e+00  1.950678e-03  9.297997e+00  1.950678e-03 
   82072647   1.919024e+02   3.414454e-01   1.919024e+02   3.414454e-01 145200608072152550      19510      20850     0 2453955.414896  9.292298e+00  1.931820e-03  9.292298e+00  1.931820e-03 
   82073362   1.919958e+02   3.369265e-01   1.919958e+02   3.369265e-01 145200608072204500      19552      20784     0 2453955.423171  9.291770e+00  1.905326e-03  9.291770e+00  1.905326e-03 
  106194551   4.131542e+02   1.901568e+00   1.698126e+02   1.901568e+00 147200705140226430      17020      25795    32 2454234.603600  8.459720e+00  4.997185e-03  9.425076e+00  1.215816e-02 
  106194589   3.939611e+02   2.190322e+00   1.619239e+02   2.190322e+00 147200705140227220      17017      25796    32 2454234.604039  8.511367e+00  6.036434e-03  9.476723e+00  1.468665e-02 
  106195793   4.353742e+02   2.147866e+00   1.789454e+02   2.147866e+00 147200705140247260      16947      25923    32 2454234.617975  8.402843e+00  5.356368e-03  9.368198e+00  1.303205e-02 
  106197611   3.774699e+02   2.613886e+00   1.551458e+02   2.613886e+00 147200705140317440      16781      26094    32 2454234.639016  8.557794e+00  7.518482e-03  9.523149e+00  1.829247e-02 
  106197649   3.918011e+02   2.486064e+00   1.610362e+02   2.486064e+00 147200705140318220      16777      26099    32 2454234.639456  8.517336e+00  6.889258e-03  9.482692e+00  1.676157e-02 
  106198071   4.004139e+02   1.112527e+01   1.645762e+02   1.112527e+01 147200705140325230      16721      26138    32 2454234.644340  8.493727e+00  3.016665e-02  9.459083e+00  7.339548e-02 
  106198109   3.438461e+02   1.450646e+01   1.413259e+02   1.450646e+01 147200705140326020      16715      26139    32 2454234.644780  8.659090e+00  4.580608e-02  9.624445e+00  1.114462e-01 
  106203738   3.226439e+02   6.614227e+00   1.326115e+02   6.614227e+00 147200705140459510      16019      26535    32 2454234.709931  8.728191e+00  2.225776e-02  9.693547e+00  5.415315e-02 
  106203778   2.816619e+02   7.205074e+00   1.157673e+02   7.205074e+00 147200705140500300      16013      26541    32 2454234.710394  8.875680e+00  2.777386e-02  9.841036e+00  6.757382e-02 
  106204103   4.715452e+02   5.437249e+00   1.938122e+02   5.437249e+00 147200705140505550      15944      26556    32 2454234.714155  8.316192e+00  1.251935e-02  9.281548e+00  3.045959e-02 
  106204573   3.139508e+02   2.831119e+00   1.290385e+02   2.831119e+00 147200705140513450      15890      26590    32 2454234.719595  8.757846e+00  9.790895e-03  9.723202e+00  2.382125e-02 
  106204612   3.032742e+02   2.677718e+00   1.246503e+02   2.677718e+00 147200705140514250      15882      26588    32 2454234.720046  8.795411e+00  9.586394e-03  9.760767e+00  2.332371e-02 
  106204848   3.848673e+02   1.711761e+00   1.581863e+02   1.711761e+00 147200705140518200      15839      26588    32 2454234.722778  8.536722e+00  4.829009e-03  9.502078e+00  1.174898e-02 
  106204885   3.753855e+02   1.983451e+00   1.542891e+02   1.983451e+00 147200705140518580      15831      26591    32 2454234.723206  8.563807e+00  5.736802e-03  9.529161e+00  1.395764e-02 
  106205146   3.936451e+02   2.903123e+00   1.617941e+02   2.903123e+00 147200705140523190      15815      26602    32 2454234.726227  8.512238e+00  8.007308e-03  9.477593e+00  1.948179e-02 
  106205186   3.912297e+02   3.062608e+00   1.608013e+02   3.062608e+00 147200705140523580      15808      26606    32 2454234.726690  8.518921e+00  8.499347e-03  9.484276e+00  2.067892e-02 
  110342851   2.147860e+02   3.871844e-01   8.828027e+01   3.871844e-01 147200707010242490      15063      27515    32 2454282.616331  9.169985e+00  1.957211e-03  1.013534e+01  4.761897e-03 
  110345879   2.160627e+02   3.929949e-01   8.880503e+01   3.929949e-01 147200707010333170      14551      27568    32 2454282.651377  9.163550e+00  1.974845e-03  1.012891e+01  4.804799e-03 
  110347977   2.130068e+02   3.951855e-01   8.754900e+01   3.951855e-01 147200707010408140      14188      27574    32 2454282.675660  9.179016e+00  2.014343e-03  1.014437e+01  4.900898e-03 
