\OBJNAME = '1SWASP J022146.14+633435.0'
\OBSSTART = '2004-07-10T05:05:27'
\OBSSTOP = '2004-08-09T03:56:26'
\TSTART = 16520512
\TSTOP = 19108529
\JD_REF = 2453005.5
\RA_OBJ = '35.442286'
\DEC_OBJ = '63.576408'
\WASP_MAG = 14.06541
\HJD_START = 2453196.709630
\HJD_STOP = 2453226.663530
\fixlen = T
\NUMRECORDS = 45
\
\ This file was produced by the NASA Exoplanet Archive  http://exoplanetarchive.ipac.caltech.edu 
\ Sun Sep 15, 14:15:05 2013
\ Documentation for the SuperWASP dataset can be found at http://exoplanetarchive.ipac.caltech.edu/docs/SuperWASPMission.html
\
|TMID      |FLUX2         |FLUX2_ERR     |TAMFLUX2      |TAMFLUX2_ERR  |IMAGEID           |CCDX      |CCDY      |FLAG |           HJD|         MAG2|     MAG2_ERR|      TAMMAG2|  TAMMAG2_ERR|
|int       |float         |float         |float         |float         |char              |int       |int       |int  |        double|        float|        float|        float|        float|
|sec       |micro Vega    |micro Vega    |micro Vega    |micro Vega    |                  |1/16 pixel|1/16 pixel|     |           day|          mag|          mag|          mag|          mag|
|null      |null          |null          |null          |null          |null              |null      |null      |null |          null|         null|         null|         null|         null|
   16520512   2.286881e+00   1.476741e-01   2.319940e+00   1.476741e-01 105200407100505270       5866       8967    32 2453196.709630  1.410189e+01  7.011106e-02  1.408631e+01  6.911198e-02 
   16520862   2.293610e+00   1.485039e-01   2.326766e+00   1.485039e-01 105200407100511170       5843       8998    32 2453196.713681  1.409870e+01  7.029820e-02  1.408312e+01  6.929646e-02 
   16521212   2.399286e+00   2.095372e-01   2.433970e+00   2.095372e-01 105200407100517070       5822       9029    32 2453196.717731  1.404980e+01  9.482111e-02  1.403421e+01  9.346992e-02 
   16693827   2.134092e+00   1.614585e-01   2.164942e+00   1.614585e-01 105200407120513530       5800       9045    32 2453198.715590  1.417697e+01  8.214360e-02  1.416138e+01  8.097307e-02 
   16694176   2.334597e+00   1.985556e-01   2.368346e+00   1.985556e-01 105200407120519420       5774       9078    32 2453198.719630  1.407947e+01  9.234130e-02  1.406389e+01  9.102545e-02 
   16779997   2.383608e+00   1.258771e-01   2.418065e+00   1.258771e-01 105200407130509570       5802       9049    32 2453199.712928  1.405691e+01  5.733738e-02  1.404133e+01  5.652033e-02 
   16780347   2.273469e+00   1.471845e-01   2.306334e+00   1.471846e-01 105200407130515470       5781       9080    32 2453199.716979  1.410828e+01  7.029089e-02  1.409269e+01  6.928924e-02 
   16780695   2.008065e+00   2.127756e-01   2.037093e+00   2.127756e-01 105200407130521360       5762       9106    32 2453199.721007  1.424306e+01  1.150456e-01  1.422747e+01  1.134062e-01 
   16865864   2.521241e+00   1.473069e-01   2.557688e+00   1.473069e-01 105200407140501000       5842       9062    32 2453200.706759  1.399596e+01  6.343581e-02  1.398038e+01  6.253185e-02 
   16866216   2.433081e+00   1.506260e-01   2.468253e+00   1.506260e-01 105200407140506510       5820       9082    32 2453200.710833  1.403461e+01  6.721546e-02  1.401903e+01  6.625764e-02 
   16866566   2.572034e+00   1.709166e-01   2.609215e+00   1.709166e-01 105200407140512410       5802       9109    32 2453200.714884  1.397431e+01  7.214954e-02  1.395872e+01  7.112140e-02 
   16866915   2.812012e+00   2.303956e-01   2.852662e+00   2.303956e-01 105200407140518310       5781       9146    32 2453200.718924  1.387746e+01  8.895754e-02  1.386187e+01  8.768991e-02 
   16867267   2.248312e+00   3.251322e-01   2.280814e+00   3.251322e-01 105200407140524220       5760       9165    32 2453200.722998  1.412036e+01  1.570107e-01  1.410478e+01  1.547733e-01 
   18849690   2.519555e+00   1.390294e-01   2.555977e+00   1.390294e-01 105200408060402450       8541       9207    32 2453223.667708  1.399669e+01  5.991131e-02  1.398111e+01  5.905757e-02 
   18850056   2.344314e+00   1.352298e-01   2.378203e+00   1.352298e-01 105200408060408510       8520       9227    32 2453223.671944  1.407496e+01  6.263003e-02  1.405938e+01  6.173756e-02 
   18850655   2.092975e+00   1.326879e-01   2.123231e+00   1.326879e-01 105200408060418500       8493       9367    32 2453223.678877  1.419809e+01  6.883243e-02  1.418251e+01  6.785159e-02 
   18850993   2.014946e+00   1.323972e-01   2.044074e+00   1.323972e-01 105200408060424280       8477       9397    32 2453223.682789  1.423934e+01  7.134135e-02  1.422376e+01  7.032473e-02 
   18851333   2.278229e+00   1.312442e-01   2.311163e+00   1.312442e-01 105200408060430070       8457       9422    32 2453223.686725  1.410601e+01  6.254729e-02  1.409042e+01  6.165599e-02 
   18851673   2.176843e+00   1.309569e-01   2.208311e+00   1.309569e-01 105200408060435470       8441       9445    32 2453223.690660  1.415543e+01  6.531715e-02  1.413985e+01  6.438638e-02 
   18852009   2.194925e+00   1.310482e-01   2.226655e+00   1.310482e-01 105200408060441240       8423       9478    32 2453223.694549  1.414645e+01  6.482419e-02  1.413087e+01  6.390044e-02 
   18933418   2.529375e+00   1.655791e-01   2.565939e+00   1.655791e-01 105200408070318070       8706       8986    32 2453224.636782  1.399247e+01  7.107520e-02  1.397688e+01  7.006238e-02 
   18933782   2.309712e+00   1.425919e-01   2.343101e+00   1.425919e-01 105200408070324110       8687       9025    32 2453224.640995  1.409111e+01  6.702904e-02  1.407552e+01  6.607388e-02 
   18934149   2.493916e+00   1.295860e-01   2.529968e+00   1.295860e-01 105200408070330180       8663       9058    32 2453224.645243  1.400780e+01  5.641596e-02  1.399221e+01  5.561204e-02 
   18934540   2.181219e+00   1.186482e-01   2.212750e+00   1.186482e-01 105200408070336490       8634       9111    32 2453224.649769  1.415325e+01  5.905921e-02  1.413767e+01  5.821761e-02 
   18934910   2.317451e+00   1.147987e-01   2.350952e+00   1.147987e-01 105200408070342580       8609       9143    32 2453224.654051  1.408747e+01  5.378392e-02  1.407189e+01  5.301750e-02 
   18935277   2.411147e+00   1.178182e-01   2.446002e+00   1.178182e-01 105200408070349050       8585       9180    32 2453224.658299  1.404444e+01  5.305357e-02  1.402886e+01  5.229756e-02 
   18935647   2.302797e+00   1.170786e-01   2.336086e+00   1.170786e-01 105200408070355160       8561       9183    32 2453224.662581  1.409436e+01  5.520110e-02  1.407878e+01  5.441449e-02 
   18936010   2.327193e+00   1.200778e-01   2.360835e+00   1.200778e-01 105200408070401190       8538       9236    32 2453224.666782  1.408292e+01  5.602171e-02  1.406734e+01  5.522341e-02 
   18936379   2.320062e+00   1.199462e-01   2.353601e+00   1.199462e-01 105200408070407270       8515       9252    32 2453224.671053  1.408625e+01  5.613230e-02  1.407067e+01  5.533242e-02 
   18936699   2.265256e+00   1.201348e-01   2.298003e+00   1.201348e-01 105200408070412470       8506       9256    32 2453224.674757  1.411221e+01  5.758075e-02  1.409662e+01  5.676023e-02 
   18937079   2.191857e+00   1.181132e-01   2.223542e+00   1.181132e-01 105200408070419070       8479       9243    32 2453224.679155  1.414797e+01  5.850756e-02  1.413239e+01  5.767383e-02 
   18937485   2.084418e+00   1.190064e-01   2.114550e+00   1.190064e-01 105200408070425530       8458       9278    32 2453224.683854  1.420254e+01  6.198850e-02  1.418696e+01  6.110517e-02 
   18937857   2.334425e+00   1.200881e-01   2.368171e+00   1.200881e-01 105200408070432050       8439       9291    32 2453224.688160  1.407955e+01  5.585294e-02  1.406397e+01  5.505704e-02 
   19020675   2.419489e+00   1.499406e-01   2.454465e+00   1.499406e-01 105200408080332180       8602       9080    32 2453225.646701  1.404069e+01  6.728550e-02  1.402511e+01  6.632669e-02 
   19021038   2.296131e+00   1.310591e-01   2.329323e+00   1.310591e-01 105200408080338220       8576       9121    32 2453225.650903  1.409751e+01  6.197215e-02  1.408193e+01  6.108905e-02 
   19021398   2.620211e+00   1.251035e-01   2.658088e+00   1.251035e-01 105200408080344220       8553       9152    32 2453225.655069  1.395416e+01  5.183929e-02  1.393858e+01  5.110059e-02 
   19021769   2.355254e+00   1.284735e-01   2.389301e+00   1.284735e-01 105200408080350320       8532       9178    32 2453225.659363  1.406991e+01  5.922455e-02  1.405432e+01  5.838061e-02 
   19022146   2.573062e+00   1.308153e-01   2.610258e+00   1.308153e-01 105200408080356500       8507       9222    32 2453225.663727  1.397387e+01  5.519937e-02  1.395829e+01  5.441278e-02 
   19022515   2.586044e+00   1.309183e-01   2.623428e+00   1.309183e-01 105200408080402580       8486       9248    32 2453225.667998  1.396841e+01  5.496551e-02  1.395283e+01  5.418225e-02 
   19106703   2.626735e+00   1.230359e-01   2.664707e+00   1.230359e-01 105200408090326010       8601       9117    32 2453226.642396  1.395146e+01  5.085589e-02  1.393588e+01  5.013120e-02 
   19107062   2.479474e+00   1.061996e-01   2.515317e+00   1.061996e-01 105200408090332000       8572       9150    32 2453226.646551  1.401410e+01  4.650389e-02  1.399852e+01  4.584121e-02 
   19107423   2.437341e+00   1.004068e-01   2.472575e+00   1.004068e-01 105200408090338000       8554       9179    32 2453226.650729  1.403271e+01  4.472731e-02  1.401713e+01  4.408995e-02 
   19107783   2.529657e+00   1.047607e-01   2.566225e+00   1.047607e-01 105200408090344000       8533       9204    32 2453226.654896  1.399235e+01  4.496374e-02  1.397676e+01  4.432302e-02 
   19108142   2.587147e+00   1.080036e-01   2.624547e+00   1.080036e-01 105200408090349590       8510       9239    32 2453226.659051  1.396795e+01  4.532555e-02  1.395236e+01  4.467966e-02 
   19108529   2.524704e+00   1.093666e-01   2.561201e+00   1.093666e-01 105200408090356260       8489       9264    32 2453226.663530  1.399447e+01  4.703271e-02  1.397889e+01  4.636250e-02 
