\OBJNAME = '1SWASP J013204.92-630258.4'
\OBSSTART = '2006-05-11T04:14:48'
\OBSSTOP = '2007-12-12T19:39:44'
\TSTART = 74405643
\TSTOP = 124573141
\JD_REF = 2453005.5
\RA_OBJ = '23.0205 '
\DEC_OBJ = '-63.049567'
\WASP_MAG = 9.749419
\HJD_START = 2453866.676424
\HJD_STOP = 2454447.318762
\fixlen = T
\NUMRECORDS = 344
\
\ This file was produced by the NASA Exoplanet Archive  http://exoplanetarchive.ipac.caltech.edu 
\ Tue Sep 17, 22:09:52 2013
\ Documentation for the SuperWASP dataset can be found at http://exoplanetarchive.ipac.caltech.edu/docs/SuperWASPMission.html
\
|TMID      |FLUX2         |FLUX2_ERR     |TAMFLUX2      |TAMFLUX2_ERR  |IMAGEID           |CCDX      |CCDY      |FLAG |           HJD|         MAG2|     MAG2_ERR|      TAMMAG2|  TAMMAG2_ERR|
|int       |float         |float         |float         |float         |char              |int       |int       |int  |        double|        float|        float|        float|        float|
|sec       |micro Vega    |micro Vega    |micro Vega    |micro Vega    |                  |1/16 pixel|1/16 pixel|     |           day|          mag|          mag|          mag|          mag|
|null      |null          |null          |null          |null          |null              |null      |null      |null |          null|         null|         null|         null|         null|
   74405643   1.248185e+02   3.384671e-01   1.248185e+02   3.384671e-01 225200605110414480      15367      29044     0 2453866.676424  9.759302e+00  2.944173e-03  9.759302e+00  2.944173e-03 
   74405696   1.262945e+02   3.524612e-01   1.262945e+02   3.524612e-01 225200605110415410      15365      29045     0 2453866.677037  9.746539e+00  3.030071e-03  9.746539e+00  3.030071e-03 
   74491755   1.209316e+02   3.447527e-01   1.209316e+02   3.447527e-01 225200605120409570      15369      29166     0 2453867.673090  9.793651e+00  3.095235e-03  9.793651e+00  3.095235e-03 
   74491833   1.249225e+02   3.382215e-01   1.249225e+02   3.382215e-01 225200605120411150      15366      29167     0 2453867.673993  9.758399e+00  2.939588e-03  9.758399e+00  2.939588e-03 
   74491893   1.278137e+02   3.421425e-01   1.278137e+02   3.421425e-01 225200605120412150      15363      29168     0 2453867.674688  9.733557e+00  2.906402e-03  9.733557e+00  2.906402e-03 
   74491946   1.255395e+02   3.437228e-01   1.255395e+02   3.437228e-01 225200605120413080      15360      29169     0 2453867.675301  9.753049e+00  2.972719e-03  9.753049e+00  2.972719e-03 
   74750278   1.251679e+02   4.105248e-01   1.251679e+02   4.105248e-01 225200605150358270      15371      29162     0 2453870.665255  9.756268e+00  3.561003e-03  9.756268e+00  3.561003e-03 
   75613539   1.305362e+02   2.815291e-01   1.305362e+02   2.815291e-01 225200605250345310      15298      29164     0 2453880.656701  9.710672e+00  2.341629e-03  9.710672e+00  2.341629e-03 
   75613602   1.312007e+02   2.824303e-01   1.312007e+02   2.824303e-01 225200605250346340      15301      29203     0 2453880.657431  9.705159e+00  2.337228e-03  9.705159e+00  2.337228e-03 
   75613660   1.303612e+02   2.812645e-01   1.303612e+02   2.812645e-01 225200605250347310      15298      29205     0 2453880.658102  9.712130e+00  2.342570e-03  9.712130e+00  2.342570e-03 
   75613728   1.285092e+02   2.789581e-01   1.285092e+02   2.789581e-01 225200605250348400      15290      29169     0 2453880.658889  9.727665e+00  2.356844e-03  9.727665e+00  2.356844e-03 
   75699994   1.259584e+02   2.715107e-01   1.259584e+02   2.715107e-01 225200605260346210      15297      29172     0 2453881.657338  9.749433e+00  2.340377e-03  9.749433e+00  2.340377e-03 
   75700059   1.262272e+02   2.715743e-01   1.262272e+02   2.715743e-01 225200605260347260      15298      29212     0 2453881.658090  9.747117e+00  2.335939e-03  9.747117e+00  2.335939e-03 
   75700124   1.254965e+02   2.713283e-01   1.254965e+02   2.713283e-01 225200605260348310      15290      29177     0 2453881.658843  9.753421e+00  2.347412e-03  9.753421e+00  2.347412e-03 
   75700193   1.256218e+02   2.698629e-01   1.256218e+02   2.698629e-01 225200605260349400      15292      29218     0 2453881.659641  9.752337e+00  2.332406e-03  9.752337e+00  2.332406e-03 
   76132215   1.229273e+02   2.571515e-01   1.229273e+02   2.571515e-01 225200605310349440      15260      29232     0 2453886.659896  9.775879e+00  2.271258e-03  9.775879e+00  2.271258e-03 
   76132282   1.234298e+02   2.582321e-01   1.234298e+02   2.582321e-01 225200605310350500      15262      29272     0 2453886.660671  9.771450e+00  2.271517e-03  9.771450e+00  2.271517e-03 
   76132336   1.237033e+02   2.580673e-01   1.237033e+02   2.580673e-01 225200605310351440      15260      29274     0 2453886.661296  9.769047e+00  2.265050e-03  9.769047e+00  2.265050e-03 
   76132393   1.238981e+02   2.582481e-01   1.238981e+02   2.582481e-01 225200605310352410      15258      29277     0 2453886.661956  9.767339e+00  2.263072e-03  9.767339e+00  2.263072e-03 
   76218685   1.264426e+02   2.639193e-01   1.264426e+02   2.639193e-01 225200606010350510      15254      29285     0 2453887.660706  9.745266e+00  2.266228e-03  9.745266e+00  2.266228e-03 
   76218753   1.256763e+02   2.619577e-01   1.256763e+02   2.619577e-01 225200606010351580      15245      29249     0 2453887.661493  9.751866e+00  2.263099e-03  9.751866e+00  2.263099e-03 
   76218823   1.274181e+02   2.638204e-01   1.274181e+02   2.638204e-01 225200606010353090      15241      29250     0 2453887.662303  9.736922e+00  2.248036e-03  9.736922e+00  2.248036e-03 
   76218909   1.268931e+02   2.633798e-01   1.268931e+02   2.633798e-01 225200606010354350      15241      29294     0 2453887.663299  9.741405e+00  2.253565e-03  9.741405e+00  2.253565e-03 
   76478093   1.252613e+02   2.653291e-01   1.252613e+02   2.653291e-01 225200606040354060      15240      29320     0 2453890.663113  9.755458e+00  2.299819e-03  9.755458e+00  2.299819e-03 
   76478166   1.248835e+02   2.640705e-01   1.248835e+02   2.640705e-01 225200606040355190      15231      29284     0 2453890.663958  9.758738e+00  2.295836e-03  9.758738e+00  2.295836e-03 
   76478242   1.246777e+02   2.635580e-01   1.246777e+02   2.635580e-01 225200606040356350      15232      29325     0 2453890.664838  9.760528e+00  2.295161e-03  9.760528e+00  2.295161e-03 
   76478293   1.257369e+02   2.640059e-01   1.257369e+02   2.640059e-01 225200606040357270      15230      29327     0 2453890.665428  9.751343e+00  2.279695e-03  9.751343e+00  2.279695e-03 
   76564436   1.403754e+02   4.425116e-01   1.403754e+02   4.425116e-01 225200606050353060      15220      29325     0 2453891.662454  9.631772e+00  3.422626e-03  9.631772e+00  3.422626e-03 
   76564495   1.259395e+02   4.541627e-01   1.259395e+02   4.541627e-01 225200606050354040      15215      29323     0 2453891.663137  9.749596e+00  3.915393e-03  9.749596e+00  3.915393e-03 
   76564554   1.205758e+02   4.485111e-01   1.205758e+02   4.485111e-01 225200606050355040      15213      29327     0 2453891.663819  9.796849e+00  4.038674e-03  9.796849e+00  4.038674e-03 
   76564613   1.242319e+02   4.399828e-01   1.242319e+02   4.399828e-01 225200606050356020      15210      29328     0 2453891.664502  9.764418e+00  3.845284e-03  9.764418e+00  3.845284e-03 
   76650808   1.251585e+02   2.624163e-01   1.251585e+02   2.624163e-01 225200606060352330      15232      29351     0 2453892.662130  9.756349e+00  2.276440e-03  9.756349e+00  2.276440e-03 
   76650942   1.268506e+02   2.658933e-01   1.268506e+02   2.658933e-01 225200606060354480      15224      29338     0 2453892.663681  9.741769e+00  2.275835e-03  9.741769e+00  2.275835e-03 
   76650998   1.283955e+02   2.698140e-01   1.283955e+02   2.698140e-01 225200606060355430      15222      29340     0 2453892.664329  9.728625e+00  2.281605e-03  9.728625e+00  2.281605e-03 
   76651074   1.256293e+02   2.677003e-01   1.256293e+02   2.677003e-01 225200606060357000      15215      29305     0 2453892.665208  9.752273e+00  2.313576e-03  9.752273e+00  2.313576e-03 
   76737303   1.255410e+02   2.629636e-01   1.255410e+02   2.629636e-01 225200606070354040      15216      29345     0 2453893.663229  9.753036e+00  2.274239e-03  9.753036e+00  2.274239e-03 
   76737356   1.264960e+02   2.646543e-01   1.264960e+02   2.646543e-01 225200606070354570      15214      29348     0 2453893.663843  9.744808e+00  2.271580e-03  9.744808e+00  2.271580e-03 
   76737411   1.254847e+02   2.631003e-01   1.254847e+02   2.631003e-01 225200606070355530      15212      29350     0 2453893.664479  9.753523e+00  2.276441e-03  9.753523e+00  2.276441e-03 
   76737467   1.260320e+02   2.639207e-01   1.260320e+02   2.639207e-01 225200606070356480      15210      29352     0 2453893.665127  9.748798e+00  2.273623e-03  9.748798e+00  2.273623e-03 
   76823693   1.255023e+02   2.623623e-01   1.255023e+02   2.623623e-01 225200606080353510      15196      29348     0 2453894.663113  9.753371e+00  2.269738e-03  9.753371e+00  2.269738e-03 
   76823752   1.257354e+02   2.626964e-01   1.257354e+02   2.626964e-01 225200606080354510      15193      29349     0 2453894.663796  9.751356e+00  2.268415e-03  9.751356e+00  2.268415e-03 
   76823811   1.265036e+02   2.632189e-01   1.265036e+02   2.632189e-01 225200606080355500      15191      29351     0 2453894.664479  9.744743e+00  2.259124e-03  9.744743e+00  2.259124e-03 
   76823897   1.256651e+02   2.620927e-01   1.256651e+02   2.620927e-01 225200606080357160      15183      29317     0 2453894.665475  9.751964e+00  2.264468e-03  9.751964e+00  2.264468e-03 
   76910120   1.264093e+02   2.663654e-01   1.264093e+02   2.663654e-01 225200606090354140      15202      29365     0 2453895.663426  9.745552e+00  2.287835e-03  9.745552e+00  2.287835e-03 
   76910258   1.278635e+02   2.709664e-01   1.278635e+02   2.709664e-01 225200606090356320      15192      29333     0 2453895.665023  9.733134e+00  2.300885e-03  9.733134e+00  2.300885e-03 
   76996476   1.253468e+02   3.159508e-01   1.253468e+02   3.159508e-01 225200606100353270      15197      29371     0 2453896.662917  9.754717e+00  2.736730e-03  9.754717e+00  2.736730e-03 
   76996541   1.269218e+02   3.154388e-01   1.269218e+02   3.154388e-01 225200606100354320      15195      29374     0 2453896.663669  9.741159e+00  2.698390e-03  9.741159e+00  2.698390e-03 
   76996602   1.263490e+02   3.140705e-01   1.263490e+02   3.140705e-01 225200606100355320      15193      29376     0 2453896.664375  9.746070e+00  2.698865e-03  9.746070e+00  2.698865e-03 
   76996657   1.263526e+02   3.134352e-01   1.263526e+02   3.134352e-01 225200606100356270      15191      29377     0 2453896.665012  9.746040e+00  2.693330e-03  9.746040e+00  2.693330e-03 
   77082897   1.256563e+02   4.017125e-01   1.256563e+02   4.017125e-01 225200606110353440      15185      29379     0 2453897.663160  9.752039e+00  3.471018e-03  9.752039e+00  3.471018e-03 
   77082974   1.254699e+02   4.029047e-01   1.254699e+02   4.029047e-01 225200606110355000      15176      29342     0 2453897.664051  9.753652e+00  3.486493e-03  9.753652e+00  3.486493e-03 
   77083055   1.256901e+02   4.021292e-01   1.256901e+02   4.021292e-01 225200606110356210      15179      29385     0 2453897.664988  9.751747e+00  3.473685e-03  9.751747e+00  3.473685e-03 
   77083109   1.256566e+02   4.028482e-01   1.256566e+02   4.028482e-01 225200606110357160      15177      29388     0 2453897.665613  9.752037e+00  3.480823e-03  9.752037e+00  3.480823e-03 
   77169163   1.278918e+02   4.670993e-01   1.278918e+02   4.670993e-01 225200606120351270      15180      29347     0 2453898.661609  9.732894e+00  3.965450e-03  9.732894e+00  3.965450e-03 
   77169224   1.266955e+02   4.657923e-01   1.266955e+02   4.657923e-01 225200606120352280      15182      29387     0 2453898.662315  9.743096e+00  3.991690e-03  9.743096e+00  3.991690e-03 
   77169283   1.280660e+02   4.650038e-01   1.280660e+02   4.650038e-01 225200606120353260      15180      29390     0 2453898.662998  9.731416e+00  3.942289e-03  9.731416e+00  3.942289e-03 
   77169343   1.282978e+02   4.679279e-01   1.282978e+02   4.679279e-01 225200606120354260      15179      29394     0 2453898.663692  9.729452e+00  3.959914e-03  9.729452e+00  3.959914e-03 
   77601279   1.271332e+02   3.010644e-01   1.271332e+02   3.010644e-01 225200606170353040      15170      29463     0 2453903.662951  9.739353e+00  2.571144e-03  9.739353e+00  2.571144e-03 
   77601348   1.268164e+02   3.000687e-01   1.268164e+02   3.000687e-01 225200606170354120      15163      29427     0 2453903.663750  9.742062e+00  2.569042e-03  9.742062e+00  2.569042e-03 
   77601418   1.269122e+02   3.007400e-01   1.269122e+02   3.007400e-01 225200606170355220      15162      29430     0 2453903.664560  9.741241e+00  2.572845e-03  9.741241e+00  2.572845e-03 
   77601475   1.260753e+02   2.975670e-01   1.260753e+02   2.975670e-01 225200606170356190      15165      29472     0 2453903.665220  9.748425e+00  2.562599e-03  9.748425e+00  2.562599e-03 
   77687622   1.254965e+02   2.828265e-01   1.254965e+02   2.828265e-01 225200606180352040      15156      29476     0 2453904.662292  9.753421e+00  2.446888e-03  9.753421e+00  2.446888e-03 
   77687666   1.270620e+02   2.845798e-01   1.270620e+02   2.845798e-01 225200606180352470      15154      29479     0 2453904.662801  9.739961e+00  2.431724e-03  9.739961e+00  2.431724e-03 
   77687734   1.264766e+02   2.834745e-01   1.264766e+02   2.834745e-01 225200606180353550      15152      29481     0 2453904.663588  9.744974e+00  2.433490e-03  9.744974e+00  2.433490e-03 
   77687787   1.260111e+02   2.823493e-01   1.260111e+02   2.823493e-01 225200606180354470      15151      29483     0 2453904.664201  9.748979e+00  2.432786e-03  9.748979e+00  2.432786e-03 
   77774260   1.242127e+02   2.687040e-01   1.242127e+02   2.687040e-01 225200606190355570      15114      29508     0 2453905.665046  9.764585e+00  2.348734e-03  9.764585e+00  2.348734e-03 
   77774316   1.248870e+02   2.698295e-01   1.248870e+02   2.698295e-01 225200606190356530      15112      29509     0 2453905.665694  9.758707e+00  2.345838e-03  9.758707e+00  2.345838e-03 
   77774378   1.250855e+02   2.699559e-01   1.250855e+02   2.699559e-01 225200606190357560      15112      29512     0 2453905.666412  9.756983e+00  2.343212e-03  9.756983e+00  2.343212e-03 
   77774443   1.242298e+02   2.688913e-01   1.242298e+02   2.688913e-01 225200606190359000      15106      29478     0 2453905.667164  9.764436e+00  2.350049e-03  9.764436e+00  2.350049e-03 
   77860675   1.261783e+02   2.630900e-01   1.261783e+02   2.630900e-01 225200606200356090      15131      29510     0 2453906.665220  9.747538e+00  2.263838e-03  9.747538e+00  2.263838e-03 
   77860734   1.261438e+02   2.627871e-01   1.261438e+02   2.627871e-01 225200606200357080      15129      29513     0 2453906.665903  9.747835e+00  2.261851e-03  9.747835e+00  2.261851e-03 
   77860798   1.257904e+02   2.629140e-01   1.257904e+02   2.629140e-01 225200606200358110      15127      29516     0 2453906.666644  9.750881e+00  2.269301e-03  9.750881e+00  2.269301e-03 
   77860863   1.260202e+02   2.629167e-01   1.260202e+02   2.629167e-01 225200606200359170      15121      29480     0 2453906.667396  9.748900e+00  2.265187e-03  9.748900e+00  2.265187e-03 
   77946986   1.269850e+02   2.714746e-01   1.269850e+02   2.714746e-01 225200606210354360      15128      29513     0 2453907.664190  9.740619e+00  2.321147e-03  9.740619e+00  2.321147e-03 
   77947040   1.270401e+02   2.717465e-01   1.270401e+02   2.717465e-01 225200606210355300      15127      29515     0 2453907.664815  9.740148e+00  2.322464e-03  9.740148e+00  2.322464e-03 
   77947118   1.264849e+02   2.712097e-01   1.264849e+02   2.712097e-01 225200606210356480      15118      29480     0 2453907.665718  9.744903e+00  2.328049e-03  9.744903e+00  2.328049e-03 
   77947185   1.266184e+02   2.701795e-01   1.266184e+02   2.701795e-01 225200606210357550      15121      29521     0 2453907.666493  9.743757e+00  2.316761e-03  9.743757e+00  2.316761e-03 
   78119898   1.281240e+02   2.626915e-01   1.281240e+02   2.626915e-01 225200606230356210      15142      29546     0 2453909.665486  9.730924e+00  2.226083e-03  9.730924e+00  2.226083e-03 
   78119952   1.281254e+02   2.626519e-01   1.281254e+02   2.626519e-01 225200606230357150      15141      29548     0 2453909.666111  9.730911e+00  2.225722e-03  9.730911e+00  2.225722e-03 
   78120102   1.272728e+02   2.613622e-01   1.272728e+02   2.613622e-01 225200606230359450      15131      29508     0 2453909.667847  9.738161e+00  2.229631e-03  9.738161e+00  2.229631e-03 
   78120162   1.267051e+02   2.601916e-01   1.267051e+02   2.601916e-01 225200606230400460      15136      29549     0 2453909.668542  9.743015e+00  2.229590e-03  9.743015e+00  2.229590e-03 
   78206359   1.262652e+02   2.590607e-01   1.262652e+02   2.590607e-01 225200606240357190      15119      29552     0 2453910.666192  9.746791e+00  2.227633e-03  9.746791e+00  2.227633e-03 
   78206418   1.261929e+02   2.591134e-01   1.261929e+02   2.591134e-01 225200606240358170      15119      29553     0 2453910.666875  9.747413e+00  2.229362e-03  9.747413e+00  2.229362e-03 
   78206493   1.267342e+02   2.602494e-01   1.267342e+02   2.602494e-01 225200606240359320      15115      29517     0 2453910.667743  9.742765e+00  2.229574e-03  9.742765e+00  2.229574e-03 
   78206552   1.264377e+02   2.601053e-01   1.264377e+02   2.601053e-01 225200606240400310      15120      29557     0 2453910.668426  9.745309e+00  2.233565e-03  9.745309e+00  2.233565e-03 
   78292799   1.272417e+02   2.574862e-01   1.272417e+02   2.574862e-01 225200606250357560      15117      29566     0 2453911.666655  9.738426e+00  2.197103e-03  9.738426e+00  2.197103e-03 
   78292853   1.265957e+02   2.562855e-01   1.265957e+02   2.562855e-01 225200606250358500      15117      29567     0 2453911.667280  9.743953e+00  2.198016e-03  9.743953e+00  2.198016e-03 
   78292904   1.264925e+02   2.561506e-01   1.264925e+02   2.561506e-01 225200606250359400      15117      29568     0 2453911.667870  9.744838e+00  2.198651e-03  9.744838e+00  2.198651e-03 
   78292966   1.272840e+02   2.568978e-01   1.272840e+02   2.568978e-01 225200606250400430      15118      29569     0 2453911.668588  9.738066e+00  2.191354e-03  9.738066e+00  2.191354e-03 
   78724873   1.241183e+02   2.575134e-01   1.241183e+02   2.575134e-01 225200606300358520      15085      29602     0 2453916.667512  9.765410e+00  2.252630e-03  9.765410e+00  2.252630e-03 
   78724950   1.251138e+02   2.596187e-01   1.251138e+02   2.596187e-01 225200606300400090      15093      29639     0 2453916.668403  9.756737e+00  2.252975e-03  9.756737e+00  2.252975e-03 
   78724997   1.253252e+02   2.594551e-01   1.253252e+02   2.594551e-01 225200606300400570      15096      29639     0 2453916.668947  9.754904e+00  2.247758e-03  9.754904e+00  2.247758e-03 
   78725061   1.242877e+02   2.584530e-01   1.242877e+02   2.584530e-01 225200606300402000      15098      29638     0 2453916.669688  9.763929e+00  2.257767e-03  9.763929e+00  2.257767e-03 
   78811310   1.262951e+02   2.670951e-01   1.262951e+02   2.670951e-01 225200607010359260      15093      29645     0 2453917.667940  9.746533e+00  2.296176e-03  9.746533e+00  2.296176e-03 
   78811389   1.258299e+02   2.664333e-01   1.258299e+02   2.664333e-01 225200607010400450      15093      29605     0 2453917.668854  9.750541e+00  2.298956e-03  9.750541e+00  2.298956e-03 
   78811454   1.261365e+02   2.670425e-01   1.261365e+02   2.670425e-01 225200607010401510      15102      29640     0 2453917.669606  9.747898e+00  2.298611e-03  9.747898e+00  2.298611e-03 
   78811505   1.251831e+02   2.659984e-01   1.251831e+02   2.659984e-01 225200607010402420      15105      29638     0 2453917.670197  9.756136e+00  2.307062e-03  9.756136e+00  2.307062e-03 
   78897650   6.610390e-04   2.100873e-06   6.610390e-04   2.100873e-06 223200607020358240      27848       5058     0 2453918.667245  2.294943e+01  3.450631e-03  2.294943e+01  3.450631e-03 
   78897722   1.352248e+02   3.555920e-01   1.352248e+02   3.555920e-01 225200607020359350      15104      29644     0 2453918.668079  9.672359e+00  2.855100e-03  9.672359e+00  2.855100e-03 
   78897781   1.231409e+02   3.959336e-01   1.231409e+02   3.959336e-01 225200607020400340      15102      29646     0 2453918.668762  9.773994e+00  3.490968e-03  9.773994e+00  3.490968e-03 
   78897835   1.302068e+02   5.696444e-01   1.302068e+02   5.696444e-01 225200607020401280      15102      29650     0 2453918.669387  9.713416e+00  4.750027e-03  9.713416e+00  4.750027e-03 
   78984061   5.974065e-04   1.528646e-06   5.974065e-04   1.528646e-06 223200607030358300      27854       5079     0 2453919.667373  2.305932e+01  2.778196e-03  2.305932e+01  2.778196e-03 
   78984126   1.253176e+02   2.585941e-01   1.253176e+02   2.585941e-01 225200607030359360      15102      29664     0 2453919.668125  9.754970e+00  2.240435e-03  9.754970e+00  2.240435e-03 
   78984180   1.248351e+02   2.579730e-01   1.248351e+02   2.579730e-01 225200607030400290      15099      29667     0 2453919.668750  9.759158e+00  2.243693e-03  9.759158e+00  2.243693e-03 
   78984238   1.247465e+02   2.580062e-01   1.247465e+02   2.580062e-01 225200607030401270      15100      29671     0 2453919.669421  9.759929e+00  2.245575e-03  9.759929e+00  2.245575e-03 
   78984293   1.248094e+02   2.589113e-01   1.248094e+02   2.589113e-01 225200607030402220      15099      29672     0 2453919.670058  9.759381e+00  2.252316e-03  9.759381e+00  2.252316e-03 
   79070389   4.158161e-04   1.046011e-06   4.158161e-04   1.046011e-06 223200607040357160      27857       5025     0 2453920.666539  2.345275e+01  2.731245e-03  2.345275e+01  2.731245e-03 
   79070451   1.244758e+02   2.569167e-01   1.244758e+02   2.569167e-01 225200607040358180      15106      29687     0 2453920.667257  9.762287e+00  2.240955e-03  9.762287e+00  2.240955e-03 
   79070497   1.247378e+02   2.560879e-01   1.247378e+02   2.560879e-01 225200607040359040      15106      29689     0 2453920.667789  9.760005e+00  2.229034e-03  9.760005e+00  2.229034e-03 
   79070563   1.248574e+02   2.558596e-01   1.248574e+02   2.558596e-01 225200607040400090      15104      29692     0 2453920.668553  9.758965e+00  2.224914e-03  9.758965e+00  2.224914e-03 
   79070617   1.250037e+02   2.555440e-01   1.250037e+02   2.555440e-01 225200607040401030      15103      29696     0 2453920.669178  9.757692e+00  2.219569e-03  9.757692e+00  2.219569e-03 
   79415823   2.599028e-04   6.490678e-07   2.599028e-04   6.490678e-07 223200607080354170      27857       5012     0 2453924.664618  2.396297e+01  2.711471e-03  2.396297e+01  2.711471e-03 
   79415885   1.286150e+02   2.627462e-01   1.286150e+02   2.627462e-01 225200607080355190      15098      29722     0 2453924.665336  9.726771e+00  2.218046e-03  9.726771e+00  2.218046e-03 
   79416044   1.283025e+02   2.629980e-01   1.283025e+02   2.629980e-01 225200607080357580      15094      29691     0 2453924.667176  9.729412e+00  2.225580e-03  9.729412e+00  2.225580e-03 
   79416109   1.281073e+02   2.626530e-01   1.281073e+02   2.626530e-01 225200607080359030      15097      29733     0 2453924.667928  9.731066e+00  2.226047e-03  9.731066e+00  2.226047e-03 
   79416167   1.279797e+02   2.622085e-01   1.279797e+02   2.622085e-01 225200607080400010      15097      29737     0 2453924.668600  9.732147e+00  2.224495e-03  9.732147e+00  2.224495e-03 
   79502374   1.271692e+02   2.787512e-01   1.271692e+02   2.787512e-01 225200607090356450      15091      29727     0 2453925.666366  9.739045e+00  2.379911e-03  9.739045e+00  2.379911e-03 
   79502426   1.261004e+02   2.764871e-01   1.261004e+02   2.764871e-01 225200607090357380      15090      29730     0 2453925.666968  9.748209e+00  2.380588e-03  9.748209e+00  2.380588e-03 
   79502495   1.254705e+02   2.764850e-01   1.254705e+02   2.764850e-01 225200607090358470      15090      29735     0 2453925.667766  9.753646e+00  2.392522e-03  9.753646e+00  2.392522e-03 
   79502649   1.250884e+02   2.762201e-01   1.250884e+02   2.762201e-01 225200607090401200      15086      29742     0 2453925.669549  9.756957e+00  2.397530e-03  9.756957e+00  2.397530e-03 
   80278140   1.234183e+02   3.223073e-01   1.234183e+02   3.223073e-01 225200607180325470      15067      29737     0 2453934.645139  9.771551e+00  2.835413e-03  9.771551e+00  2.835413e-03 
   80278202   1.302469e+02   3.084564e-01   1.302469e+02   3.084564e-01 225200607180326500      15073      29780     0 2453934.645856  9.713081e+00  2.571297e-03  9.713081e+00  2.571297e-03 
   80278277   1.224680e+02   3.550486e-01   1.224680e+02   3.550486e-01 225200607180328050      15068      29745     0 2453934.646725  9.779943e+00  3.147685e-03  9.779943e+00  3.147685e-03 
   80278353   1.256274e+02   3.062136e-01   1.256274e+02   3.062136e-01 225200607180329210      15071      29788     0 2453934.647604  9.752289e+00  2.646463e-03  9.752289e+00  2.646463e-03 
   80364233   1.251531e+02   2.684723e-01   1.251531e+02   2.684723e-01 225200607190320380      15080      29777     0 2453935.641586  9.756396e+00  2.329077e-03  9.756396e+00  2.329077e-03 
   80364290   1.251702e+02   2.686063e-01   1.251702e+02   2.686063e-01 225200607190321360      15081      29780     0 2453935.642245  9.756248e+00  2.329921e-03  9.756248e+00  2.329921e-03 
   80364349   1.251887e+02   2.684402e-01   1.251887e+02   2.684402e-01 225200607190322340      15081      29784     0 2453935.642928  9.756087e+00  2.328136e-03  9.756087e+00  2.328136e-03 
   80364410   1.250529e+02   2.685356e-01   1.250529e+02   2.685356e-01 225200607190323360      15080      29786     0 2453935.643634  9.757265e+00  2.331492e-03  9.757265e+00  2.331492e-03 
   80450447   1.252745e+02   2.610737e-01   1.252745e+02   2.610737e-01 225200607200317290      15076      29776     0 2453936.639433  9.755343e+00  2.262696e-03  9.755343e+00  2.262696e-03 
   80450512   1.246872e+02   2.612958e-01   1.246872e+02   2.612958e-01 225200607200318350      15076      29780     0 2453936.640185  9.760445e+00  2.275287e-03  9.760445e+00  2.275287e-03 
   80450576   1.249919e+02   2.617130e-01   1.249919e+02   2.617130e-01 225200607200319380      15076      29783     0 2453936.640926  9.757795e+00  2.273366e-03  9.757795e+00  2.273366e-03 
   80450633   1.254044e+02   2.622326e-01   1.254044e+02   2.622326e-01 225200607200320360      15076      29785     0 2453936.641586  9.754218e+00  2.270386e-03  9.754218e+00  2.270386e-03 
   80967392   1.245067e+02   2.570007e-01   1.245067e+02   2.570007e-01 225200607260253020      15105      29761     0 2453942.622593  9.762018e+00  2.241132e-03  9.762018e+00  2.241132e-03 
   80967451   1.253300e+02   2.568561e-01   1.253300e+02   2.568561e-01 225200607260254000      15104      29765     0 2453942.623275  9.754863e+00  2.225158e-03  9.754863e+00  2.225158e-03 
   80967511   1.252295e+02   2.561503e-01   1.252295e+02   2.561503e-01 225200607260255010      15103      29767     0 2453942.623970  9.755733e+00  2.220823e-03  9.755733e+00  2.220823e-03 
   80967567   1.250793e+02   2.562529e-01   1.250793e+02   2.562529e-01 225200607260255560      15102      29770     0 2453942.624618  9.757036e+00  2.224382e-03  9.757036e+00  2.224382e-03 
   81053614   1.253891e+02   2.629721e-01   1.253891e+02   2.629721e-01 225200607270250010      15110      29767     0 2453943.620532  9.754351e+00  2.277068e-03  9.754351e+00  2.277068e-03 
   81053676   1.261678e+02   2.658534e-01   1.261678e+02   2.658534e-01 225200607270251030      15109      29770     0 2453943.621250  9.747628e+00  2.287808e-03  9.747628e+00  2.287808e-03 
   81053732   1.246602e+02   2.667114e-01   1.246602e+02   2.667114e-01 225200607270251590      15108      29772     0 2453943.621898  9.760681e+00  2.322949e-03  9.760681e+00  2.322949e-03 
   81053792   1.252019e+02   2.629931e-01   1.252019e+02   2.629931e-01 225200607270253000      15107      29776     0 2453943.622593  9.755973e+00  2.280653e-03  9.755973e+00  2.280653e-03 
   81139793   1.255290e+02   7.705773e-01   1.255290e+02   7.705773e-01 225200607280246190      15086      29773     0 2453944.617975  9.753140e+00  6.664969e-03  9.753140e+00  6.664969e-03 
   81139852   1.339119e+02   7.415546e-01   1.339119e+02   7.415546e-01 225200607280247170      15085      29777     0 2453944.618657  9.682952e+00  6.012429e-03  9.682952e+00  6.012429e-03 
   81139906   1.178071e+02   7.803210e-01   1.178071e+02   7.803210e-01 225200607280248110      15084      29779     0 2453944.619282  9.822071e+00  7.191637e-03  9.822071e+00  7.191637e-03 
   81139960   1.307393e+02   6.596949e-01   1.307393e+02   6.596949e-01 225200607280249050      15084      29780     0 2453944.619907  9.708984e+00  5.478514e-03  9.708984e+00  5.478514e-03 
   82346052   1.263353e+02   2.513892e+00   1.263353e+02   2.513892e+00 225200608110150170      15075      29679     0 2453958.579306  9.746188e+00  2.160467e-02  9.746188e+00  2.160467e-02 
   82346108   1.272797e+02   2.514928e+00   1.272797e+02   2.514928e+00 225200608110151120      15074      29683     0 2453958.579954  9.738102e+00  2.145321e-02  9.738102e+00  2.145321e-02 
   82346163   1.276986e+02   2.546829e+00   1.276986e+02   2.546829e+00 225200608110152070      15075      29688     0 2453958.580590  9.734534e+00  2.165406e-02  9.734534e+00  2.165406e-02 
   82346222   1.271653e+02   2.524612e+00   1.271653e+02   2.524612e+00 225200608110153070      15074      29691     0 2453958.581273  9.739079e+00  2.155519e-02  9.739079e+00  2.155519e-02 
   82518412   1.298267e+02   3.412795e-01   1.298267e+02   3.412795e-01 225200608130142530      15094      29762     0 2453960.574213  9.716590e+00  2.854119e-03  9.716590e+00  2.854119e-03 
   82518471   1.296599e+02   3.412773e-01   1.296599e+02   3.412773e-01 225200608130143530      15093      29765     0 2453960.574896  9.717986e+00  2.857771e-03  9.717986e+00  2.857771e-03 
   82518533   1.300152e+02   3.413261e-01   1.300152e+02   3.413261e-01 225200608130144550      15092      29770     0 2453960.575613  9.715014e+00  2.850369e-03  9.715014e+00  2.850369e-03 
   82518611   1.293818e+02   3.409920e-01   1.293818e+02   3.409920e-01 225200608130146120      15086      29735     0 2453960.576516  9.720317e+00  2.861520e-03  9.720317e+00  2.861520e-03 
   82604594   1.279589e+02   3.113386e-01   1.279589e+02   3.113386e-01 225200608140139160      15060      29782     0 2453961.571690  9.732324e+00  2.641730e-03  9.732324e+00  2.641730e-03 
   82604650   1.271115e+02   3.137427e-01   1.271115e+02   3.137427e-01 225200608140140120      15058      29783     0 2453961.572338  9.739537e+00  2.679875e-03  9.739537e+00  2.679875e-03 
   82604706   1.279289e+02   3.202575e-01   1.279289e+02   3.202575e-01 225200608140141070      15028      29782     0 2453961.572986  9.732578e+00  2.718044e-03  9.732578e+00  2.718044e-03 
   82604761   1.273494e+02   3.217216e-01   1.273494e+02   3.217216e-01 225200608140142020      15030      29786     0 2453961.573623  9.737508e+00  2.742895e-03  9.737508e+00  2.742895e-03 
   82863074   1.278920e+02   2.742743e-01   1.278920e+02   2.742743e-01 225200608170127130      15076      29737     0 2453964.563356  9.732892e+00  2.328454e-03  9.732892e+00  2.328454e-03 
   82863141   1.280932e+02   2.742127e-01   1.280932e+02   2.742127e-01 225200608170128190      15079      29777     0 2453964.564132  9.731185e+00  2.324274e-03  9.731185e+00  2.324274e-03 
   82863197   1.279662e+02   2.741365e-01   1.279662e+02   2.741365e-01 225200608170129160      15079      29780     0 2453964.564780  9.732262e+00  2.325935e-03  9.732262e+00  2.325935e-03 
   82863257   1.280158e+02   2.741412e-01   1.280158e+02   2.741412e-01 225200608170130160      15078      29782     0 2453964.565475  9.731841e+00  2.325073e-03  9.731841e+00  2.325073e-03 
   82949248   1.232601e+02   2.574736e-01   1.232601e+02   2.574736e-01 225200608180123250      15135      29745     0 2453965.560741  9.772943e+00  2.267963e-03  9.772943e+00  2.267963e-03 
   82949310   1.242632e+02   2.604043e-01   1.242632e+02   2.604043e-01 225200608180124270      15125      29746     0 2453965.561458  9.764143e+00  2.275262e-03  9.764143e+00  2.275262e-03 
   82949373   1.240982e+02   2.590356e-01   1.240982e+02   2.590356e-01 225200608180125310      15126      29753     0 2453965.562187  9.765586e+00  2.266312e-03  9.765586e+00  2.266312e-03 
   82949464   1.237983e+02   2.592985e-01   1.237983e+02   2.592985e-01 225200608180127020      15119      29721     0 2453965.563241  9.768213e+00  2.274109e-03  9.768213e+00  2.274109e-03 
   83724754   1.283454e+02   2.621639e-01   1.283454e+02   2.621639e-01 225200608270048280      15146      29757     0 2453974.536505  9.729050e+00  2.217781e-03  9.729050e+00  2.217781e-03 
   83724829   1.279630e+02   2.619858e-01   1.279630e+02   2.619858e-01 225200608270049440      15140      29723     0 2453974.537373  9.732289e+00  2.222897e-03  9.732289e+00  2.222897e-03 
   83724891   1.277978e+02   2.618660e-01   1.277978e+02   2.618660e-01 225200608270050460      15144      29764     0 2453974.538090  9.733691e+00  2.224752e-03  9.733691e+00  2.224752e-03 
   83810858   1.273942e+02   2.611163e-01   1.273942e+02   2.611163e-01 225200608280043330      15130      29718     0 2453975.533079  9.737125e+00  2.225410e-03  9.737125e+00  2.225410e-03 
   83810910   1.281961e+02   2.614947e-01   1.281961e+02   2.614947e-01 225200608280044250      15128      29722     0 2453975.533681  9.730312e+00  2.214694e-03  9.730312e+00  2.214694e-03 
   83810982   1.272803e+02   2.604796e-01   1.272803e+02   2.604796e-01 225200608280045360      15129      29726     0 2453975.534514  9.738097e+00  2.221972e-03  9.738097e+00  2.221972e-03 
   83811038   1.284491e+02   2.619900e-01   1.284491e+02   2.619900e-01 225200608280046320      15128      29729     0 2453975.535162  9.728172e+00  2.214520e-03  9.728172e+00  2.214520e-03 
   84328701   1.283184e+02   3.400153e-01   1.283184e+02   3.400153e-01 225200609030034170      15163      29808     0 2453981.526632  9.729278e+00  2.876970e-03  9.729278e+00  2.876970e-03 
   84328773   1.280907e+02   3.408286e-01   1.280907e+02   3.408286e-01 225200609030035290      15157      29773     0 2453981.527465  9.731206e+00  2.888978e-03  9.731206e+00  2.888978e-03 
   84328840   1.287063e+02   3.433349e-01   1.287063e+02   3.433349e-01 225200609030036350      15162      29815     0 2453981.528241  9.726001e+00  2.896303e-03  9.726001e+00  2.896303e-03 
   84328897   1.278627e+02   3.438374e-01   1.278627e+02   3.438374e-01 225200609030037320      15161      29817     0 2453981.528900  9.733141e+00  2.919680e-03  9.733141e+00  2.919680e-03 
   84500211   1.260276e+02   4.370154e-01   1.260276e+02   4.370154e-01 225200609050012480      15144      29725     0 2453983.511701  9.748836e+00  3.764930e-03  9.748836e+00  3.764930e-03 
   84500271   1.258044e+02   4.357467e-01   1.258044e+02   4.357467e-01 225200609050013480      15143      29728     0 2453983.512396  9.750760e+00  3.760659e-03  9.750760e+00  3.760659e-03 
   84500333   1.263438e+02   4.351954e-01   1.263438e+02   4.351954e-01 225200609050014500      15142      29730     0 2453983.513113  9.746115e+00  3.739867e-03  9.746115e+00  3.739867e-03 
   84500411   1.252206e+02   4.289695e-01   1.252206e+02   4.289695e-01 225200609050016080      15136      29697     0 2453983.514016  9.755811e+00  3.719431e-03  9.755811e+00  3.719431e-03 
   84844891   1.237570e+02   6.231585e-01   1.237570e+02   6.231585e-01 225200609082357310      15128      29690     0 2453987.501053  9.768576e+00  5.467067e-03  9.768576e+00  5.467067e-03 
   84844948   1.239853e+02   6.216299e-01   1.239853e+02   6.216299e-01 225200609082358270      15128      29697     0 2453987.501713  9.766575e+00  5.443618e-03  9.766575e+00  5.443618e-03 
   84845004   1.245649e+02   6.223907e-01   1.245649e+02   6.223907e-01 225200609082359230      15126      29701     0 2453987.502361  9.761511e+00  5.424919e-03  9.761511e+00  5.424919e-03 
   84845066   1.244422e+02   6.223764e-01   1.244422e+02   6.223764e-01 225200609090000260      15125      29705     0 2453987.503079  9.762581e+00  5.430144e-03  9.762581e+00  5.430144e-03 
   85017194   1.276126e+02   3.672095e-01   1.276126e+02   3.672095e-01 225200609102349160      15177      29763     0 2453989.495301  9.735266e+00  3.124252e-03  9.735266e+00  3.124252e-03 
   85017261   1.273796e+02   3.982270e-01   1.273796e+02   3.982270e-01 225200609102350220      15175      29767     0 2453989.496076  9.737250e+00  3.394349e-03  9.737250e+00  3.394349e-03 
   85017318   1.282872e+02   4.100231e-01   1.282872e+02   4.100231e-01 225200609102351200      15174      29769     0 2453989.496736  9.729542e+00  3.470170e-03  9.729542e+00  3.470170e-03 
   85017378   1.254444e+02   4.060210e-01   1.254444e+02   4.060210e-01 225200609102352200      15174      29772     0 2453989.497431  9.753872e+00  3.514171e-03  9.753872e+00  3.514171e-03 
   85361793   1.259478e+02   2.602891e-01   1.259478e+02   2.602891e-01 225200609142332380      15094      29750     0 2453993.483715  9.749523e+00  2.243836e-03  9.749523e+00  2.243836e-03 
   85361850   1.261868e+02   2.606286e-01   1.261868e+02   2.606286e-01 225200609142333360      15094      29754     0 2453993.484375  9.747465e+00  2.242508e-03  9.747465e+00  2.242508e-03 
   85361911   1.264549e+02   2.605400e-01   1.264549e+02   2.605400e-01 225200609142334370      15093      29758     0 2453993.485081  9.745161e+00  2.236994e-03  9.745161e+00  2.236994e-03 
   85361986   1.267042e+02   2.603981e-01   1.267042e+02   2.603981e-01 225200609142335520      15088      29724     0 2453993.485949  9.743023e+00  2.231376e-03  9.743023e+00  2.231376e-03 
   85620693   1.277985e+02   2.692751e-01   1.277985e+02   2.692751e-01 225200609172327430      15124      29717     0 2453996.480243  9.733685e+00  2.287685e-03  9.733685e+00  2.287685e-03 
   85620754   1.282677e+02   2.695318e-01   1.282677e+02   2.695318e-01 225200609172328430      15125      29720     0 2453996.480949  9.729707e+00  2.281490e-03  9.729707e+00  2.281490e-03 
   85620816   1.284155e+02   2.695065e-01   1.284155e+02   2.695065e-01 225200609172329450      15125      29724     0 2453996.481667  9.728456e+00  2.278651e-03  9.728456e+00  2.278651e-03 
   85620871   1.287308e+02   2.699648e-01   1.287308e+02   2.699648e-01 225200609172330410      15125      29726     0 2453996.482303  9.725794e+00  2.276935e-03  9.725794e+00  2.276935e-03 
   85878810   1.276495e+02   2.635244e-01   1.276495e+02   2.635244e-01 225200609202309430      15105      29714     0 2453999.467708  9.734952e+00  2.241442e-03  9.734952e+00  2.241442e-03 
   85878867   1.273298e+02   2.636568e-01   1.273298e+02   2.636568e-01 225200609202310410      15104      29716     0 2453999.468368  9.737675e+00  2.248199e-03  9.737675e+00  2.248199e-03 
   85878928   1.273411e+02   2.640182e-01   1.273411e+02   2.640182e-01 225200609202311410      15103      29719     0 2453999.469074  9.737578e+00  2.251081e-03  9.737578e+00  2.251081e-03 
   85878988   1.268184e+02   2.630594e-01   1.268184e+02   2.630594e-01 225200609202312420      15103      29722     0 2453999.469769  9.742044e+00  2.252150e-03  9.742044e+00  2.252150e-03 
   85964935   1.240251e+02   2.576440e-01   1.240251e+02   2.576440e-01 225200609212305090      15085      29710     0 2454000.464525  9.766227e+00  2.255467e-03  9.766227e+00  2.255467e-03 
   85965088   1.249218e+02   2.593453e-01   1.249218e+02   2.593453e-01 225200609212307420      15082      29721     0 2454000.466296  9.758405e+00  2.254062e-03  9.758405e+00  2.254062e-03 
   85965150   1.237530e+02   2.582368e-01   1.237530e+02   2.582368e-01 225200609212308450      15081      29725     0 2454000.467014  9.768611e+00  2.265627e-03  9.768611e+00  2.265627e-03 
   85965207   1.239445e+02   2.582624e-01   1.239445e+02   2.582624e-01 225200609212309410      15080      29727     0 2454000.467674  9.766932e+00  2.262351e-03  9.766932e+00  2.262351e-03 
   86405055   1.273883e+02   2.636474e-01   1.273883e+02   2.636474e-01 225200609270120390      15146      30135     0 2454005.558507  9.737176e+00  2.247086e-03  9.737176e+00  2.247086e-03 
   86405114   1.272382e+02   2.624517e-01   1.272382e+02   2.624517e-01 225200609270121390      15152      30175     0 2454005.559190  9.738456e+00  2.239534e-03  9.738456e+00  2.239534e-03 
   86405184   1.269620e+02   2.623546e-01   1.269620e+02   2.623546e-01 225200609270122490      15153      30178     0 2454005.560000  9.740815e+00  2.243576e-03  9.740815e+00  2.243576e-03 
   86405243   1.277621e+02   2.638178e-01   1.277621e+02   2.638178e-01 225200609270123480      15154      30180     0 2454005.560683  9.733995e+00  2.241961e-03  9.733995e+00  2.241961e-03 
   87688245   1.258785e+02   2.438749e-01   1.258785e+02   2.438749e-01 225200610112147440      15242      28888     0 2454020.410243  9.750121e+00  2.103495e-03  9.750121e+00  2.103495e-03 
   87688319   1.259935e+02   2.436725e-01   1.259935e+02   2.436725e-01 225200610112148580      15248      28930     0 2454020.411100  9.749129e+00  2.099830e-03  9.749129e+00  2.099830e-03 
   87688374   1.252743e+02   2.426695e-01   1.252743e+02   2.426695e-01 225200610112149530      15248      28933     0 2454020.411736  9.755345e+00  2.103193e-03  9.755345e+00  2.103193e-03 
   87860592   1.219587e+02   2.489862e-01   1.219587e+02   2.489862e-01 225200610132140170      15193      29065     0 2454022.405000  9.784468e+00  2.216605e-03  9.784468e+00  2.216605e-03 
   87860659   1.229687e+02   2.495703e-01   1.229687e+02   2.495703e-01 225200610132141240      15193      29068     0 2454022.405775  9.775514e+00  2.203556e-03  9.775514e+00  2.203556e-03 
   87860715   1.218177e+02   2.484980e-01   1.218177e+02   2.484980e-01 225200610132142200      15193      29070     0 2454022.406424  9.785724e+00  2.214819e-03  9.785724e+00  2.214819e-03 
   87860775   1.218214e+02   2.484744e-01   1.218214e+02   2.484744e-01 225200610132143190      15193      29073     0 2454022.407118  9.785690e+00  2.214541e-03  9.785690e+00  2.214541e-03 
   88033206   1.256646e+02   2.531475e-01   1.256646e+02   2.531475e-01 225200610152137170      15191      29084     0 2454024.402847  9.751967e+00  2.187191e-03  9.751967e+00  2.187191e-03 
   88033267   1.259251e+02   2.529657e-01   1.259251e+02   2.529657e-01 225200610152138180      15191      29085     0 2454024.403553  9.749719e+00  2.181097e-03  9.749719e+00  2.181097e-03 
   88033322   1.263346e+02   2.529216e-01   1.263346e+02   2.529216e-01 225200610152139130      15192      29087     0 2454024.404190  9.746194e+00  2.173648e-03  9.746194e+00  2.173648e-03 
   88377532   1.255799e+02   2.469540e-01   1.255799e+02   2.469540e-01 225200610192116150      15206      29044     0 2454028.388102  9.752700e+00  2.135118e-03  9.752700e+00  2.135118e-03 
   88377584   1.259657e+02   2.471145e-01   1.259657e+02   2.471145e-01 225200610192117070      15206      29046     0 2454028.388704  9.749369e+00  2.129961e-03  9.749369e+00  2.129961e-03 
   88377669   1.251844e+02   2.458897e-01   1.251844e+02   2.458897e-01 225200610192118310      15200      29011     0 2454028.389687  9.756124e+00  2.132632e-03  9.756124e+00  2.132632e-03 
   88377731   1.247855e+02   2.457323e-01   1.247855e+02   2.457323e-01 225200610192119340      15200      29014     0 2454028.390405  9.759590e+00  2.138080e-03  9.759590e+00  2.138080e-03 
   88463696   1.244536e+02   2.476828e-01   1.244536e+02   2.476828e-01 225200610202112220      15181      29066     0 2454029.385370  9.762482e+00  2.160799e-03  9.762482e+00  2.160799e-03 
   88463770   1.242169e+02   2.461508e-01   1.242169e+02   2.461508e-01 225200610202113350      15181      29070     0 2454029.386227  9.764548e+00  2.151524e-03  9.764548e+00  2.151524e-03 
   88463833   1.241811e+02   2.461810e-01   1.241811e+02   2.461810e-01 225200610202114380      15181      29075     0 2454029.386956  9.764861e+00  2.152409e-03  9.764861e+00  2.152409e-03 
   88551647   1.250067e+02   2.491103e-01   1.250067e+02   2.491103e-01 225200610212138150      15179      29161     0 2454030.403322  9.757667e+00  2.163636e-03  9.757667e+00  2.163636e-03 
   88551708   1.220146e+02   2.473159e-01   1.220146e+02   2.473159e-01 225200610212139160      15174      29126     0 2454030.404028  9.783971e+00  2.200727e-03  9.783971e+00  2.200727e-03 
   88551779   1.241352e+02   2.481209e-01   1.241352e+02   2.481209e-01 225200610212140270      15180      29167     0 2454030.404850  9.765263e+00  2.170173e-03  9.765263e+00  2.170173e-03 
   88551851   1.244532e+02   2.486379e-01   1.244532e+02   2.486379e-01 225200610212141400      15177      29131     0 2454030.405683  9.762486e+00  2.169139e-03  9.762486e+00  2.169139e-03 
   88637710   1.656886e+02   1.442443e+00   1.656886e+02   1.442443e+00 225200610222132420      15164      29125     0 2454031.399421  9.451769e+00  9.452178e-03  9.451769e+00  9.452178e-03 
   88637783   9.438953e+01   1.296204e+00   9.438953e+01   1.296204e+00 225200610222133550      15169      29168     0 2454031.400266  1.006269e+01  1.490992e-02  1.006269e+01  1.490992e-02 
   88637858   1.288386e+02   1.554214e+00   1.288386e+02   1.554214e+00 225200610222135100      15164      29132     0 2454031.401134  9.724885e+00  1.309757e-02  9.724885e+00  1.309757e-02 
   88637920   1.099489e+02   1.639674e+00   1.099489e+02   1.639674e+00 225200610222136110      15165      29134     0 2454031.401852  9.897023e+00  1.619170e-02  9.897023e+00  1.619170e-02 
   88640171   1.111734e+02   1.333027e+00   1.111734e+02   1.333027e+00 225200610222213430      15183      29285     0 2454031.427905  9.884998e+00  1.301859e-02  9.884998e+00  1.301859e-02 
   88640252   1.540561e+02   1.647566e+00   1.540561e+02   1.647566e+00 225200610222215040      15178      29250     0 2454031.428843  9.530803e+00  1.161154e-02  9.530803e+00  1.161154e-02 
   88722200   1.260118e+02   2.472470e-01   1.260118e+02   2.472470e-01 225200610232100550      15196      29073     0 2454032.377315  9.748972e+00  2.130323e-03  9.748972e+00  2.130323e-03 
   88722256   1.255026e+02   2.472501e-01   1.255026e+02   2.472501e-01 225200610232101510      15195      29075     0 2454032.377963  9.753368e+00  2.138993e-03  9.753368e+00  2.138993e-03 
   88722318   1.263523e+02   2.479356e-01   1.263523e+02   2.479356e-01 225200610232102530      15195      29075     0 2454032.378681  9.746042e+00  2.130501e-03  9.746042e+00  2.130501e-03 
   88722383   1.256592e+02   2.476827e-01   1.256592e+02   2.476827e-01 225200610232103590      15194      29077     0 2454032.379433  9.752014e+00  2.140066e-03  9.752014e+00  2.140066e-03 
   88980647   1.257653e+02   2.487078e-01   1.257653e+02   2.487078e-01 225200610262048320      15183      28973     0 2454035.368600  9.751098e+00  2.147110e-03  9.751098e+00  2.147110e-03 
   88980701   1.247017e+02   2.473941e-01   1.247017e+02   2.473941e-01 225200610262049260      15183      28975     0 2454035.369225  9.760320e+00  2.153986e-03  9.760320e+00  2.153986e-03 
   88980761   1.254646e+02   2.482724e-01   1.254646e+02   2.482724e-01 225200610262050270      15182      28978     0 2454035.369919  9.753696e+00  2.148489e-03  9.753696e+00  2.148489e-03 
   88980825   1.241091e+02   2.475536e-01   1.241091e+02   2.475536e-01 225200610262051300      15180      28982     0 2454035.370660  9.765491e+00  2.165666e-03  9.765491e+00  2.165666e-03 
   89066764   1.255817e+02   2.563574e-01   1.255817e+02   2.563574e-01 225200610272043520      15155      28987     0 2454036.365324  9.752684e+00  2.216385e-03  9.752684e+00  2.216385e-03 
   89066827   1.257525e+02   2.556064e-01   1.257525e+02   2.556064e-01 225200610272044550      15155      28992     0 2454036.366053  9.751208e+00  2.206891e-03  9.751208e+00  2.206891e-03 
   89066883   1.259080e+02   2.561440e-01   1.259080e+02   2.561440e-01 225200610272045520      15155      28995     0 2454036.366701  9.749866e+00  2.208801e-03  9.749866e+00  2.208801e-03 
   89066948   1.257728e+02   2.566381e-01   1.257728e+02   2.566381e-01 225200610272046560      15154      28999     0 2454036.367454  9.751033e+00  2.215440e-03  9.751033e+00  2.215440e-03 
   89152898   1.302002e+02   2.993006e-01   1.302002e+02   2.993006e-01 225200610282039290      15183      29051     0 2454037.362245  9.713470e+00  2.495869e-03  9.713470e+00  2.495869e-03 
   89152963   1.235691e+02   2.871836e-01   1.235691e+02   2.871836e-01 225200610282040350      15175      29013     0 2454037.362998  9.770226e+00  2.523340e-03  9.770226e+00  2.523340e-03 
   89153035   1.188421e+02   2.943332e-01   1.188421e+02   2.943332e-01 225200610282041470      15178      29056     0 2454037.363831  9.812573e+00  2.689024e-03  9.812573e+00  2.689024e-03 
   89153097   1.182617e+02   2.753525e-01   1.182617e+02   2.753525e-01 225200610282042480      15178      29057     0 2454037.364549  9.817890e+00  2.527964e-03  9.817890e+00  2.527964e-03 
   89239084   1.241103e+02   2.681857e-01   1.241103e+02   2.681857e-01 225200610292035590      15206      29070     0 2454038.359769  9.765481e+00  2.346139e-03  9.765481e+00  2.346139e-03 
   89239139   1.255692e+02   2.687989e-01   1.255692e+02   2.687989e-01 225200610292036550      15205      29071     0 2454038.360405  9.752792e+00  2.324182e-03  9.752792e+00  2.324182e-03 
   89239186   1.251405e+02   2.685543e-01   1.251405e+02   2.685543e-01 225200610292037410      15203      29075     0 2454038.360949  9.756505e+00  2.330022e-03  9.756505e+00  2.330022e-03 
   89239264   1.258202e+02   2.695580e-01   1.258202e+02   2.695580e-01 225200610292038590      15203      29077     0 2454038.361852  9.750625e+00  2.326097e-03  9.750625e+00  2.326097e-03 
   89411458   1.250188e+02   3.035431e-01   1.250188e+02   3.035431e-01 225200610312029010      15213      29039     0 2454040.354838  9.757562e+00  2.636155e-03  9.757562e+00  2.636155e-03 
   89411533   1.253689e+02   3.057364e-01   1.253689e+02   3.057364e-01 225200610312030160      15207      29005     0 2454040.355706  9.754525e+00  2.647788e-03  9.754525e+00  2.647788e-03 
   89411603   1.248472e+02   3.056116e-01   1.248472e+02   3.056116e-01 225200610312031250      15210      29046     0 2454040.356516  9.759053e+00  2.657767e-03  9.759053e+00  2.657767e-03 
   89411660   1.257813e+02   3.085511e-01   1.257813e+02   3.085511e-01 225200610312032230      15210      29048     0 2454040.357176  9.750960e+00  2.663403e-03  9.750960e+00  2.663403e-03 
   89506319   1.236312e+02   3.190318e-01   1.236312e+02   3.190318e-01 225200611012250050      15242      29425     0 2454041.452766  9.769680e+00  2.801765e-03  9.769680e+00  2.801765e-03 
   89506392   1.251168e+02   3.187285e-01   1.251168e+02   3.187285e-01 225200611012251190      15248      29468     0 2454041.453611  9.756711e+00  2.765866e-03  9.756711e+00  2.765866e-03 
   89506449   1.252941e+02   3.178944e-01   1.252941e+02   3.178944e-01 225200611012252160      15249      29471     0 2454041.454271  9.755173e+00  2.754723e-03  9.755173e+00  2.754723e-03 
   89506511   1.251032e+02   3.189853e-01   1.251032e+02   3.189853e-01 225200611012253170      15250      29473     0 2454041.454988  9.756829e+00  2.768396e-03  9.756829e+00  2.768396e-03 
   89842222   1.265943e+02   3.855157e-01   1.265943e+02   3.855157e-01 225200611052008420      15211      29060     0 2454045.340532  9.743964e+00  3.306387e-03  9.743964e+00  3.306387e-03 
   89842280   1.271557e+02   3.858572e-01   1.271557e+02   3.858572e-01 225200611052009400      15210      29062     0 2454045.341204  9.739161e+00  3.294706e-03  9.739161e+00  3.294706e-03 
   89842353   1.245216e+02   3.842259e-01   1.245216e+02   3.842259e-01 225200611052010530      15209      29064     0 2454045.342049  9.761889e+00  3.350178e-03  9.761889e+00  3.350178e-03 
   89842412   1.241060e+02   3.851781e-01   1.241060e+02   3.851781e-01 225200611052011520      15209      29066     0 2454045.342731  9.765517e+00  3.369725e-03  9.765517e+00  3.369725e-03 
   89928406   1.261152e+02   3.290507e-01   1.261152e+02   3.290507e-01 225200611062005110      15187      29025     0 2454046.338032  9.748082e+00  2.832836e-03  9.748082e+00  2.832836e-03 
   89928475   1.267936e+02   3.306304e-01   1.267936e+02   3.306304e-01 225200611062006190      15186      29027     0 2454046.338831  9.742256e+00  2.831203e-03  9.742256e+00  2.831203e-03 
   89928529   1.261032e+02   3.298946e-01   1.261032e+02   3.298946e-01 225200611062007140      15184      29028     0 2454046.339456  9.748184e+00  2.840369e-03  9.748184e+00  2.840369e-03 
   89928593   1.256372e+02   3.315712e-01   1.256372e+02   3.315712e-01 225200611062008180      15184      29030     0 2454046.340197  9.752204e+00  2.865394e-03  9.752204e+00  2.865394e-03 
   90014595   1.247876e+02   2.689997e-01   1.247876e+02   2.689997e-01 225200611072001430      15160      29015     0 2454047.335590  9.759571e+00  2.340486e-03  9.759571e+00  2.340486e-03 
   90014649   1.232264e+02   2.691703e-01   1.232264e+02   2.691703e-01 225200611072002370      15159      29019     0 2454047.336215  9.773240e+00  2.371642e-03  9.773240e+00  2.371642e-03 
   90014738   1.246125e+02   2.718870e-01   1.246125e+02   2.718870e-01 225200611072004050      15154      28986     0 2454047.337245  9.761096e+00  2.368932e-03  9.761096e+00  2.368932e-03 
   90014800   1.251102e+02   2.793529e-01   1.251102e+02   2.793529e-01 225200611072005080      15155      28991     0 2454047.337963  9.756768e+00  2.424300e-03  9.756768e+00  2.424300e-03 
   90273082   1.267265e+02   2.631050e-01   1.267265e+02   2.631050e-01 225200611101950020      15172      29058     0 2454050.327338  9.742831e+00  2.254174e-03  9.742831e+00  2.254174e-03 
   90273138   1.270014e+02   2.616946e-01   1.270014e+02   2.616946e-01 225200611101950570      15171      29059     0 2454050.327986  9.740479e+00  2.237238e-03  9.740479e+00  2.237238e-03 
   90273186   1.250367e+02   2.588556e-01   1.250367e+02   2.588556e-01 225200611101951450      15171      29060     0 2454050.328542  9.757406e+00  2.247739e-03  9.757406e+00  2.247739e-03 
   90273251   1.246453e+02   2.634956e-01   1.246453e+02   2.634956e-01 225200611101952500      15170      29062     0 2454050.329294  9.760810e+00  2.295214e-03  9.760810e+00  2.295214e-03 
   90617700   1.251330e+02   2.478546e-01   1.251330e+02   2.478546e-01 225200611141933540      15180      29010     0 2454054.315972  9.756571e+00  2.150558e-03  9.756571e+00  2.150558e-03 
   90617762   1.251552e+02   2.479383e-01   1.251552e+02   2.479383e-01 225200611141934560      15179      29012     0 2454054.316690  9.756377e+00  2.150901e-03  9.756377e+00  2.150901e-03 
   90617822   1.261535e+02   2.483695e-01   1.261535e+02   2.483695e-01 225200611141935570      15183      29052     0 2454054.317384  9.747752e+00  2.137592e-03  9.747752e+00  2.137592e-03 
   90617873   1.259969e+02   2.479092e-01   1.259969e+02   2.479092e-01 225200611141936470      15182      29054     0 2454054.317975  9.749101e+00  2.136282e-03  9.749101e+00  2.136282e-03 
   93120290   1.236851e+02   2.890005e-01   1.236851e+02   2.890005e-01 225200612131845380      14497      29176     0 2454083.281134  9.769207e+00  2.536922e-03  9.769207e+00  2.536922e-03 
   93120366   1.246973e+02   2.819593e-01   1.246973e+02   2.819593e-01 225200612131846550      14491      29143     0 2454083.282014  9.760358e+00  2.455021e-03  9.760358e+00  2.455021e-03 
   93120430   1.240491e+02   2.748223e-01   1.240491e+02   2.748223e-01 225200612131847580      14497      29184     0 2454083.282755  9.766016e+00  2.405384e-03  9.766016e+00  2.405384e-03 
   93293064   1.264480e+02   3.160500e-01   1.264480e+02   3.160500e-01 225200612151845190      14512      29215     0 2454085.280833  9.745220e+00  2.713750e-03  9.745220e+00  2.713750e-03 
   93293118   1.268520e+02   3.086122e-01   1.268520e+02   3.086122e-01 225200612151846130      14512      29218     0 2454085.281458  9.741756e+00  2.641445e-03  9.741756e+00  2.641445e-03 
   93293172   1.264336e+02   3.025025e-01   1.264336e+02   3.025025e-01 225200612151847070      14512      29220     0 2454085.282083  9.745343e+00  2.597720e-03  9.745343e+00  2.597720e-03 
   93293226   1.267461e+02   2.977666e-01   1.267461e+02   2.977666e-01 225200612151848010      14512      29221     0 2454085.282708  9.742663e+00  2.550745e-03  9.742663e+00  2.550745e-03 
   93467403   1.244556e+02   2.549498e-01   1.244556e+02   2.549498e-01 225200612171911070      14191      29321     0 2454087.298646  9.762465e+00  2.224161e-03  9.762465e+00  2.224161e-03 
   93467459   1.256068e+02   2.550699e-01   1.256068e+02   2.550699e-01 225200612171912030      14193      29321     0 2454087.299294  9.752467e+00  2.204813e-03  9.752467e+00  2.204813e-03 
   93467519   1.250367e+02   2.542140e-01   1.250367e+02   2.542140e-01 225200612171913020      14195      29324     0 2454087.299988  9.757406e+00  2.207435e-03  9.757406e+00  2.207435e-03 
   93467589   1.244922e+02   2.535599e-01   1.244922e+02   2.535599e-01 225200612171914130      14192      29290     0 2454087.300799  9.762144e+00  2.211384e-03  9.762144e+00  2.211384e-03 
   93556757   1.252087e+02   2.589214e-01   1.252087e+02   2.589214e-01 225200612182000250      15099      29511     0 2454088.332836  9.755914e+00  2.245222e-03  9.755914e+00  2.245222e-03 
   93556816   1.250637e+02   2.581551e-01   1.250637e+02   2.581551e-01 225200612182001240      15100      29511     0 2454088.333519  9.757172e+00  2.241173e-03  9.757172e+00  2.241173e-03 
   93556884   1.240913e+02   2.569228e-01   1.240913e+02   2.569228e-01 225200612182002320      15101      29512     0 2454088.334306  9.765647e+00  2.247953e-03  9.765647e+00  2.247953e-03 
   93556950   1.242944e+02   2.569951e-01   1.242944e+02   2.569951e-01 225200612182003370      15102      29513     0 2454088.335069  9.763870e+00  2.244910e-03  9.763870e+00  2.244910e-03 
   93725457   1.218399e+02   2.933762e-01   1.218399e+02   2.933762e-01 225200612201852110      15078      29373     0 2454090.285382  9.785526e+00  2.614334e-03  9.785526e+00  2.614334e-03 
   93725516   1.254617e+02   2.909669e-01   1.254617e+02   2.909669e-01 225200612201853100      15079      29377     0 2454090.286065  9.753722e+00  2.518015e-03  9.753722e+00  2.518015e-03 
   93725573   1.237941e+02   2.853957e-01   1.237941e+02   2.853957e-01 225200612201854080      15080      29380     0 2454090.286725  9.768250e+00  2.503072e-03  9.768250e+00  2.503072e-03 
   93725635   1.226692e+02   2.801328e-01   1.226692e+02   2.801328e-01 225200612201855100      15081      29384     0 2454090.287442  9.778161e+00  2.479444e-03  9.778161e+00  2.479444e-03 
   94935245   1.057309e+02   1.370583e+01   1.057309e+02   1.370583e+01 225200701031856070      15147      29496     0 2454104.287558  9.939495e+00  1.407437e-01  9.939495e+00  1.407437e-01 
   95021673   1.244907e+02   3.372185e-01   1.244907e+02   3.372185e-01 225200701041856390      15144      29468     0 2454105.287882  9.762157e+00  2.941036e-03  9.762157e+00  2.941036e-03 
   95021745   1.239753e+02   3.281607e-01   1.239753e+02   3.281607e-01 225200701041857500      15149      29509     0 2454105.288715  9.766662e+00  2.873937e-03  9.766662e+00  2.873937e-03 
   95021810   1.247374e+02   3.237145e-01   1.247374e+02   3.237145e-01 225200701041858560      15150      29510     0 2454105.289468  9.760009e+00  2.817678e-03  9.760009e+00  2.817678e-03 
   95021864   1.243888e+02   3.198900e-01   1.243888e+02   3.198900e-01 225200701041859500      15150      29512     0 2454105.290093  9.763046e+00  2.792192e-03  9.763046e+00  2.792192e-03 
   95107973   1.248617e+02   3.137865e-01   1.248617e+02   3.137865e-01 225200701051855020      15172      29513     0 2454106.286725  9.758926e+00  2.728543e-03  9.758926e+00  2.728543e-03 
   95108027   1.263880e+02   3.070872e-01   1.263880e+02   3.070872e-01 225200701051855560      15172      29515     0 2454106.287350  9.745736e+00  2.638043e-03  9.745736e+00  2.638043e-03 
   95108083   1.258856e+02   2.999798e-01   1.258856e+02   2.999798e-01 225200701051856510      15173      29516     0 2454106.287998  9.750060e+00  2.587271e-03  9.750060e+00  2.587271e-03 
   95108137   1.251285e+02   2.938427e-01   1.251285e+02   2.938427e-01 225200701051857460      15173      29518     0 2454106.288623  9.756609e+00  2.549673e-03  9.756609e+00  2.549673e-03 
   95280759   1.228282e+02   2.956233e-01   1.228282e+02   2.956233e-01 225200701071854540      15211      29508     0 2454108.286563  9.776755e+00  2.613164e-03  9.776755e+00  2.613164e-03 
   95280888   1.234428e+02   2.834734e-01   1.234428e+02   2.834734e-01 225200701071857030      15180      29492     0 2454108.288056  9.771336e+00  2.493287e-03  9.771336e+00  2.493287e-03 
   95280944   1.225363e+02   2.789645e-01   1.225363e+02   2.789645e-01 225200701071857590      15181      29494     0 2454108.288704  9.779338e+00  2.471780e-03  9.779338e+00  2.471780e-03 
   95281000   1.235198e+02   2.762807e-01   1.235198e+02   2.762807e-01 225200701071858540      15182      29496     0 2454108.289352  9.770658e+00  2.428510e-03  9.770658e+00  2.428510e-03 
   95367220   1.240875e+02   3.114692e-01   1.240875e+02   3.114692e-01 225200701081855580      15208      29520     0 2454109.287269  9.765680e+00  2.725292e-03  9.765680e+00  2.725292e-03 
   95367276   1.243079e+02   3.046082e-01   1.243079e+02   3.046082e-01 225200701081856530      15208      29520     0 2454109.287917  9.763753e+00  2.660533e-03  9.763753e+00  2.660533e-03 
   95367330   1.247850e+02   2.985558e-01   1.247850e+02   2.985558e-01 225200701081857480      15209      29522     0 2454109.288542  9.759594e+00  2.597699e-03  9.759594e+00  2.597699e-03 
   95367387   1.235000e+02   2.920301e-01   1.235000e+02   2.920301e-01 225200701081858450      15209      29523     0 2454109.289201  9.770832e+00  2.567358e-03  9.770832e+00  2.567358e-03 
   95453604   1.248964e+02   3.131897e-01   1.248964e+02   3.131897e-01 225200701091855440      15199      29530     0 2454110.287083  9.758625e+00  2.722597e-03  9.758625e+00  2.722597e-03 
   95453658   1.253241e+02   3.068816e-01   1.253241e+02   3.068816e-01 225200701091856390      15200      29530     0 2454110.287708  9.754913e+00  2.658655e-03  9.754913e+00  2.658655e-03 
   95453714   1.248585e+02   2.994604e-01   1.248585e+02   2.994604e-01 225200701091857350      15200      29532     0 2454110.288356  9.758955e+00  2.604037e-03  9.758955e+00  2.604037e-03 
   95453770   1.240129e+02   2.942466e-01   1.240129e+02   2.942466e-01 225200701091858300      15201      29531     0 2454110.289005  9.766333e+00  2.576146e-03  9.766333e+00  2.576146e-03 
   95539992   1.266576e+02   3.161119e-01   1.266576e+02   3.161119e-01 225200701101855350      15196      29533     0 2454111.286944  9.743422e+00  2.709789e-03  9.743422e+00  2.709789e-03 
   95540046   1.259355e+02   3.090938e-01   1.259355e+02   3.090938e-01 225200701101856300      15196      29535     0 2454111.287569  9.749629e+00  2.664820e-03  9.749629e+00  2.664820e-03 
   95540102   1.264105e+02   3.033192e-01   1.264105e+02   3.033192e-01 225200701101857250      15196      29535     0 2454111.288218  9.745542e+00  2.605209e-03  9.745542e+00  2.605209e-03 
   95540156   1.274257e+02   2.988936e-01   1.274257e+02   2.988936e-01 225200701101858190      15197      29536     0 2454111.288843  9.736857e+00  2.546745e-03  9.736857e+00  2.546745e-03 
   95626373   1.257317e+02   3.193089e-01   1.257317e+02   3.193089e-01 225200701111855200      15220      29541     0 2454112.286725  9.751389e+00  2.757352e-03  9.751389e+00  2.757352e-03 
   95626430   1.243450e+02   3.112609e-01   1.243450e+02   3.112609e-01 225200701111856160      15220      29542     0 2454112.287384  9.763429e+00  2.717828e-03  9.763429e+00  2.717828e-03 
   95626484   1.210847e+02   3.020700e-01   1.210847e+02   3.020700e-01 225200701111857110      15220      29543     0 2454112.288009  9.792277e+00  2.708597e-03  9.792277e+00  2.708597e-03 
   95626540   1.231151e+02   2.979247e-01   1.231151e+02   2.979247e-01 225200701111858070      15220      29544     0 2454112.288657  9.774221e+00  2.627368e-03  9.774221e+00  2.627368e-03 
   95712755   1.254964e+02   3.107563e-01   1.254964e+02   3.107563e-01 225200701121855050      15194      29545     0 2454113.286516  9.753422e+00  2.688528e-03  9.753422e+00  2.688528e-03 
   95712811   1.267104e+02   3.055696e-01   1.267104e+02   3.055696e-01 225200701121856000      15195      29545     0 2454113.287164  9.742970e+00  2.618325e-03  9.742970e+00  2.618325e-03 
   95712865   1.245948e+02   2.979614e-01   1.245948e+02   2.979614e-01 225200701121856550      15195      29547     0 2454113.287789  9.761250e+00  2.596486e-03  9.761250e+00  2.596486e-03 
   95712921   1.248708e+02   2.929876e-01   1.248708e+02   2.929876e-01 225200701121857500      15195      29548     0 2454113.288438  9.758847e+00  2.547499e-03  9.758847e+00  2.547499e-03 
   95799176   1.254229e+02   2.980128e-01   1.254229e+02   2.980128e-01 225200701131855270      15201      29560     0 2454114.286759  9.754058e+00  2.579787e-03  9.754058e+00  2.579787e-03 
   95799230   1.263931e+02   2.939483e-01   1.263931e+02   2.939483e-01 225200701131856210      15201      29562     0 2454114.287384  9.745691e+00  2.525070e-03  9.745691e+00  2.525070e-03 
   95799354   1.260479e+02   2.847222e-01   1.260479e+02   2.847222e-01 225200701131858250      15206      29567     0 2454114.288819  9.748661e+00  2.452515e-03  9.748661e+00  2.452515e-03 
   95799408   1.267196e+02   2.821217e-01   1.267196e+02   2.821217e-01 225200701131859190      15206      29568     0 2454114.289444  9.742890e+00  2.417233e-03  9.742890e+00  2.417233e-03 
  124569815   1.256078e+02   3.134670e-01   1.256078e+02   3.134670e-01 225200712121844190      13703      23187     0 2454447.280266  9.752459e+00  2.709575e-03  9.752459e+00  2.709575e-03 
  124570549   1.420860e+02   3.012042e-01   1.420860e+02   3.012042e-01 223200712121856320      26719      10942     0 2454447.288762  9.618622e+00  2.301630e-03  9.618622e+00  2.301630e-03 
  124571681   1.446652e+02   2.972337e-01   1.446652e+02   2.972337e-01 223200712121915250      26746      10901     0 2454447.301863  9.599090e+00  2.230795e-03  9.599090e+00  2.230795e-03 
  124571805   1.265654e+02   2.423035e-01   1.265654e+02   2.423035e-01 225200712121917280      13673      23216     0 2454447.303299  9.744213e+00  2.078599e-03  9.744213e+00  2.078599e-03 
  124572889   1.459039e+02   2.987727e-01   1.459039e+02   2.987727e-01 223200712121935320      26748      10972     0 2454447.315845  9.589832e+00  2.223309e-03  9.589832e+00  2.223309e-03 
  124573141   1.264253e+02   2.424074e-01   1.264253e+02   2.424074e-01 225200712121939440      13686      23266     0 2454447.318762  9.745415e+00  2.081794e-03  9.745415e+00  2.081794e-03 
