\OBJNAME = '1SWASP J030301.87+643905.5'
\OBSSTART = '2004-07-10T05:05:27'
\OBSSTOP = '2006-09-11T05:56:37'
\TSTART = 16520479
\TSTOP = 85039092
\JD_REF = 2453005.5
\RA_OBJ = '45.757803'
\DEC_OBJ = '64.651547'
\WASP_MAG = 12.61618
\HJD_START = 2453196.709248
\HJD_STOP = 2453989.748750
\fixlen = T
\NUMRECORDS = 93
\
\ This file was produced by the NASA Exoplanet Archive  http://exoplanetarchive.ipac.caltech.edu 
\ Thu Sep 19, 13:05:08 2013
\ Documentation for the SuperWASP dataset can be found at http://exoplanetarchive.ipac.caltech.edu/docs/SuperWASPMission.html
\
|TMID      |FLUX2         |FLUX2_ERR     |TAMFLUX2      |TAMFLUX2_ERR  |IMAGEID           |CCDX      |CCDY      |FLAG |           HJD|         MAG2|     MAG2_ERR|      TAMMAG2|  TAMMAG2_ERR|
|int       |float         |float         |float         |float         |char              |int       |int       |int  |        double|        float|        float|        float|        float|
|sec       |micro Vega    |micro Vega    |micro Vega    |micro Vega    |                  |1/16 pixel|1/16 pixel|     |           day|          mag|          mag|          mag|          mag|
|null      |null          |null          |null          |null          |null              |null      |null      |null |          null|         null|         null|         null|         null|
   16520479   2.453754e+00   1.444545e-01   2.775242e+00   1.444545e-01 105200407100505270       1926      27192    32 2453196.709248  1.402542e+01  6.391840e-02  1.389175e+01  5.651402e-02 
   16520829   4.232457e+00   1.440160e-01   4.786987e+00   1.440160e-01 105200407100511170       1914      27225    32 2453196.713299  1.343352e+01  3.694401e-02  1.329984e+01  3.266437e-02 
   16521179   5.846994e+00   2.018974e-01   6.613059e+00   2.018974e-01 105200407100517070       1902      27259    32 2453196.717350  1.308267e+01  3.749073e-02  1.294899e+01  3.314776e-02 
   16693793   6.076039e+00   1.633858e-01   6.872112e+00   1.633858e-01 105200407120513530       1890      27279    32 2453198.715197  1.304095e+01  2.919574e-02  1.290727e+01  2.581368e-02 
   16694143   6.783217e+00   2.159012e-01   7.671944e+00   2.159012e-01 105200407120519420       1875      27315    32 2453198.719248  1.292141e+01  3.455772e-02  1.278774e+01  3.055451e-02 
   16779963   7.285207e+00   1.280869e-01   8.239703e+00   1.280869e-01 105200407130509570       1895      27284    32 2453199.712535  1.284389e+01  1.908925e-02  1.271022e+01  1.687793e-02 
   16780313   8.702581e+00   1.573885e-01   9.842780e+00   1.573885e-01 105200407130515470       1885      27316    32 2453199.716586  1.265088e+01  1.963589e-02  1.251721e+01  1.736125e-02 
   16780661   9.910939e+00   2.423722e-01   1.120946e+01   2.423722e-01 105200407130521360       1877      27345    32 2453199.720613  1.250971e+01  2.655179e-02  1.237604e+01  2.347600e-02 
   16865829   4.891332e+00   1.304433e-01   5.532187e+00   1.304433e-01 105200407140501000       1924      27292    32 2453200.706354  1.327643e+01  2.895478e-02  1.314276e+01  2.560063e-02 
   16866181   6.519834e+00   1.456521e-01   7.374053e+00   1.456521e-01 105200407140506510       1915      27315    32 2453200.710428  1.296441e+01  2.425527e-02  1.283073e+01  2.144551e-02 
   16866531   7.602834e+00   1.745334e-01   8.598946e+00   1.745335e-01 105200407140512410       1906      27344    32 2453200.714479  1.279756e+01  2.492465e-02  1.266389e+01  2.203735e-02 
   16866880   9.115523e+00   2.538654e-01   1.030982e+01   2.538654e-01 105200407140518310       1898      27381    32 2453200.718519  1.260055e+01  3.023763e-02  1.246687e+01  2.673487e-02 
   16867232   1.015084e+01   3.706089e-01   1.148079e+01   3.706089e-01 105200407140524220       1887      27404    32 2453200.722593  1.248374e+01  3.964054e-02  1.235007e+01  3.504853e-02 
   18849650   1.250385e+01   1.625842e-01   1.414208e+01   1.625842e-01 105200408060402450       4700      27430    32 2453223.667245  1.225739e+01  1.411759e-02  1.212372e+01  1.248219e-02 
   18850016   1.235752e+01   1.569621e-01   1.397658e+01   1.569621e-01 105200408060408510       4691      27452    32 2453223.671481  1.227017e+01  1.379080e-02  1.213650e+01  1.219326e-02 
   18850615   1.265318e+01   1.535233e-01   1.431098e+01   1.535233e-01 105200408060418500       4685      27596    32 2453223.678414  1.224450e+01  1.317348e-02  1.211083e+01  1.164745e-02 
   18850953   1.262183e+01   1.550834e-01   1.427553e+01   1.550834e-01 105200408060424280       4679      27629    32 2453223.682326  1.224719e+01  1.334040e-02  1.211352e+01  1.179503e-02 
   18851293   1.268126e+01   1.535868e-01   1.434274e+01   1.535868e-01 105200408060430070       4670      27657    32 2453223.686262  1.224209e+01  1.314975e-02  1.210842e+01  1.162647e-02 
   18851633   1.234873e+01   1.531607e-01   1.396664e+01   1.531607e-01 105200408060435470       4665      27682    32 2453223.690197  1.227094e+01  1.346639e-02  1.213727e+01  1.190642e-02 
   18851969   1.246931e+01   1.526834e-01   1.410302e+01   1.526834e-01 105200408060441240       4658      27717    32 2453223.694086  1.226039e+01  1.329460e-02  1.212672e+01  1.175454e-02 
   18933378   3.748349e+00   1.817494e-01   4.239452e+00   1.817494e-01 105200408070318070       4788      27190    32 2453224.636319  1.356540e+01  5.264520e-02  1.343173e+01  4.654672e-02 
   18933742   5.484639e+00   1.628659e-01   6.203228e+00   1.628659e-01 105200408070324110       4781      27233    32 2453224.640532  1.315213e+01  3.224096e-02  1.301846e+01  2.850614e-02 
   18934109   7.639263e+00   1.501078e-01   8.640147e+00   1.501078e-01 105200408070330180       4768      27269    32 2453224.644780  1.279237e+01  2.133426e-02  1.265870e+01  1.886288e-02 
   18934500   9.640413e+00   1.380184e-01   1.090349e+01   1.380184e-01 105200408070336490       4751      27326    32 2453224.649306  1.253976e+01  1.554416e-02  1.240609e+01  1.374351e-02 
   18934870   1.075160e+01   1.333914e-01   1.216025e+01   1.333914e-01 105200408070342580       4737      27359    32 2453224.653588  1.242132e+01  1.347041e-02  1.228764e+01  1.190998e-02 
   18935237   1.174697e+01   1.386780e-01   1.328604e+01   1.386780e-01 105200408070349050       4726      27398    32 2453224.657836  1.232518e+01  1.281762e-02  1.219151e+01  1.133281e-02 
   18935607   1.207808e+01   1.407969e-01   1.366054e+01   1.407969e-01 105200408070355160       4713      27404    32 2453224.662118  1.229500e+01  1.265671e-02  1.216133e+01  1.119054e-02 
   18935970   1.204252e+01   1.402952e-01   1.362031e+01   1.402952e-01 105200408070401190       4702      27459    32 2453224.666319  1.229821e+01  1.264886e-02  1.216453e+01  1.118360e-02 
   18936339   1.228692e+01   1.416554e-01   1.389674e+01   1.416554e-01 105200408070407270       4689      27478    32 2453224.670590  1.227639e+01  1.251745e-02  1.214272e+01  1.106741e-02 
   18936659   1.227132e+01   1.400005e-01   1.387909e+01   1.400005e-01 105200408070412470       4690      27484    32 2453224.674294  1.227777e+01  1.238694e-02  1.214410e+01  1.095203e-02 
   18937039   1.228311e+01   1.398064e-01   1.389242e+01   1.398064e-01 105200408070419070       4675      27474    32 2453224.678692  1.227673e+01  1.235790e-02  1.214305e+01  1.092635e-02 
   18937445   1.231803e+01   1.409210e-01   1.393192e+01   1.409210e-01 105200408070425530       4667      27513    32 2453224.683391  1.227365e+01  1.242110e-02  1.213997e+01  1.098222e-02 
   18937817   1.210699e+01   1.404693e-01   1.369323e+01   1.404694e-01 105200408070432050       4661      27527    32 2453224.687697  1.229241e+01  1.259712e-02  1.215874e+01  1.113786e-02 
   18938245   7.365302e+00   1.668703e-01   7.365302e+00   1.668703e-01 105200408070439140       3140       1585     0 2453224.692650  1.283202e+01  2.459883e-02  1.283202e+01  2.459883e-02 
   18938622   7.239421e+00   1.561563e-01   7.239421e+00   1.561563e-01 105200408070445310       3115       1623     0 2453224.697014  1.285074e+01  2.341971e-02  1.285074e+01  2.341971e-02 
   18938997   6.787626e+00   1.462020e-01   6.787626e+00   1.462020e-01 105200408070451460       3090       1679     0 2453224.701354  1.292070e+01  2.338629e-02  1.292070e+01  2.338629e-02 
   18939375   7.108693e+00   1.447624e-01   7.108693e+00   1.447624e-01 105200408070458040       3067       1713     0 2453224.705729  1.287053e+01  2.211016e-02  1.287053e+01  2.211016e-02 
   18939755   7.276454e+00   1.489278e-01   7.276454e+00   1.489278e-01 105200408070504230       3044       1742     0 2453224.710127  1.284520e+01  2.222194e-02  1.284520e+01  2.222194e-02 
   18940123   7.357372e+00   1.512937e-01   7.357372e+00   1.512937e-01 105200408070510320       3018       1774     0 2453224.714387  1.283319e+01  2.232667e-02  1.283319e+01  2.232667e-02 
   18940475   6.999084e+00   1.545772e-01   6.999084e+00   1.545772e-01 105200408070516230       2996       1812     0 2453224.718461  1.288740e+01  2.397895e-02  1.288740e+01  2.397895e-02 
   18940848   6.954819e+00   1.597049e-01   6.954819e+00   1.597049e-01 105200408070522360       2971       1853     0 2453224.722778  1.289429e+01  2.493207e-02  1.289429e+01  2.493207e-02 
   18941228   7.040079e+00   1.757756e-01   7.040079e+00   1.757756e-01 105200408070528560       2947       1892     0 2453224.727176  1.288106e+01  2.710859e-02  1.288106e+01  2.710859e-02 
   18941611   7.247612e+00   2.162455e-01   7.247612e+00   2.162455e-01 105200408070535200       2923       1922     0 2453224.731609  1.284951e+01  3.239500e-02  1.284951e+01  3.239500e-02 
   19020635   9.180335e+00   1.537012e-01   1.038313e+01   1.537012e-01 105200408080332180       4718      27295    32 2453225.646238  1.259285e+01  1.817793e-02  1.245918e+01  1.607218e-02 
   19020998   1.059606e+01   1.474214e-01   1.198434e+01   1.474214e-01 105200408080338220       4703      27337    32 2453225.650440  1.243714e+01  1.510574e-02  1.230346e+01  1.335587e-02 
   19021358   1.192126e+01   1.455206e-01   1.348316e+01   1.455206e-01 105200408080344220       4692      27371    32 2453225.654606  1.230919e+01  1.325343e-02  1.217552e+01  1.171814e-02 
   19021729   1.230727e+01   1.527195e-01   1.391975e+01   1.527195e-01 105200408080350320       4683      27399    32 2453225.658900  1.227460e+01  1.347283e-02  1.214092e+01  1.191212e-02 
   19022106   1.242139e+01   1.539881e-01   1.404883e+01   1.539880e-01 105200408080356500       4671      27446    32 2453225.663264  1.226457e+01  1.345992e-02  1.213090e+01  1.190071e-02 
   19022475   1.255575e+01   1.544597e-01   1.420079e+01   1.544597e-01 105200408080402580       4662      27475    32 2453225.667535  1.225289e+01  1.335668e-02  1.211922e+01  1.180942e-02 
   19023955   7.452521e+00   1.974673e-01   7.452521e+00   1.974673e-01 105200408080427390       3172       1471     0 2453225.684664  1.281924e+01  2.876854e-02  1.281924e+01  2.876854e-02 
   19024321   7.838510e+00   1.768252e-01   7.838510e+00   1.768252e-01 105200408080433430       3148       1503     0 2453225.688900  1.276442e+01  2.449269e-02  1.276442e+01  2.449269e-02 
   19024683   7.334834e+00   1.660065e-01   7.334834e+00   1.660065e-01 105200408080439460       3122       1542     0 2453225.693090  1.283652e+01  2.457313e-02  1.283652e+01  2.457313e-02 
   19025045   7.299916e+00   1.586093e-01   7.299916e+00   1.586093e-01 105200408080445480       3095       1578     0 2453225.697280  1.284171e+01  2.359047e-02  1.284171e+01  2.359047e-02 
   19025409   7.522191e+00   1.615682e-01   7.522191e+00   1.615682e-01 105200408080451510       3074       1609     0 2453225.701493  1.280914e+01  2.332048e-02  1.280914e+01  2.332048e-02 
   19025773   7.495217e+00   1.617610e-01   7.495217e+00   1.617610e-01 105200408080457550       3045       1664     0 2453225.705706  1.281304e+01  2.343232e-02  1.281304e+01  2.343232e-02 
   19026132   7.341240e+00   1.615525e-01   7.341240e+00   1.615525e-01 105200408080503550       3022       1682     0 2453225.709861  1.283558e+01  2.389297e-02  1.283558e+01  2.389297e-02 
   19026470   7.529610e+00   1.629754e-01   7.529610e+00   1.629754e-01 105200408080509320       2998       1721     0 2453225.713773  1.280807e+01  2.350041e-02  1.280807e+01  2.350041e-02 
   19026835   7.718205e+00   1.642874e-01   7.718205e+00   1.642874e-01 105200408080515370       2971       1760     0 2453225.717998  1.278121e+01  2.311073e-02  1.278121e+01  2.311073e-02 
   19027197   7.498253e+00   1.703425e-01   7.498253e+00   1.703425e-01 105200408080521390       2946       1781     0 2453225.722187  1.281260e+01  2.466543e-02  1.281260e+01  2.466543e-02 
   19027559   7.445443e+00   1.805702e-01   7.445443e+00   1.805702e-01 105200408080527420       2917       1809     0 2453225.726377  1.282027e+01  2.633185e-02  1.282027e+01  2.633185e-02 
   19106663   8.809650e+00   1.314839e-01   9.963877e+00   1.314839e-01 105200408090326010       4711      27329    32 2453226.641933  1.263760e+01  1.620465e-02  1.250393e+01  1.432749e-02 
   19107022   1.017021e+01   1.212435e-01   1.150269e+01   1.212435e-01 105200408090332000       4695      27365    32 2453226.646088  1.248168e+01  1.294359e-02  1.234800e+01  1.144419e-02 
   19107383   1.140073e+01   1.158018e-01   1.289444e+01   1.158018e-01 105200408090338000       4688      27395    32 2453226.650266  1.235767e+01  1.102829e-02  1.222399e+01  9.750763e-03 
   19107743   1.213315e+01   1.243467e-01   1.372282e+01   1.243467e-01 105200408090344000       4680      27423    32 2453226.654433  1.229007e+01  1.112721e-02  1.215639e+01  9.838223e-03 
   19108102   1.222051e+01   1.290325e-01   1.382162e+01   1.290325e-01 105200408090349590       4668      27460    32 2453226.658588  1.228228e+01  1.146399e-02  1.214860e+01  1.013599e-02 
   19108489   1.213757e+01   1.302187e-01   1.372782e+01   1.302187e-01 105200408090356260       4659      27488    32 2453226.663067  1.228967e+01  1.164843e-02  1.215600e+01  1.029907e-02 
   19109447   7.820762e+00   2.008774e-01   7.820762e+00   2.008774e-01 105200408090412240       3214       1446     0 2453226.674155  1.276688e+01  2.788739e-02  1.276688e+01  2.788739e-02 
   19109769   7.788424e+00   1.721182e-01   7.788424e+00   1.721182e-01 105200408090417470       3193       1446     0 2453226.677882  1.277138e+01  2.399402e-02  1.277138e+01  2.399402e-02 
   19110093   7.748835e+00   1.542759e-01   7.748835e+00   1.542759e-01 105200408090423100       3170       1497     0 2453226.681632  1.277691e+01  2.161661e-02  1.277691e+01  2.161661e-02 
   19110416   7.751894e+00   1.415923e-01   7.751894e+00   1.415923e-01 105200408090428330       3148       1537     0 2453226.685370  1.277648e+01  1.983159e-02  1.277648e+01  1.983159e-02 
   19110741   7.804105e+00   1.357042e-01   7.804105e+00   1.357042e-01 105200408090433580       3123       1564     0 2453226.689132  1.276919e+01  1.887975e-02  1.276919e+01  1.887975e-02 
   19111066   8.032900e+00   1.309314e-01   8.032900e+00   1.309314e-01 105200408090439240       3100       1585     0 2453226.692894  1.273782e+01  1.769691e-02  1.273782e+01  1.769691e-02 
   19111416   7.906397e+00   1.342882e-01   7.906397e+00   1.342882e-01 105200408090445130       3078       1611     0 2453226.696944  1.275505e+01  1.844103e-02  1.275505e+01  1.844103e-02 
   19111741   7.774220e+00   1.353901e-01   7.774220e+00   1.353901e-01 105200408090450390       3058       1658     0 2453226.700706  1.277336e+01  1.890846e-02  1.277336e+01  1.890846e-02 
   19112067   7.801643e+00   1.366215e-01   7.801643e+00   1.366215e-01 105200408090456050       3035       1659     0 2453226.704479  1.276954e+01  1.901335e-02  1.276954e+01  1.901335e-02 
   19112384   7.665733e+00   1.371558e-01   7.665733e+00   1.371558e-01 105200408090501210       3013       1714     0 2453226.708148  1.278862e+01  1.942613e-02  1.278862e+01  1.942613e-02 
   19112655   7.805877e+00   1.378212e-01   7.805877e+00   1.378212e-01 105200408090505530       2993       1735     0 2453226.711285  1.276895e+01  1.916991e-02  1.276895e+01  1.916991e-02 
   19112980   7.959444e+00   1.381514e-01   7.959444e+00   1.381514e-01 105200408090511180       2971       1766     0 2453226.715046  1.274779e+01  1.884510e-02  1.274779e+01  1.884510e-02 
   19113308   7.773523e+00   1.387303e-01   7.773523e+00   1.387303e-01 105200408090516460       2947       1801     0 2453226.718843  1.277346e+01  1.937668e-02  1.277346e+01  1.937668e-02 
   19113631   7.994543e+00   1.419368e-01   7.994543e+00   1.419368e-01 105200408090522080       2925       1828     0 2453226.722581  1.274302e+01  1.927646e-02  1.274302e+01  1.927646e-02 
   19113980   7.978584e+00   1.533914e-01   7.978584e+00   1.533914e-01 105200408090527580       2898       1861     0 2453226.726620  1.274519e+01  2.087378e-02  1.274519e+01  2.087378e-02 
   19114304   7.911835e+00   1.775564e-01   7.911835e+00   1.775564e-01 105200408090533220       2878       1883     0 2453226.730370  1.275431e+01  2.436604e-02  1.275431e+01  2.436604e-02 
   19114632   7.994636e+00   2.326480e-01   7.994636e+00   2.326480e-01 105200408090538500       2857       1909     0 2453226.734167  1.274300e+01  3.159560e-02  1.274300e+01  3.159560e-02 
   19114957   7.564337e+00   3.273713e-01   7.564337e+00   3.273713e-01 105200408090544140       2833       1938     0 2453226.737928  1.280307e+01  4.698892e-02  1.280307e+01  4.698892e-02 
   19115281   8.291398e+00   5.022668e-01   8.291398e+00   5.022668e-01 105200408090549380       2810       1955     0 2453226.741678  1.270343e+01  6.577071e-02  1.270343e+01  6.577071e-02 
   85033265   1.093374e+01   2.679479e-01   1.331958e+01   2.679479e-01 148200609110419300       1398        280    32 2453989.681308  1.240308e+01  2.660769e-02  1.218877e+01  2.184166e-02 
   85036828   1.058476e+01   2.595493e-01   1.289444e+01   2.595493e-01 148200609110518520        942        943    32 2453989.722546  1.243830e+01  2.662348e-02  1.222399e+01  2.185462e-02 
   85037178   1.041363e+01   2.645076e-01   1.268597e+01   2.645076e-01 148200609110524430        887        980    32 2453989.726597  1.245599e+01  2.757794e-02  1.224169e+01  2.263811e-02 
   85037516   1.098358e+01   2.615095e-01   1.338029e+01   2.615095e-01 148200609110530200        853       1040    32 2453989.730509  1.239814e+01  2.585053e-02  1.218384e+01  2.122011e-02 
   85037790   1.088577e+01   2.546047e-01   1.326114e+01   2.546047e-01 148200609110534540        799       1089    32 2453989.733681  1.240785e+01  2.539411e-02  1.219355e+01  2.084546e-02 
   85038270   1.045361e+01   2.548598e-01   1.273468e+01   2.548598e-01 148200609110542540        734       1165    32 2453989.739236  1.245183e+01  2.647042e-02  1.223753e+01  2.172897e-02 
   85038684   1.050694e+01   2.652805e-01   1.279965e+01   2.652805e-01 148200609110549480        648       1236    32 2453989.744028  1.244631e+01  2.741289e-02  1.223201e+01  2.250262e-02 
   85039092   1.018114e+01   2.807844e-01   1.240275e+01   2.807844e-01 148200609110556370        606       1300    32 2453989.748750  1.248051e+01  2.994349e-02  1.226620e+01  2.457994e-02 
