\OBJNAME = '1SWASP J230904.60-673836.2'
\OBSSTART = '2006-05-11T04:14:48'
\OBSSTOP = '2007-12-12T19:38:43'
\TSTART = 74405754
\TSTOP = 124572954
\JD_REF = 2453005.5
\RA_OBJ = '347.269175'
\DEC_OBJ = '-67.643411'
\WASP_MAG = 13.43951
\HJD_START = 2453866.677708
\HJD_STOP = 2454447.316597
\fixlen = T
\NUMRECORDS = 370
\
\ This file was produced by the NASA Exoplanet Archive  http://exoplanetarchive.ipac.caltech.edu 
\ Tue Sep 17, 05:43:54 2013
\ Documentation for the SuperWASP dataset can be found at http://exoplanetarchive.ipac.caltech.edu/docs/SuperWASPMission.html
\
|TMID      |FLUX2         |FLUX2_ERR     |TAMFLUX2      |TAMFLUX2_ERR  |IMAGEID           |CCDX      |CCDY      |FLAG |           HJD|         MAG2|     MAG2_ERR|      TAMMAG2|  TAMMAG2_ERR|
|int       |float         |float         |float         |float         |char              |int       |int       |int  |        double|        float|        float|        float|        float|
|sec       |micro Vega    |micro Vega    |micro Vega    |micro Vega    |                  |1/16 pixel|1/16 pixel|     |           day|          mag|          mag|          mag|          mag|
|null      |null          |null          |null          |null          |null              |null      |null      |null |          null|         null|         null|         null|         null|
   74405754   4.601657e+00   2.072047e-01   4.601657e+00   2.072047e-01 223200605110414480      21265      30131     0 2453866.677708  1.334271e+01  4.888899e-02  1.334271e+01  4.888899e-02 
   74405807   4.770220e+00   2.273266e-01   4.770220e+00   2.273266e-01 223200605110415410      21270      30128     0 2453866.678322  1.330365e+01  5.174133e-02  1.330365e+01  5.174133e-02 
   74405891   4.805068e+00   2.538556e-01   4.805068e+00   2.538556e-01 223200605110417040      21274      30127     0 2453866.679294  1.329575e+01  5.736052e-02  1.329575e+01  5.736052e-02 
   74405956   4.992668e+00   2.840533e-01   4.992668e+00   2.840533e-01 223200605110418100      21291      30097     0 2453866.680046  1.325417e+01  6.177219e-02  1.325417e+01  6.177219e-02 
   74491868   4.758288e+00   2.249328e-01   4.758288e+00   2.249328e-01 223200605120409570      21315      30047     0 2453867.674398  1.330637e+01  5.132489e-02  1.330637e+01  5.132489e-02 
   74492006   4.664556e+00   2.380798e-01   4.664556e+00   2.380798e-01 223200605120412150      21323      30045     0 2453867.675995  1.332797e+01  5.541637e-02  1.332797e+01  5.541637e-02 
   74492059   4.842963e+00   2.469705e-01   4.842963e+00   2.469705e-01 223200605120413070      21326      30044     0 2453867.676609  1.328722e+01  5.536811e-02  1.328722e+01  5.536811e-02 
   74750394   4.979617e+00   3.248414e-01   4.979617e+00   3.248414e-01 223200605150358270      21308      30045     0 2453870.666597  1.325701e+01  7.082741e-02  1.325701e+01  7.082741e-02 
   74750454   5.062742e+00   3.273762e-01   5.062742e+00   3.273762e-01 223200605150359270      21313      30041     0 2453870.667292  1.323904e+01  7.020809e-02  1.323904e+01  7.020809e-02 
   74750508   5.159232e+00   3.285179e-01   5.159232e+00   3.285179e-01 223200605150400210      21317      30041     0 2453870.667917  1.321854e+01  6.913529e-02  1.321854e+01  6.913529e-02 
   74750567   4.986877e+00   3.264326e-01   4.986877e+00   3.264326e-01 223200605150401200      21319      30039     0 2453870.668600  1.325543e+01  7.107073e-02  1.325543e+01  7.107073e-02 
   75613663   4.035944e+00   1.282249e-01   4.035944e+00   1.282249e-01 223200605250345300      21368      30064     0 2453880.658137  1.348514e+01  3.449475e-02  1.348514e+01  3.449475e-02 
   75613726   4.039055e+00   1.270020e-01   4.039055e+00   1.270020e-01 223200605250346340      21386      30032     0 2453880.658866  1.348430e+01  3.413947e-02  1.348430e+01  3.413947e-02 
   75613784   4.057111e+00   1.250224e-01   4.057111e+00   1.250224e-01 223200605250347310      21389      30031     0 2453880.659537  1.347946e+01  3.345775e-02  1.347946e+01  3.345775e-02 
   75613852   4.157760e+00   1.265010e-01   4.157760e+00   1.265010e-01 223200605250348400      21378      30059     0 2453880.660324  1.345285e+01  3.303394e-02  1.345285e+01  3.303394e-02 
   75700119   4.152219e+00   1.240850e-01   4.152219e+00   1.240850e-01 223200605260346210      21387      30055     0 2453881.658785  1.345430e+01  3.244629e-02  1.345430e+01  3.244629e-02 
   75700182   4.058433e+00   1.234105e-01   4.058433e+00   1.234105e-01 223200605260347250      21403      30021     0 2453881.659514  1.347910e+01  3.301562e-02  1.347910e+01  3.301562e-02 
   75700249   3.967309e+00   1.220123e-01   3.967309e+00   1.220123e-01 223200605260348310      21392      30049     0 2453881.660289  1.350376e+01  3.339130e-02  1.350376e+01  3.339130e-02 
   75700318   3.962184e+00   1.227516e-01   3.962184e+00   1.227516e-01 223200605260349400      21407      30016     0 2453881.661088  1.350516e+01  3.363709e-02  1.350516e+01  3.363709e-02 
   76132342   3.817292e+00   1.050492e-01   3.817292e+00   1.050492e-01 223200605310349440      21441      30032     0 2453886.661366  1.354561e+01  2.987882e-02  1.354561e+01  2.987882e-02 
   76132409   3.819445e+00   1.052695e-01   3.819445e+00   1.052695e-01 223200605310350510      21457      29999     0 2453886.662141  1.354500e+01  2.992458e-02  1.354500e+01  2.992458e-02 
   76132458   3.980270e+00   1.062947e-01   3.980270e+00   1.062947e-01 223200605310351390      21458      29998     0 2453886.662708  1.350022e+01  2.899512e-02  1.350022e+01  2.899512e-02 
   76132520   3.852872e+00   1.067730e-01   3.852872e+00   1.067730e-01 223200605310352410      21460      29996     0 2453886.663426  1.353554e+01  3.008864e-02  1.353554e+01  3.008864e-02 
   76218814   3.961503e+00   1.098211e-01   3.961503e+00   1.098211e-01 223200606010350510      21467      29992     0 2453887.662199  1.350535e+01  3.009898e-02  1.350535e+01  3.009898e-02 
   76218882   3.790067e+00   1.075868e-01   3.790067e+00   1.075868e-01 223200606010351580      21457      30018     0 2453887.662986  1.355338e+01  3.082036e-02  1.355338e+01  3.082036e-02 
   76218952   3.889996e+00   1.085869e-01   3.889996e+00   1.085869e-01 223200606010353090      21459      30016     0 2453887.663796  1.352513e+01  3.030776e-02  1.352513e+01  3.030776e-02 
   76219038   3.643838e+00   1.081899e-01   3.643838e+00   1.081899e-01 223200606010354350      21476      29985     0 2453887.664792  1.359610e+01  3.223691e-02  1.359610e+01  3.223691e-02 
   76478222   3.810341e+00   1.176641e-01   3.810341e+00   1.176641e-01 223200606040354060      21476      29985     0 2453890.664606  1.354759e+01  3.352786e-02  1.354759e+01  3.352786e-02 
   76478295   3.793698e+00   1.169349e-01   3.793698e+00   1.169349e-01 223200606040355190      21466      30011     0 2453890.665451  1.355234e+01  3.346626e-02  1.355234e+01  3.346626e-02 
   76478371   3.873106e+00   1.178277e-01   3.873106e+00   1.178277e-01 223200606040356360      21483      29978     0 2453890.666331  1.352985e+01  3.303039e-02  1.352985e+01  3.303039e-02 
   76478424   3.894857e+00   1.182913e-01   3.894857e+00   1.182913e-01 223200606040357280      21485      29976     0 2453890.666944  1.352377e+01  3.297517e-02  1.352377e+01  3.297517e-02 
   76564565   4.864716e+00   2.764399e-01   4.864716e+00   2.764399e-01 223200606050353060      21500      29970     0 2453891.663947  1.328236e+01  6.169771e-02  1.328236e+01  6.169771e-02 
   76564624   4.102232e+00   2.669281e-01   4.102232e+00   2.669281e-01 223200606050354050      21504      29969     0 2453891.664630  1.346745e+01  7.064802e-02  1.346745e+01  7.064802e-02 
   76564684   5.019092e+00   2.680342e-01   5.019092e+00   2.680342e-01 223200606050355050      21506      29967     0 2453891.665324  1.324844e+01  5.798170e-02  1.324844e+01  5.798170e-02 
   76564742   4.801597e+00   2.475399e-01   4.801597e+00   2.475399e-01 223200606050356020      21508      29965     0 2453891.665995  1.329654e+01  5.597387e-02  1.329654e+01  5.597387e-02 
   76650937   3.637491e+00   1.063812e-01   3.637491e+00   1.063812e-01 223200606060352330      21489      29967     0 2453892.663623  1.359799e+01  3.175329e-02  1.359799e+01  3.175329e-02 
   76651071   3.602835e+00   1.096620e-01   3.602835e+00   1.096620e-01 223200606060354480      21494      29967     0 2453892.665174  1.360839e+01  3.304744e-02  1.360839e+01  3.304744e-02 
   76651127   3.690768e+00   1.093075e-01   3.690768e+00   1.093075e-01 223200606060355430      21496      29965     0 2453892.665822  1.358221e+01  3.215579e-02  1.358221e+01  3.215579e-02 
   76651203   3.787923e+00   1.090686e-01   3.787923e+00   1.090686e-01 223200606060357000      21485      29992     0 2453892.666701  1.355400e+01  3.126254e-02  1.355400e+01  3.126254e-02 
   76737432   3.906987e+00   1.120563e-01   3.906987e+00   1.120563e-01 223200606070354040      21497      29972     0 2453893.664722  1.352040e+01  3.114011e-02  1.352040e+01  3.114011e-02 
   76737485   3.835425e+00   1.099259e-01   3.835425e+00   1.099259e-01 223200606070354570      21499      29969     0 2453893.665336  1.354047e+01  3.111805e-02  1.354047e+01  3.111805e-02 
   76737540   3.792831e+00   1.093890e-01   3.792831e+00   1.093890e-01 223200606070355530      21501      29968     0 2453893.665972  1.355259e+01  3.131381e-02  1.355259e+01  3.131381e-02 
   76737596   3.972655e+00   1.103872e-01   3.972655e+00   1.103872e-01 223200606070356480      21503      29966     0 2453893.666620  1.350230e+01  3.016920e-02  1.350230e+01  3.016920e-02 
   76823823   3.858913e+00   1.105053e-01   3.858913e+00   1.105053e-01 223200606080353510      21519      29974     0 2453894.664618  1.353384e+01  3.109167e-02  1.353384e+01  3.109167e-02 
   76823882   3.976054e+00   1.104797e-01   3.976054e+00   1.104797e-01 223200606080354510      21522      29970     0 2453894.665301  1.350137e+01  3.016866e-02  1.350137e+01  3.016866e-02 
   76823941   3.990093e+00   1.109318e-01   3.990093e+00   1.109318e-01 223200606080355500      21524      29968     0 2453894.665984  1.349754e+01  3.018552e-02  1.349754e+01  3.018552e-02 
   76824027   3.779491e+00   1.111514e-01   3.779491e+00   1.111514e-01 223200606080357160      21513      29995     0 2453894.666979  1.355642e+01  3.193062e-02  1.355642e+01  3.193062e-02 
   76910250   3.687356e+00   1.078838e-01   3.687356e+00   1.078838e-01 223200606090354140      21516      29960     0 2453895.664931  1.358321e+01  3.176634e-02  1.358321e+01  3.176634e-02 
   76910304   3.927205e+00   1.095441e-01   3.927205e+00   1.095441e-01 223200606090355080      21517      29958     0 2453895.665556  1.351479e+01  3.028524e-02  1.351479e+01  3.028524e-02 
   76910388   3.750641e+00   1.093422e-01   3.750641e+00   1.093422e-01 223200606090356320      21506      29984     0 2453895.666528  1.356474e+01  3.165253e-02  1.356474e+01  3.165253e-02 
   76910460   3.749405e+00   1.071953e-01   3.749405e+00   1.071953e-01 223200606090357440      21521      29953     0 2453895.667361  1.356509e+01  3.104126e-02  1.356509e+01  3.104126e-02 
   76996606   4.719246e+00   2.145634e-01   4.719246e+00   2.145634e-01 223200606100353270      21521      29961     0 2453896.664421  1.331532e+01  4.936384e-02  1.331532e+01  4.936384e-02 
   76996671   4.940483e+00   2.120183e-01   4.940483e+00   2.120183e-01 223200606100354320      21524      29958     0 2453896.665174  1.326558e+01  4.659398e-02  1.326558e+01  4.659398e-02 
   76996732   4.750916e+00   2.088808e-01   4.750916e+00   2.088808e-01 223200606100355320      21526      29957     0 2453896.665880  1.330806e+01  4.773610e-02  1.330806e+01  4.773610e-02 
   76996787   4.473336e+00   2.058462e-01   4.473336e+00   2.058462e-01 223200606100356270      21527      29955     0 2453896.666516  1.337342e+01  4.996169e-02  1.337342e+01  4.996169e-02 
   77083027   4.748250e+00   3.591335e-01   4.748250e+00   3.591335e-01 223200606110353440      21532      29951     0 2453897.664664  1.330867e+01  8.211987e-02  1.330867e+01  8.211987e-02 
   77083104   4.997926e+00   3.619251e-01   4.997926e+00   3.619251e-01 223200606110355000      21522      29977     0 2453897.665556  1.325303e+01  7.862393e-02  1.325303e+01  7.862393e-02 
   77083185   5.137216e+00   3.602262e-01   5.137216e+00   3.602262e-01 223200606110356210      21538      29945     0 2453897.666493  1.322318e+01  7.613306e-02  1.322318e+01  7.613306e-02 
   77083239   4.705155e+00   3.610221e-01   4.705155e+00   3.610221e-01 223200606110357160      21539      29943     0 2453897.667118  1.331857e+01  8.330781e-02  1.331857e+01  8.330781e-02 
   77169294   4.177089e+00   4.614398e-01   4.177089e+00   4.614398e-01 223200606120351270      21522      29974     0 2453898.663125  1.344782e+01  1.199409e-01  1.344782e+01  1.199409e-01 
   77169356   5.324420e+00   4.622832e-01   5.324420e+00   4.622832e-01 223200606120352290      21538      29943     0 2453898.663843  1.318432e+01  9.426741e-02  1.318432e+01  9.426741e-02 
   77169414   5.168031e+00   4.603536e-01   5.168031e+00   4.603536e-01 223200606120353260      21540      29941     0 2453898.664514  1.321669e+01  9.671465e-02  1.321669e+01  9.671465e-02 
   77169474   5.105734e+00   4.604995e-01   5.105734e+00   4.604995e-01 223200606120354260      21541      29939     0 2453898.665208  1.322985e+01  9.792572e-02  1.322985e+01  9.792572e-02 
   77514722   5.934192e+00   2.140253e+00   5.934192e+00   2.140253e+00 223200606160348210      21538      29912     0 2453902.661134  1.306660e+01  3.915880e-01  1.306660e+01  3.915880e-01 
   77514787   6.377857e+00   2.513055e+00   6.377857e+00   2.513055e+00 223200606160349260      21540      29909     0 2453902.661887  1.298831e+01  4.278121e-01  1.298831e+01  4.278121e-01 
   77601407   4.435671e+00   1.904888e-01   4.435671e+00   1.904888e-01 223200606170353030      21549      29899     0 2453903.664433  1.338260e+01  4.662685e-02  1.338260e+01  4.662685e-02 
   77601477   4.676837e+00   1.920306e-01   4.676837e+00   1.920306e-01 223200606170354120      21538      29926     0 2453903.665243  1.332512e+01  4.458040e-02  1.332512e+01  4.458040e-02 
   77601547   4.471598e+00   1.910707e-01   4.471598e+00   1.910707e-01 223200606170355220      21539      29924     0 2453903.666053  1.337384e+01  4.639350e-02  1.337384e+01  4.639350e-02 
   77601604   4.635141e+00   1.911410e-01   4.635141e+00   1.911410e-01 223200606170356190      21553      29893     0 2453903.666713  1.333484e+01  4.477305e-02  1.333484e+01  4.477305e-02 
   77687752   4.544656e+00   1.623376e-01   4.544656e+00   1.623376e-01 223200606180352030      21568      29894     0 2453904.663796  1.335625e+01  3.878323e-02  1.335625e+01  3.878323e-02 
   77687795   4.566220e+00   1.622169e-01   4.566220e+00   1.622169e-01 223200606180352470      21570      29893     0 2453904.664294  1.335111e+01  3.857138e-02  1.335111e+01  3.857138e-02 
   77687863   4.389326e+00   1.613566e-01   4.389326e+00   1.613566e-01 223200606180353550      21571      29892     0 2453904.665081  1.339401e+01  3.991303e-02  1.339401e+01  3.991303e-02 
   77687914   4.386192e+00   1.615414e-01   4.386192e+00   1.615414e-01 223200606180354460      21571      29890     0 2453904.665671  1.339478e+01  3.998729e-02  1.339478e+01  3.998729e-02 
   77774389   4.003343e+00   1.346064e-01   4.003343e+00   1.346064e-01 223200606190355570      21613      29874     0 2453905.666539  1.349394e+01  3.650639e-02  1.349394e+01  3.650639e-02 
   77774445   4.249100e+00   1.353300e-01   4.249100e+00   1.353300e-01 223200606190356530      21613      29875     0 2453905.667187  1.342926e+01  3.457985e-02  1.342926e+01  3.457985e-02 
   77774507   4.023194e+00   1.346835e-01   4.023194e+00   1.346835e-01 223200606190357560      21612      29873     0 2453905.667905  1.348857e+01  3.634707e-02  1.348857e+01  3.634707e-02 
   77774572   4.284398e+00   1.348410e-01   4.284398e+00   1.348410e-01 223200606190359000      21598      29903     0 2453905.668657  1.342028e+01  3.417102e-02  1.342028e+01  3.417102e-02 
   77860803   4.068415e+00   1.185566e-01   4.068415e+00   1.185566e-01 223200606200356080      21595      29868     0 2453906.666701  1.347644e+01  3.163926e-02  1.347644e+01  3.163926e-02 
   77860862   3.943625e+00   1.181676e-01   3.943625e+00   1.181676e-01 223200606200357080      21596      29868     0 2453906.667384  1.351026e+01  3.253335e-02  1.351026e+01  3.253335e-02 
   77860926   3.985831e+00   1.183375e-01   3.985831e+00   1.183375e-01 223200606200358110      21595      29868     0 2453906.668125  1.349870e+01  3.223514e-02  1.349870e+01  3.223514e-02 
   77860991   3.953114e+00   1.184543e-01   3.953114e+00   1.184543e-01 223200606200359170      21580      29898     0 2453906.668877  1.350765e+01  3.253398e-02  1.350765e+01  3.253398e-02 
   77947115   4.095291e+00   1.234070e-01   4.095291e+00   1.234070e-01 223200606210354360      21589      29869     0 2453907.665683  1.346929e+01  3.271757e-02  1.346929e+01  3.271757e-02 
   77947169   4.010506e+00   1.226539e-01   4.010506e+00   1.226539e-01 223200606210355300      21589      29870     0 2453907.666308  1.349200e+01  3.320534e-02  1.349200e+01  3.320534e-02 
   77947247   4.202201e+00   1.245196e-01   4.202201e+00   1.245196e-01 223200606210356480      21576      29899     0 2453907.667211  1.344131e+01  3.217265e-02  1.344131e+01  3.217265e-02 
   77947314   4.036304e+00   1.232075e-01   4.036304e+00   1.232075e-01 223200606210357550      21588      29871     0 2453907.667986  1.348504e+01  3.314204e-02  1.348504e+01  3.314204e-02 
   78120026   3.954314e+00   1.101200e-01   3.954314e+00   1.101200e-01 223200606230356210      21582      29851     0 2453909.666968  1.350732e+01  3.023576e-02  1.350732e+01  3.023576e-02 
   78120080   3.919352e+00   1.093724e-01   3.919352e+00   1.093724e-01 223200606230357150      21581      29852     0 2453909.667593  1.351696e+01  3.029838e-02  1.351696e+01  3.029838e-02 
   78120228   3.790268e+00   1.094885e-01   3.790268e+00   1.094885e-01 223200606230359440      21568      29866     0 2453909.669306  1.355333e+01  3.136349e-02  1.355333e+01  3.136349e-02 
   78120290   3.755982e+00   1.092933e-01   3.755982e+00   1.092933e-01 223200606230400460      21579      29840     0 2453909.670023  1.356319e+01  3.159337e-02  1.356319e+01  3.159337e-02 
   78206486   3.864198e+00   1.118855e-01   3.864198e+00   1.118855e-01 223200606240357190      21597      29839     0 2453910.667662  1.353235e+01  3.143693e-02  1.353235e+01  3.143693e-02 
   78206545   3.957549e+00   1.130674e-01   3.957549e+00   1.130674e-01 223200606240358180      21594      29842     0 2453910.668345  1.350643e+01  3.101966e-02  1.350643e+01  3.101966e-02 
   78206620   3.794609e+00   1.132557e-01   3.794609e+00   1.132557e-01 223200606240359320      21575      29876     0 2453910.669213  1.355208e+01  3.240552e-02  1.355208e+01  3.240552e-02 
   78206679   3.977654e+00   1.129984e-01   3.977654e+00   1.129984e-01 223200606240400310      21580      29857     0 2453910.669896  1.350093e+01  3.084403e-02  1.350093e+01  3.084403e-02 
   78292926   3.785904e+00   1.049353e-01   3.785904e+00   1.049353e-01 223200606250357560      21598      29821     0 2453911.668125  1.355458e+01  3.009387e-02  1.355458e+01  3.009387e-02 
   78292980   3.961076e+00   1.058186e-01   3.961076e+00   1.058186e-01 223200606250358490      21592      29829     0 2453911.668750  1.350547e+01  2.900511e-02  1.350547e+01  2.900511e-02 
   78293031   3.834602e+00   1.044941e-01   3.834602e+00   1.044941e-01 223200606250359400      21581      29842     0 2453911.669340  1.354070e+01  2.958677e-02  1.354070e+01  2.958677e-02 
   78293093   3.867594e+00   1.048528e-01   3.867594e+00   1.048528e-01 223200606250400430      21581      29840     0 2453911.670058  1.353140e+01  2.943506e-02  1.353140e+01  2.943506e-02 
   78724997   3.925870e+00   1.077889e-01   3.925870e+00   1.077889e-01 223200606300358520      21593      29830     0 2453916.668947  1.351516e+01  2.981015e-02  1.351516e+01  2.981015e-02 
   78725074   3.646708e+00   1.070852e-01   3.646708e+00   1.070852e-01 223200606300400090      21608      29797     0 2453916.669838  1.359525e+01  3.188265e-02  1.359525e+01  3.188265e-02 
   78725121   3.575741e+00   1.067818e-01   3.575741e+00   1.067818e-01 223200606300400570      21608      29796     0 2453916.670382  1.361658e+01  3.242328e-02  1.361658e+01  3.242328e-02 
   78725185   3.596393e+00   1.067042e-01   3.596393e+00   1.067042e-01 223200606300402000      21609      29793     0 2453916.671123  1.361033e+01  3.221367e-02  1.361033e+01  3.221367e-02 
   78811433   3.755407e+00   1.104350e-01   3.755407e+00   1.104350e-01 223200607010359260      21600      29791     0 2453917.669363  1.356336e+01  3.192827e-02  1.356336e+01  3.192827e-02 
   78811512   3.703839e+00   1.113449e-01   3.703839e+00   1.113449e-01 223200607010400450      21588      29817     0 2453917.670278  1.357837e+01  3.263955e-02  1.357837e+01  3.263955e-02 
   78811577   3.770798e+00   1.106153e-01   3.770798e+00   1.106153e-01 223200607010401510      21602      29786     0 2453917.671030  1.355892e+01  3.184986e-02  1.355892e+01  3.184986e-02 
   78811628   3.611543e+00   1.106787e-01   3.611543e+00   1.106787e-01 223200607010402420      21602      29784     0 2453917.671620  1.360577e+01  3.327340e-02  1.360577e+01  3.327340e-02 
   78897700   2.257826e-06   1.029297e-07   2.257826e-06   1.029297e-07 223200607020357100       6345      17633     0 2453918.667824  2.911577e+01  4.949669e-02  2.911577e+01  4.949669e-02 
   78897845   3.637226e+00   2.717611e-01   3.637226e+00   2.717611e-01 223200607020359350      21610      29781     0 2453918.669502  1.359807e+01  8.112276e-02  1.359807e+01  8.112276e-02 
   78897904   4.314698e+00   5.232097e-01   4.314698e+00   5.232097e-01 223200607020400340      21612      29780     0 2453918.670185  1.341262e+01  1.316592e-01  1.341262e+01  1.316592e-01 
   78897958   5.392840e+00   3.034117e-01   5.392840e+00   3.034117e-01 223200607020401280      21611      29777     0 2453918.670810  1.317046e+01  6.108585e-02  1.317046e+01  6.108585e-02 
   78898031   4.421864e+00   1.843884e-01   4.421864e+00   1.843884e-01 223200607020402420      21598      29804     0 2453918.671655  1.338599e+01  4.527455e-02  1.338599e+01  4.527455e-02 
   78984110   2.674467e-06   7.374951e-08   2.674467e-06   7.374951e-08 223200607030357190       6361      17589     0 2453919.667940  2.893191e+01  2.993972e-02  2.893191e+01  2.993972e-02 
   78984247   3.667501e+00   1.062691e-01   3.667501e+00   1.062691e-01 223200607030359350      21619      29767     0 2453919.669525  1.358907e+01  3.146027e-02  1.358907e+01  3.146027e-02 
   78984301   3.805546e+00   1.060347e-01   3.805546e+00   1.060347e-01 223200607030400290      21621      29765     0 2453919.670150  1.354896e+01  3.025218e-02  1.354896e+01  3.025218e-02 
   78984359   3.640873e+00   1.052190e-01   3.640873e+00   1.052190e-01 223200607030401270      21621      29763     0 2453919.670822  1.359699e+01  3.137723e-02  1.359699e+01  3.137723e-02 
   78984414   3.819112e+00   1.061141e-01   3.819112e+00   1.061141e-01 223200607030402220      21621      29761     0 2453919.671458  1.354509e+01  3.016730e-02  1.354509e+01  3.016730e-02 
   79070436   2.903370e-06   7.448550e-08   2.903370e-06   7.448550e-08 223200607040356030       6354      17580     0 2453920.667083  2.884274e+01  2.785449e-02  2.884274e+01  2.785449e-02 
   79070571   3.614423e+00   1.029878e-01   3.614423e+00   1.029878e-01 223200607040358180      21616      29748     0 2453920.668646  1.360490e+01  3.093659e-02  1.360490e+01  3.093659e-02 
   79070617   3.735307e+00   1.030980e-01   3.735307e+00   1.030980e-01 223200607040359040      21617      29746     0 2453920.669178  1.356918e+01  2.996746e-02  1.356918e+01  2.996746e-02 
   79070683  -9.640055e+00   1.135201e-01  -9.640055e+00   1.135201e-01 223200607040400090      21618      29744     0 2453920.669942          null          null          null          null 
   79070735   3.662631e+00   1.028497e-01   3.662631e+00   1.028497e-01 223200607040401020      21618      29742     0 2453920.670544  1.359052e+01  3.048847e-02  1.359052e+01  3.048847e-02 
   79414749   2.664186e-06   7.250568e-08   2.664186e-06   7.250568e-08 223200607080334260       6345      17611     0 2453924.652188  2.893609e+01  2.954836e-02  2.893609e+01  2.954836e-02 
   79416002   3.846857e+00   1.073265e-01   3.846857e+00   1.073265e-01 223200607080355190      21610      29733     0 2453924.666690  1.353724e+01  3.029191e-02  1.353724e+01  3.029191e-02 
   79416159   3.710260e+00   1.057178e-01   3.710260e+00   1.057178e-01 223200607080357570      21603      29760     0 2453924.668507  1.357649e+01  3.093639e-02  1.357649e+01  3.093639e-02 
   79416226   3.754124e+00   1.053696e-01   3.754124e+00   1.053696e-01 223200607080359030      21617      29728     0 2453924.669282  1.356373e+01  3.047422e-02  1.356373e+01  3.047422e-02 
   79416284   3.784059e+00   1.061189e-01   3.784059e+00   1.061189e-01 223200607080400010      21618      29726     0 2453924.669954  1.355511e+01  3.044813e-02  1.355511e+01  3.044813e-02 
   79502490   4.353456e+00   1.617625e-01   4.353456e+00   1.617625e-01 223200607090356460      21622      29727     0 2453925.667708  1.340291e+01  4.034312e-02  1.340291e+01  4.034312e-02 
   79502542   4.448439e+00   1.607605e-01   4.448439e+00   1.607605e-01 223200607090357380      21622      29726     0 2453925.668310  1.337948e+01  3.923715e-02  1.337948e+01  3.923715e-02 
   79502611   4.368191e+00   1.569490e-01   4.368191e+00   1.569490e-01 223200607090358470      21622      29722     0 2453925.669109  1.339925e+01  3.901062e-02  1.339925e+01  3.901062e-02 
   79502765   4.442640e+00   1.540055e-01   4.442640e+00   1.540055e-01 223200607090401200      21619      29705     0 2453925.670891  1.338090e+01  3.763752e-02  1.338090e+01  3.763752e-02 
   80278246   4.697361e+00   1.662370e-01   4.697361e+00   1.662370e-01 223200607180325470      21647      29688     0 2453934.646366  1.332036e+01  3.842373e-02  1.332036e+01  3.842373e-02 
   80278308   4.688574e+00   1.651318e-01   4.688574e+00   1.651318e-01 223200607180326500      21660      29656     0 2453934.647083  1.332240e+01  3.823981e-02  1.332240e+01  3.823981e-02 
   80278383   3.866356e+00   2.185877e-01   3.866356e+00   2.185877e-01 223200607180328050      21645      29683     0 2453934.647951  1.353174e+01  6.138324e-02  1.353174e+01  6.138324e-02 
   80278461   4.942449e+00   2.185116e-01   4.942449e+00   2.185116e-01 223200607180329220      21660      29652     0 2453934.648854  1.326514e+01  4.800187e-02  1.326514e+01  4.800187e-02 
   80364338   3.902247e+00   1.276574e-01   3.902247e+00   1.276574e-01 223200607190320380      21653      29668     0 2453935.642801  1.352171e+01  3.551869e-02  1.352171e+01  3.551869e-02 
   80364394   4.004569e+00   1.272287e-01   4.004569e+00   1.272287e-01 223200607190321350      21653      29667     0 2453935.643449  1.349361e+01  3.449491e-02  1.349361e+01  3.449491e-02 
   80364454   3.795251e+00   1.261591e-01   3.795251e+00   1.261591e-01 223200607190322340      21652      29665     0 2453935.644144  1.355190e+01  3.609141e-02  1.355190e+01  3.609141e-02 
   80364515   3.861913e+00   1.270438e-01   3.861913e+00   1.270438e-01 223200607190323360      21652      29663     0 2453935.644850  1.353299e+01  3.571714e-02  1.353299e+01  3.571714e-02 
   80450554   3.858582e+00   1.162073e-01   3.858582e+00   1.162073e-01 223200607200317340      21657      29659     0 2453936.640671  1.353393e+01  3.269879e-02  1.353393e+01  3.269879e-02 
   80450615   4.128293e+00   1.170826e-01   4.128293e+00   1.170826e-01 223200607200318350      21656      29658     0 2453936.641377  1.346057e+01  3.079269e-02  1.346057e+01  3.079269e-02 
   80450679   3.831330e+00   1.159931e-01   3.831330e+00   1.159931e-01 223200607200319380      21656      29656     0 2453936.642118  1.354163e+01  3.287066e-02  1.354163e+01  3.287066e-02 
   80450736   3.955991e+00   1.169508e-01   3.955991e+00   1.169508e-01 223200607200320360      21656      29654     0 2453936.642778  1.350686e+01  3.209769e-02  1.350686e+01  3.209769e-02 
   80967487   3.567993e+00   1.023619e-01   3.567993e+00   1.023619e-01 223200607260253020      21614      29694     0 2453942.623692  1.361894e+01  3.114873e-02  1.361894e+01  3.114873e-02 
   80967546   3.687727e+00   1.023457e-01   3.687727e+00   1.023457e-01 223200607260254000      21615      29693     0 2453942.624375  1.358310e+01  3.013259e-02  1.358310e+01  3.013259e-02 
   80967606   3.700081e+00   1.027869e-01   3.700081e+00   1.027869e-01 223200607260255010      21615      29690     0 2453942.625069  1.357947e+01  3.016145e-02  1.357947e+01  3.016145e-02 
   80967662   3.522812e+00   1.017824e-01   3.522812e+00   1.017824e-01 223200607260255560      21616      29688     0 2453942.625718  1.363278e+01  3.136962e-02  1.363278e+01  3.136962e-02 
   81053707   3.728250e+00   1.129535e-01   3.728250e+00   1.129535e-01 223200607270250020      21611      29690     0 2453943.621609  1.357124e+01  3.289429e-02  1.357124e+01  3.289429e-02 
   81053769   3.841436e+00   1.174205e-01   3.841436e+00   1.174205e-01 223200607270251040      21612      29688     0 2453943.622326  1.353877e+01  3.318764e-02  1.353877e+01  3.318764e-02 
   81053825   3.670609e+00   1.142406e-01   3.670609e+00   1.142406e-01 223200607270251590      21612      29686     0 2453943.622975  1.358815e+01  3.379158e-02  1.358815e+01  3.379158e-02 
   81053887   3.778720e+00   1.125073e-01   3.778720e+00   1.125073e-01 223200607270253010      21612      29683     0 2453943.623692  1.355664e+01  3.232673e-02  1.355664e+01  3.232673e-02 
   81139885   4.147915e+00   7.164820e-01   4.147915e+00   7.164820e-01 223200607280246190      21627      29684     0 2453944.619039  1.345543e+01  1.875432e-01  1.345543e+01  1.875432e-01 
   81139944   6.530833e-01   1.174848e+00   6.530833e-01   1.174848e+00 223200607280247170      21627      29681     0 2453944.619722  1.546258e+01  1.953165e+00  1.546258e+01  1.953165e+00 
   81139998   4.125843e+00   7.590810e-01   4.125843e+00   7.590810e-01 223200607280248110      21627      29679     0 2453944.620347  1.346122e+01  1.997567e-01  1.346122e+01  1.997567e-01 
   81140052   4.688241e+00   5.067343e-01   4.688241e+00   5.067343e-01 223200607280249060      21628      29677     0 2453944.620972  1.332248e+01  1.173536e-01  1.332248e+01  1.173536e-01 
   82346120   5.197265e+00   3.982300e-01   5.197265e+00   3.982300e-01 223200608110150170      21605      29733     0 2453958.580093  1.321056e+01  8.319264e-02  1.321056e+01  8.319264e-02 
   82346176   4.659599e+00   3.970888e-01   4.659599e+00   3.970888e-01 223200608110151120      21608      29731     0 2453958.580741  1.332913e+01  9.252624e-02  1.332913e+01  9.252624e-02 
   82346231   5.344865e+00   3.982021e-01   5.344865e+00   3.982021e-01 223200608110152070      21608      29727     0 2453958.581377  1.318016e+01  8.088959e-02  1.318016e+01  8.088959e-02 
   82346290   4.743242e+00   3.975304e-01   4.743242e+00   3.975304e-01 223200608110153070      21608      29725     0 2453958.582060  1.330981e+01  9.099570e-02  1.330981e+01  9.099570e-02 
   82518476   4.647132e+00   2.505449e-01   4.647132e+00   2.505449e-01 223200608130142530      21625      29694     0 2453960.574954  1.333204e+01  5.853646e-02  1.333204e+01  5.853646e-02 
   82518535   4.743920e+00   2.506698e-01   4.743920e+00   2.506698e-01 223200608130143520      21626      29692     0 2453960.575637  1.330966e+01  5.737074e-02  1.330966e+01  5.737074e-02 
   82518597   5.006397e+00   2.516898e-01   5.006397e+00   2.516898e-01 223200608130144550      21625      29687     0 2453960.576354  1.325119e+01  5.458411e-02  1.325119e+01  5.458411e-02 
   82518675   4.817681e+00   2.514935e-01   4.817681e+00   2.514935e-01 223200608130146120      21611      29713     0 2453960.577257  1.329290e+01  5.667800e-02  1.329290e+01  5.667800e-02 
   82604657   4.744848e+00   2.008231e-01   4.744848e+00   2.008231e-01 223200608140139160      21612      29720     0 2453961.572419  1.330944e+01  4.595334e-02  1.330944e+01  4.595334e-02 
   82604713   4.504817e+00   2.020079e-01   4.504817e+00   2.020079e-01 223200608140140120      21619      29717     0 2453961.573067  1.336581e+01  4.868745e-02  1.336581e+01  4.868745e-02 
   82604770   4.468816e+00   2.021017e-01   4.468816e+00   2.021017e-01 223200608140141080      21632      29714     0 2453961.573727  1.337452e+01  4.910246e-02  1.337452e+01  4.910246e-02 
   82604824   4.608479e+00   2.044336e-01   4.608479e+00   2.044336e-01 223200608140142030      21632      29713     0 2453961.574352  1.334111e+01  4.816377e-02  1.334111e+01  4.816377e-02 
   82863129   4.217475e+00   1.347956e-01   4.217475e+00   1.347956e-01 223200608170127120      21604      29730     0 2453964.563993  1.343737e+01  3.470156e-02  1.343737e+01  3.470156e-02 
   82863197   4.177937e+00   1.352237e-01   4.177937e+00   1.352237e-01 223200608170128190      21622      29694     0 2453964.564780  1.344760e+01  3.514120e-02  1.344760e+01  3.514120e-02 
   82863253   4.192384e+00   1.354776e-01   4.192384e+00   1.354776e-01 223200608170129150      21622      29692     0 2453964.565428  1.344385e+01  3.508587e-02  1.344385e+01  3.508587e-02 
   82863313   4.191041e+00   1.356729e-01   4.191041e+00   1.356729e-01 223200608170130160      21623      29690     0 2453964.566123  1.344419e+01  3.514772e-02  1.344419e+01  3.514772e-02 
   82949302   3.688445e+00   1.056098e-01   3.688445e+00   1.056098e-01 223200608180123250      21620      29669     0 2453965.561366  1.358289e+01  3.108756e-02  1.358289e+01  3.108756e-02 
   82949364   3.547085e+00   1.058037e-01   3.547085e+00   1.058037e-01 223200608180124270      21622      29669     0 2453965.562083  1.362532e+01  3.238585e-02  1.362532e+01  3.238585e-02 
   82949427   3.762833e+00   1.061293e-01   3.762833e+00   1.061293e-01 223200608180125310      21622      29665     0 2453965.562813  1.356121e+01  3.062290e-02  1.356121e+01  3.062290e-02 
   82949518   3.785061e+00   1.072085e-01   3.785061e+00   1.072085e-01 223200608180127020      21609      29690     0 2453965.563866  1.355482e+01  3.075262e-02  1.355482e+01  3.075262e-02 
   83724726   3.749654e+00   1.037005e-01   3.749654e+00   1.037005e-01 223200608270047250      21589      29727     0 2453974.536181  1.356502e+01  3.002723e-02  1.356502e+01  3.002723e-02 
   83724790   3.768976e+00   1.041341e-01   3.768976e+00   1.041341e-01 223200608270048280      21601      29689     0 2453974.536921  1.355944e+01  2.999821e-02  1.355944e+01  2.999821e-02 
   83724865   3.773367e+00   1.038897e-01   3.773367e+00   1.038897e-01 223200608270049440      21588      29715     0 2453974.537789  1.355818e+01  2.989299e-02  1.355818e+01  2.989299e-02 
   83724927   3.877126e+00   1.035132e-01   3.877126e+00   1.035132e-01 223200608270050460      21601      29682     0 2453974.538507  1.352872e+01  2.898757e-02  1.352872e+01  2.898757e-02 
   83810892   3.508834e+00   9.980705e-02   3.508834e+00   9.980705e-02 223200608280043330      21598      29714     0 2453975.533472  1.363709e+01  3.088333e-02  1.363709e+01  3.088333e-02 
   83810944   3.480127e+00   9.893253e-02   3.480127e+00   9.893253e-02 223200608280044250      21599      29712     0 2453975.534074  1.364601e+01  3.086526e-02  1.364601e+01  3.086526e-02 
   83811015   3.616976e+00   9.944902e-02   3.616976e+00   9.944902e-02 223200608280045350      21598      29708     0 2453975.534896  1.360414e+01  2.985250e-02  1.360414e+01  2.985250e-02 
   83811072   3.691001e+00   1.004514e-01   3.691001e+00   1.004514e-01 223200608280046320      21598      29706     0 2453975.535556  1.358214e+01  2.954864e-02  1.358214e+01  2.954864e-02 
   84328722   4.432293e+00   2.921257e-01   4.432293e+00   2.921257e-01 223200609030034170      21595      29643     0 2453981.526875  1.338343e+01  7.155947e-02  1.338343e+01  7.155947e-02 
   84328794   4.614524e+00   2.983210e-01   4.614524e+00   2.983210e-01 223200609030035280      21581      29668     0 2453981.527708  1.333968e+01  7.019122e-02  1.333968e+01  7.019122e-02 
   84328861   4.819386e+00   3.033127e-01   4.819386e+00   3.033127e-01 223200609030036350      21590      29630     0 2453981.528484  1.329252e+01  6.833210e-02  1.329252e+01  6.833210e-02 
   84328918   4.622649e+00   2.953172e-01   4.622649e+00   2.953172e-01 223200609030037320      21591      29628     0 2453981.529144  1.333777e+01  6.936233e-02  1.333777e+01  6.936233e-02 
   84500228   4.996053e+00   4.657198e-01   4.996053e+00   4.657198e-01 223200609050012480      21594      29711     0 2453983.511898  1.325343e+01  1.012100e-01  1.325343e+01  1.012100e-01 
   84500288   5.199328e+00   4.665352e-01   5.199328e+00   4.665352e-01 223200609050013480      21595      29708     0 2453983.512593  1.321013e+01  9.742334e-02  1.321013e+01  9.742334e-02 
   84500350   5.409718e+00   4.689026e-01   5.409718e+00   4.689026e-01 223200609050014500      21595      29704     0 2453983.513310  1.316706e+01  9.410957e-02  1.316706e+01  9.410957e-02 
   84500428   5.419131e+00   4.627766e-01   5.419131e+00   4.627766e-01 223200609050016080      21581      29730     0 2453983.514213  1.316518e+01  9.271875e-02  1.316518e+01  9.271875e-02 
   84844899   4.845284e+00   6.204054e-01   4.845284e+00   6.204054e-01 223200609082357310      21600      29718     0 2453987.501146  1.328670e+01  1.390216e-01  1.328670e+01  1.390216e-01 
   84844955   5.232481e+00   6.127819e-01   5.232481e+00   6.127819e-01 223200609082358260      21601      29714     0 2453987.501794  1.320323e+01  1.271523e-01  1.320323e+01  1.271523e-01 
   84845012   5.159615e+00   6.066790e-01   5.159615e+00   6.066790e-01 223200609082359230      21600      29712     0 2453987.502454  1.321846e+01  1.276637e-01  1.321846e+01  1.276637e-01 
   85017198   4.729298e+00   3.257707e-01   4.729298e+00   3.257707e-01 223200609102349160      21588      29671     0 2453989.495347  1.331301e+01  7.478961e-02  1.331301e+01  7.478961e-02 
   85017265   4.694057e+00   3.867180e-01   4.694057e+00   3.867180e-01 223200609102350220      21590      29668     0 2453989.496123  1.332113e+01  8.944825e-02  1.332113e+01  8.944825e-02 
   85017324   4.598226e+00   3.640776e-01   4.598226e+00   3.640776e-01 223200609102351210      21589      29666     0 2453989.496806  1.334352e+01  8.596654e-02  1.334352e+01  8.596654e-02 
   85017382   4.879245e+00   3.776057e-01   4.879245e+00   3.776057e-01 223200609102352200      21587      29659     0 2453989.497477  1.327912e+01  8.402564e-02  1.327912e+01  8.402564e-02 
   85361788   3.727919e+00   1.016833e-01   3.727919e+00   1.016833e-01 223200609142332380      21585      29623     0 2453993.483657  1.357133e+01  2.961482e-02  1.357133e+01  2.961482e-02 
   85361845   3.546085e+00   1.006796e-01   3.546085e+00   1.006796e-01 223200609142333360      21586      29621     0 2453993.484317  1.362563e+01  3.082608e-02  1.362563e+01  3.082608e-02 
   85361906   3.724180e+00   1.009556e-01   3.724180e+00   1.009556e-01 223200609142334370      21586      29618     0 2453993.485023  1.357242e+01  2.943240e-02  1.357242e+01  2.943240e-02 
   85361981   3.606695e+00   1.011389e-01   3.606695e+00   1.011389e-01 223200609142335520      21572      29643     0 2453993.485891  1.360723e+01  3.044630e-02  1.360723e+01  3.044630e-02 
   85620684   3.667871e+00   1.135274e-01   3.667871e+00   1.135274e-01 223200609172327440      21550      29635     0 2453996.480139  1.358896e+01  3.360565e-02  1.358896e+01  3.360565e-02 
   85620743   3.811392e+00   1.135190e-01   3.811392e+00   1.135190e-01 223200609172328430      21550      29632     0 2453996.480822  1.354729e+01  3.233783e-02  1.354729e+01  3.233783e-02 
   85620806   3.740787e+00   1.136885e-01   3.740787e+00   1.136885e-01 223200609172329460      21549      29628     0 2453996.481551  1.356759e+01  3.299737e-02  1.356759e+01  3.299737e-02 
   85620860   3.787096e+00   1.147589e-01   3.787096e+00   1.147589e-01 223200609172330410      21549      29626     0 2453996.482176  1.355423e+01  3.290075e-02  1.355423e+01  3.290075e-02 
   85706479   3.683929e+00   1.115929e-01   3.683929e+00   1.115929e-01 223200609182317440      21547      29609     0 2453997.473137  1.358422e+01  3.288904e-02  1.358422e+01  3.288904e-02 
   85706542   3.734116e+00   1.124202e-01   3.734116e+00   1.124202e-01 223200609182318460      21560      29581     0 2453997.473866  1.356953e+01  3.268754e-02  1.356953e+01  3.268754e-02 
   85706597   3.709167e+00   1.114402e-01   3.709167e+00   1.114402e-01 223200609182319410      21561      29579     0 2453997.474502  1.357681e+01  3.262054e-02  1.357681e+01  3.262054e-02 
   85706674   3.702124e+00   1.115393e-01   3.702124e+00   1.115393e-01 223200609182320580      21547      29607     0 2453997.475394  1.357887e+01  3.271168e-02  1.357887e+01  3.271168e-02 
   85878792   3.988592e+00   1.115943e-01   3.988592e+00   1.115943e-01 223200609202309430      21555      29662     0 2453999.467500  1.349795e+01  3.037724e-02  1.349795e+01  3.037724e-02 
   85878849   3.662448e+00   1.116737e-01   3.662448e+00   1.116737e-01 223200609202310400      21557      29659     0 2453999.468160  1.359057e+01  3.310589e-02  1.359057e+01  3.310589e-02 
   85878910   3.826545e+00   1.118258e-01   3.826545e+00   1.118258e-01 223200609202311410      21558      29656     0 2453999.468866  1.354298e+01  3.172933e-02  1.354298e+01  3.172933e-02 
   85878970   3.842654e+00   1.125025e-01   3.842654e+00   1.125025e-01 223200609202312420      21558      29654     0 2453999.469560  1.353842e+01  3.178753e-02  1.353842e+01  3.178753e-02 
   85964914   3.829422e+00   1.042745e-01   3.829422e+00   1.042745e-01 223200609212305090      21567      29658     0 2454000.464282  1.354217e+01  2.956452e-02  1.354217e+01  2.956452e-02 
   85965067   3.725037e+00   1.031143e-01   3.725037e+00   1.031143e-01 223200609212307420      21569      29651     0 2454000.466053  1.357217e+01  3.005482e-02  1.357217e+01  3.005482e-02 
   85965130   3.738744e+00   1.028241e-01   3.738744e+00   1.028241e-01 223200609212308460      21570      29649     0 2454000.466782  1.356819e+01  2.986036e-02  1.356819e+01  2.986036e-02 
   85965186   3.714828e+00   1.026059e-01   3.714828e+00   1.026059e-01 223200609212309410      21570      29647     0 2454000.467431  1.357515e+01  2.998882e-02  1.357515e+01  2.998882e-02 
   86405024   3.924377e+00   1.101401e-01   3.924377e+00   1.101401e-01 223200609270120390      21419      29312     0 2454005.558148  1.351557e+01  3.047199e-02  1.351557e+01  3.047199e-02 
   86405085   3.735137e+00   1.119886e-01   3.735137e+00   1.119886e-01 223200609270121400      21432      29281     0 2454005.558854  1.356923e+01  3.255315e-02  1.356923e+01  3.255315e-02 
   86405153   4.067956e+00   1.141458e-01   4.067956e+00   1.141458e-01 223200609270122490      21430      29278     0 2454005.559641  1.347656e+01  3.046560e-02  1.347656e+01  3.046560e-02 
   86405214   3.697795e+00   1.137675e-01   3.697795e+00   1.137675e-01 223200609270123490      21430      29276     0 2454005.560347  1.358014e+01  3.340423e-02  1.358014e+01  3.340423e-02 
   87688183   3.608760e+00   8.801051e-02   3.608760e+00   8.801051e-02 223200610112147440      21250      29450     0 2454020.409525  1.360660e+01  2.647904e-02  1.360660e+01  2.647904e-02 
   87688257   3.622262e+00   8.801590e-02   3.622262e+00   8.801590e-02 223200610112148580      21262      29417     0 2454020.410382  1.360255e+01  2.638196e-02  1.360255e+01  2.638196e-02 
   87688311   3.587073e+00   8.803596e-02   3.587073e+00   8.803596e-02 223200610112149520      21262      29414     0 2454020.411007  1.361315e+01  2.664684e-02  1.361315e+01  2.664684e-02 
   87860527   3.734934e+00   9.726218e-02   3.734934e+00   9.726218e-02 223200610132140170      21216      29471     0 2454022.404248  1.356929e+01  2.827398e-02  1.356929e+01  2.827398e-02 
   87860594   3.779685e+00   9.730677e-02   3.779685e+00   9.730677e-02 223200610132141240      21216      29467     0 2454022.405023  1.355636e+01  2.795203e-02  1.355636e+01  2.795203e-02 
   87860650   3.585274e+00   9.697340e-02   3.585274e+00   9.697340e-02 223200610132142200      21215      29465     0 2454022.405671  1.361369e+01  2.936677e-02  1.361369e+01  2.936677e-02 
   87860710   3.573395e+00   9.712857e-02   3.573395e+00   9.712857e-02 223200610132143190      21215      29463     0 2454022.406366  1.361730e+01  2.951153e-02  1.361730e+01  2.951153e-02 
   88033137   3.532438e+00   9.288140e-02   3.532438e+00   9.288140e-02 223200610152137170      21210      29503     0 2454024.402049  1.362981e+01  2.854828e-02  1.362981e+01  2.854828e-02 
   88033198   3.664523e+00   9.378620e-02   3.664523e+00   9.378620e-02 223200610152138180      21209      29497     0 2454024.402755  1.358996e+01  2.778737e-02  1.358996e+01  2.778737e-02 
   88033253   3.661343e+00   9.388033e-02   3.661343e+00   9.388033e-02 223200610152139130      21208      29493     0 2454024.403391  1.359090e+01  2.783941e-02  1.359090e+01  2.783941e-02 
   88033312   3.625457e+00   9.323018e-02   3.625457e+00   9.323018e-02 223200610152140120      21208      29489     0 2454024.404074  1.360159e+01  2.792027e-02  1.360159e+01  2.792027e-02 
   88377456   3.582257e+00   9.608773e-02   3.582257e+00   9.608773e-02 223200610192116140      21193      29520     0 2454028.387222  1.361461e+01  2.912306e-02  1.361461e+01  2.912306e-02 
   88377508   3.668310e+00   9.698011e-02   3.668310e+00   9.698011e-02 223200610192117070      21193      29517     0 2454028.387824  1.358883e+01  2.870401e-02  1.358883e+01  2.870401e-02 
   88377593   3.509817e+00   9.681657e-02   3.509817e+00   9.681657e-02 223200610192118310      21179      29543     0 2454028.388808  1.363679e+01  2.994960e-02  1.363679e+01  2.994960e-02 
   88377655   3.733601e+00   9.733000e-02   3.733601e+00   9.733000e-02 223200610192119340      21178      29540     0 2454028.389525  1.356968e+01  2.830380e-02  1.356968e+01  2.830380e-02 
   88463620   3.792874e+00   9.471845e-02   3.792874e+00   9.471845e-02 223200610202112230      21221      29469     0 2454029.384491  1.355258e+01  2.711390e-02  1.355258e+01  2.711390e-02 
   88463692   3.776917e+00   9.487019e-02   3.776917e+00   9.487019e-02 223200610202113350      21218      29465     0 2454029.385324  1.355716e+01  2.727208e-02  1.355716e+01  2.727208e-02 
   88463755   3.901943e+00   9.571041e-02   3.901943e+00   9.571041e-02 223200610202114380      21218      29463     0 2454029.386053  1.352180e+01  2.663202e-02  1.352180e+01  2.663202e-02 
   88463814   3.804676e+00   9.497484e-02   3.804676e+00   9.497484e-02 223200610202115380      21217      29461     0 2454029.386736  1.354921e+01  2.710296e-02  1.354921e+01  2.710296e-02 
   88551567   3.727773e+00   1.029774e-01   3.727773e+00   1.029774e-01 223200610212138150      21211      29416     0 2454030.402396  1.357138e+01  2.999289e-02  1.357138e+01  2.999289e-02 
   88551699   3.823268e+00   1.031802e-01   3.823268e+00   1.031802e-01 223200610212140270      21207      29406     0 2454030.403924  1.354391e+01  2.930134e-02  1.354391e+01  2.930134e-02 
   88551771   3.878160e+00   1.037446e-01   3.878160e+00   1.037446e-01 223200610212141400      21192      29432     0 2454030.404757  1.352844e+01  2.904462e-02  1.352844e+01  2.904462e-02 
   88637628   2.691341e+00   1.091665e+00   2.691341e+00   1.091665e+00 223200610222132420      21198      29463     0 2454031.398472  1.392508e+01  4.403989e-01  1.392508e+01  4.403989e-01 
   88637838   2.609717e+00   2.132580e+00   2.609717e+00   2.132580e+00 223200610222136110      21192      29451     0 2454031.400903  1.395852e+01  8.872330e-01  1.395852e+01  8.872330e-01 
   88722118   3.648390e+00   9.618973e-02   3.648390e+00   9.618973e-02 223200610232100550      21203      29503     0 2454032.376366  1.359475e+01  2.862552e-02  1.359475e+01  2.862552e-02 
   88722172   3.758347e+00   9.699088e-02   3.758347e+00   9.699088e-02 223200610232101500      21203      29500     0 2454032.376991  1.356251e+01  2.801947e-02  1.356251e+01  2.801947e-02 
   88722234   3.725424e+00   9.727915e-02   3.725424e+00   9.727915e-02 223200610232102520      21203      29498     0 2454032.377708  1.357206e+01  2.835110e-02  1.357206e+01  2.835110e-02 
   88722301   3.736768e+00   9.767376e-02   3.736768e+00   9.767376e-02 223200610232103590      21203      29495     0 2454032.378484  1.356876e+01  2.837969e-02  1.356876e+01  2.837969e-02 
   88980560   3.777487e+00   1.089911e-01   3.777487e+00   1.089911e-01 223200610262048320      21182      29574     0 2454035.367593  1.355699e+01  3.132664e-02  1.355699e+01  3.132664e-02 
   88980614   3.677781e+00   1.074650e-01   3.677781e+00   1.074650e-01 223200610262049260      21182      29570     0 2454035.368218  1.358603e+01  3.172540e-02  1.358603e+01  3.172540e-02 
   88980674   3.745031e+00   1.069904e-01   3.745031e+00   1.069904e-01 223200610262050270      21182      29568     0 2454035.368912  1.356636e+01  3.101811e-02  1.356636e+01  3.101811e-02 
   88980738   3.664120e+00   1.088703e-01   3.664120e+00   1.088703e-01 223200610262051300      21177      29559     0 2454035.369653  1.359008e+01  3.226010e-02  1.359008e+01  3.226010e-02 
   89066675   4.182187e+00   1.231968e-01   4.182187e+00   1.231968e-01 223200610272043520      21205      29543     0 2454036.364294  1.344649e+01  3.198319e-02  1.344649e+01  3.198319e-02 
   89066738   4.070417e+00   1.230083e-01   4.070417e+00   1.230083e-01 223200610272044550      21204      29541     0 2454036.365023  1.347590e+01  3.281115e-02  1.347590e+01  3.281115e-02 
   89066794   3.976279e+00   1.221267e-01   3.976279e+00   1.221267e-01 223200610272045520      21203      29537     0 2454036.365671  1.350131e+01  3.334723e-02  1.350131e+01  3.334723e-02 
   89066859   4.009669e+00   1.217377e-01   4.009669e+00   1.217377e-01 223200610272046560      21203      29535     0 2454036.366424  1.349223e+01  3.296419e-02  1.349223e+01  3.296419e-02 
   89152872   4.230482e+00   2.281234e-01   4.230482e+00   2.281234e-01 223200610282040350      21198      29551     0 2454037.361944  1.343403e+01  5.854716e-02  1.343403e+01  5.854716e-02 
   89152945   4.330315e+00   1.671018e-01   4.330315e+00   1.671018e-01 223200610282041480      21209      29515     0 2454037.362789  1.340870e+01  4.189745e-02  1.340870e+01  4.189745e-02 
   89153006   4.220174e+00   1.630844e-01   4.220174e+00   1.630844e-01 223200610282042490      21209      29513     0 2454037.363495  1.343667e+01  4.195734e-02  1.343667e+01  4.195734e-02 
   89238992   4.314101e+00   1.675463e-01   4.314101e+00   1.675463e-01 223200610292035590      21206      29502     0 2454038.358704  1.341277e+01  4.216677e-02  1.341277e+01  4.216677e-02 
   89239047   4.312315e+00   1.679157e-01   4.312315e+00   1.679157e-01 223200610292036550      21207      29499     0 2454038.359340  1.341322e+01  4.227724e-02  1.341322e+01  4.227724e-02 
   89239094   4.357502e+00   1.674745e-01   4.357502e+00   1.674745e-01 223200610292037410      21205      29491     0 2454038.359884  1.340191e+01  4.172889e-02  1.340191e+01  4.172889e-02 
   89239172   4.404474e+00   1.672399e-01   4.404474e+00   1.672399e-01 223200610292038590      21204      29489     0 2454038.360787  1.339026e+01  4.122604e-02  1.339026e+01  4.122604e-02 
   89411365   5.091043e+00   2.636100e-01   5.091043e+00   2.636100e-01 223200610312029020      21197      29507     0 2454040.353762  1.323298e+01  5.621872e-02  1.323298e+01  5.621872e-02 
   89411438   5.430222e+00   2.644756e-01   5.430222e+00   2.644756e-01 223200610312030160      21184      29530     0 2454040.354606  1.316296e+01  5.288031e-02  1.316296e+01  5.288031e-02 
   89411508   5.298816e+00   2.701907e-01   5.298816e+00   2.701907e-01 223200610312031250      21196      29495     0 2454040.355417  1.318955e+01  5.536272e-02  1.318955e+01  5.536272e-02 
   89411565   4.971259e+00   2.684358e-01   4.971259e+00   2.684358e-01 223200610312032230      21195      29491     0 2454040.356076  1.325883e+01  5.862730e-02  1.325883e+01  5.862730e-02 
   89506222   4.843335e+00   2.825068e-01   4.843335e+00   2.825068e-01 223200611012250050      21107      29138     0 2454041.451644  1.328714e+01  6.333011e-02  1.328714e+01  6.333011e-02 
   89506295   5.037538e+00   2.816857e-01   5.037538e+00   2.816857e-01 223200611012251190      21119      29103     0 2454041.452488  1.324445e+01  6.071169e-02  1.324445e+01  6.071169e-02 
   89506352   4.859336e+00   2.832029e-01   4.859336e+00   2.832029e-01 223200611012252160      21118      29100     0 2454041.453148  1.328356e+01  6.327710e-02  1.328356e+01  6.327710e-02 
   89506414   5.121411e+00   2.883970e-01   5.121411e+00   2.883970e-01 223200611012253170      21117      29098     0 2454041.453866  1.322653e+01  6.114021e-02  1.322653e+01  6.114021e-02 
   89842121   5.137412e+00   3.663131e-01   5.137412e+00   3.663131e-01 223200611052008420      21208      29505     0 2454045.339363  1.322314e+01  7.741655e-02  1.322314e+01  7.741655e-02 
   89842179   5.250569e+00   3.676518e-01   5.250569e+00   3.676518e-01 223200611052009400      21209      29501     0 2454045.340035  1.319948e+01  7.602496e-02  1.319948e+01  7.602496e-02 
   89842252   5.345144e+00   3.680099e-01   5.345144e+00   3.680099e-01 223200611052010530      21208      29497     0 2454045.340880  1.318010e+01  7.475253e-02  1.318010e+01  7.475253e-02 
   89842311   5.595286e+00   3.678745e-01   5.595286e+00   3.678745e-01 223200611052011520      21208      29495     0 2454045.341563  1.313044e+01  7.138439e-02  1.313044e+01  7.138439e-02 
   89928304   4.596326e+00   2.833605e-01   4.596326e+00   2.833605e-01 223200611062005110      21207      29527     0 2454046.336852  1.334397e+01  6.693516e-02  1.334397e+01  6.693516e-02 
   89928373   4.688138e+00   2.848633e-01   4.688138e+00   2.848633e-01 223200611062006190      21207      29523     0 2454046.337650  1.332250e+01  6.597234e-02  1.332250e+01  6.597234e-02 
   89928427   4.691926e+00   2.845050e-01   4.691926e+00   2.845050e-01 223200611062007140      21208      29521     0 2454046.338275  1.332162e+01  6.583617e-02  1.332162e+01  6.583617e-02 
   89928491   4.905779e+00   2.862578e-01   4.905779e+00   2.862578e-01 223200611062008180      21207      29517     0 2454046.339016  1.327323e+01  6.335416e-02  1.327323e+01  6.335416e-02 
   90014491   4.777487e+00   1.650735e-01   4.777487e+00   1.650735e-01 223200611072001430      21212      29536     0 2454047.334387  1.330200e+01  3.751490e-02  1.330200e+01  3.751490e-02 
   90014545   4.598617e+00   1.634346e-01   4.598617e+00   1.634346e-01 223200611072002370      21212      29533     0 2454047.335012  1.334343e+01  3.858715e-02  1.334343e+01  3.858715e-02 
   90014634   4.649358e+00   1.729735e-01   4.649358e+00   1.729735e-01 223200611072004050      21198      29558     0 2454047.336042  1.333152e+01  4.039359e-02  1.333152e+01  4.039359e-02 
   90014696   4.510047e+00   1.756063e-01   4.510047e+00   1.756063e-01 223200611072005080      21196      29554     0 2454047.336759  1.336455e+01  4.227511e-02  1.336455e+01  4.227511e-02 
   90272977   3.647054e+00   1.069984e-01   3.647054e+00   1.069984e-01 223200611101950030      21214      29516     0 2454050.326123  1.359514e+01  3.185379e-02  1.359514e+01  3.185379e-02 
   90273031   3.827197e+00   1.083200e-01   3.827197e+00   1.083200e-01 223200611101950570      21214      29512     0 2454050.326748  1.354280e+01  3.072936e-02  1.354280e+01  3.072936e-02 
   90273079   3.957769e+00   1.111124e-01   3.957769e+00   1.111124e-01 223200611101951450      21213      29510     0 2454050.327303  1.350637e+01  3.048160e-02  1.350637e+01  3.048160e-02 
   90273144   3.623830e+00   1.064404e-01   3.623830e+00   1.064404e-01 223200611101952500      21212      29506     0 2454050.328056  1.360208e+01  3.189072e-02  1.360208e+01  3.189072e-02 
   90617588   3.789338e+00   1.021086e-01   3.789338e+00   1.021086e-01 223200611141933540      21195      29545     0 2454054.314676  1.355359e+01  2.925666e-02  1.355359e+01  2.925666e-02 
   90617650   3.773906e+00   1.018775e-01   3.773906e+00   1.018775e-01 223200611141934560      21195      29541     0 2454054.315394  1.355802e+01  2.930980e-02  1.355802e+01  2.930980e-02 
   90617710   3.753995e+00   1.018327e-01   3.753995e+00   1.018327e-01 223200611141935570      21209      29508     0 2454054.316088  1.356377e+01  2.945232e-02  1.356377e+01  2.945232e-02 
   90617761   3.696800e+00   1.013057e-01   3.696800e+00   1.013057e-01 223200611141936470      21208      29507     0 2454054.316678  1.358043e+01  2.975321e-02  1.358043e+01  2.975321e-02 
   93120105   4.438404e+00   2.374439e-01   4.438404e+00   2.374439e-01 223200612131844400      21848      29362     0 2454083.278993  1.338193e+01  5.808446e-02  1.338193e+01  5.808446e-02 
   93120164   4.546102e+00   2.218170e-01   4.546102e+00   2.218170e-01 223200612131845380      21848      29361     0 2454083.279676  1.335590e+01  5.297628e-02  1.335590e+01  5.297628e-02 
   93120240   4.356697e+00   2.021492e-01   4.356697e+00   2.021492e-01 223200612131846550      21835      29386     0 2454083.280556  1.340211e+01  5.037794e-02  1.340211e+01  5.037794e-02 
   93120304   4.348877e+00   1.900405e-01   4.348877e+00   1.900405e-01 223200612131847580      21848      29355     0 2454083.281296  1.340406e+01  4.744548e-02  1.340406e+01  4.744548e-02 
   93292938   4.954809e+00   2.891501e-01   4.954809e+00   2.891501e-01 223200612151845190      21819      29334     0 2454085.279375  1.326243e+01  6.336103e-02  1.326243e+01  6.336103e-02 
   93292992   4.689013e+00   2.707503e-01   4.689013e+00   2.707503e-01 223200612151846130      21819      29333     0 2454085.280000  1.332230e+01  6.269220e-02  1.332230e+01  6.269220e-02 
   93293046   4.967543e+00   2.545535e-01   4.967543e+00   2.545535e-01 223200612151847070      21818      29331     0 2454085.280625  1.325965e+01  5.563695e-02  1.325965e+01  5.563695e-02 
   93293100   4.462017e+00   2.390464e-01   4.462017e+00   2.390464e-01 223200612151848010      21818      29329     0 2454085.281250  1.337617e+01  5.816702e-02  1.337617e+01  5.816702e-02 
   93467278   3.885896e+00   1.173906e-01   3.885896e+00   1.173906e-01 223200612171911070      22185      29154     0 2454087.297199  1.352627e+01  3.279955e-02  1.352627e+01  3.279955e-02 
   93467334   3.926903e+00   1.160181e-01   3.926903e+00   1.160181e-01 223200612171912030      22183      29151     0 2454087.297847  1.351487e+01  3.207757e-02  1.351487e+01  3.207757e-02 
   93467394   3.946113e+00   1.155264e-01   3.946113e+00   1.155264e-01 223200612171913020      22182      29149     0 2454087.298542  1.350958e+01  3.178613e-02  1.350958e+01  3.178613e-02 
   93467464   3.849435e+00   1.142854e-01   3.849435e+00   1.142854e-01 223200612171914130      22167      29174     0 2454087.299352  1.353651e+01  3.223439e-02  1.353651e+01  3.223439e-02 
   93556634   3.777638e+00   1.032359e-01   3.777638e+00   1.032359e-01 223200612182000260      21245      29088     0 2454088.331412  1.355695e+01  2.967126e-02  1.355695e+01  2.967126e-02 
   93556692   3.834238e+00   1.038118e-01   3.834238e+00   1.038118e-01 223200612182001250      21244      29086     0 2454088.332083  1.354080e+01  2.939636e-02  1.354080e+01  2.939636e-02 
   93556761   3.846724e+00   1.051608e-01   3.846724e+00   1.051608e-01 223200612182002330      21243      29083     0 2454088.332882  1.353727e+01  2.968168e-02  1.353727e+01  2.968168e-02 
   93556825   3.867420e+00   1.058168e-01   3.867420e+00   1.058168e-01 223200612182003370      21241      29081     0 2454088.333623  1.353145e+01  2.970703e-02  1.353145e+01  2.970703e-02 
   93725332   4.946811e+00   2.380450e-01   4.946811e+00   2.380450e-01 223200612201852110      21305      29241     0 2454090.283935  1.326419e+01  5.224679e-02  1.326419e+01  5.224679e-02 
   93725391   4.483626e+00   2.231457e-01   4.483626e+00   2.231457e-01 223200612201853100      21304      29239     0 2454090.284618  1.337093e+01  5.403623e-02  1.337093e+01  5.403623e-02 
   93725448   4.660628e+00   2.112971e-01   4.660628e+00   2.112971e-01 223200612201854080      21304      29237     0 2454090.285278  1.332889e+01  4.922377e-02  1.332889e+01  4.922377e-02 
   93725510   4.814432e+00   1.986914e-01   4.814432e+00   1.986914e-01 223200612201855100      21304      29234     0 2454090.285995  1.329364e+01  4.480845e-02  1.329364e+01  4.480845e-02 
   94935129   5.233920e+00   4.408112e-01   5.233920e+00   4.408112e-01 223200701031856070      21248      29084     0 2454104.286215  1.320293e+01  9.144319e-02  1.320293e+01  9.144319e-02 
   94935195   4.674299e+00   4.350360e-01   4.674299e+00   4.350360e-01 223200701031857140      21248      29083     0 2454104.286979  1.332571e+01  1.010496e-01  1.332571e+01  1.010496e-01 
   94935253   5.366330e+00   4.304286e-01   5.366330e+00   4.304286e-01 223200701031858120      21247      29082     0 2454104.287650  1.317581e+01  8.708625e-02  1.317581e+01  8.708625e-02 
   94935318   4.870084e+00   4.253590e-01   4.870084e+00   4.253590e-01 223200701031859170      21247      29080     0 2454104.288403  1.328116e+01  9.482984e-02  1.328116e+01  9.482984e-02 
   95021558   4.835878e+00   3.404791e-01   4.835878e+00   3.404791e-01 223200701041856390      21236      29105     0 2454105.286551  1.328881e+01  7.644356e-02  1.328881e+01  7.644356e-02 
   95021630   4.933614e+00   3.191617e-01   4.933614e+00   3.191617e-01 223200701041857500      21249      29073     0 2454105.287384  1.326709e+01  7.023787e-02  1.326709e+01  7.023787e-02 
   95021695   4.598491e+00   3.036968e-01   4.598491e+00   3.036968e-01 223200701041858560      21248      29071     0 2454105.288137  1.334346e+01  7.170521e-02  1.334346e+01  7.170521e-02 
   95021751   5.111105e+00   2.923149e-01   5.111105e+00   2.923149e-01 223200701041859510      21247      29070     0 2454105.288785  1.322871e+01  6.209577e-02  1.322871e+01  6.209577e-02 
   95107859   4.837727e+00   2.983058e-01   4.837727e+00   2.983058e-01 223200701051855020      21223      29066     0 2454106.285405  1.328840e+01  6.694932e-02  1.328840e+01  6.694932e-02 
   95107915   4.929344e+00   2.784056e-01   4.929344e+00   2.784056e-01 223200701051855570      21223      29064     0 2454106.286053  1.326803e+01  6.132178e-02  1.326803e+01  6.132178e-02 
   95107969   4.701441e+00   2.621402e-01   4.701441e+00   2.621402e-01 223200701051856510      21222      29062     0 2454106.286678  1.331942e+01  6.053804e-02  1.331942e+01  6.053804e-02 
   95108023   4.299978e+00   2.466597e-01   4.299978e+00   2.466597e-01 223200701051857460      21221      29061     0 2454106.287303  1.341633e+01  6.228133e-02  1.341633e+01  6.228133e-02 
   95280647   4.843867e+00   2.682037e-01   4.843867e+00   2.682037e-01 223200701071854540      21202      29049     0 2454108.285266  1.328702e+01  6.011716e-02  1.328702e+01  6.011716e-02 
   95280776   4.797911e+00   2.269059e-01   4.797911e+00   2.269059e-01 223200701071857030      21217      29074     0 2454108.286759  1.329737e+01  5.134751e-02  1.329737e+01  5.134751e-02 
   95280832   4.582467e+00   2.116830e-01   4.582467e+00   2.116830e-01 223200701071857590      21216      29071     0 2454108.287407  1.334725e+01  5.015480e-02  1.334725e+01  5.015480e-02 
   95280888   4.786135e+00   1.995130e-01   4.786135e+00   1.995130e-01 223200701071858540      21215      29069     0 2454108.288056  1.330004e+01  4.525975e-02  1.330004e+01  4.525975e-02 
   95367109   4.922614e+00   3.001516e-01   4.922614e+00   3.001516e-01 223200701081855580      21203      29038     0 2454109.285984  1.326951e+01  6.620194e-02  1.326951e+01  6.620194e-02 
   95367165   4.732162e+00   2.810873e-01   4.732162e+00   2.810873e-01 223200701081856530      21203      29037     0 2454109.286632  1.331235e+01  6.449223e-02  1.331235e+01  6.449223e-02 
   95367220   5.023648e+00   2.635328e-01   5.023648e+00   2.635328e-01 223200701081857490      21201      29035     0 2454109.287269  1.324745e+01  5.695624e-02  1.324745e+01  5.695624e-02 
   95367276   5.096995e+00   2.486732e-01   5.096995e+00   2.486732e-01 223200701081858450      21200      29033     0 2454109.287917  1.323171e+01  5.297131e-02  1.323171e+01  5.297131e-02 
   95453494   4.985729e+00   2.964848e-01   4.985729e+00   2.964848e-01 223200701091855450      21205      29034     0 2454110.285810  1.325568e+01  6.456537e-02  1.325568e+01  6.456537e-02 
   95453550   5.200418e+00   2.782296e-01   5.200418e+00   2.782296e-01 223200701091856400      21205      29033     0 2454110.286458  1.320990e+01  5.808860e-02  1.320990e+01  5.808860e-02 
   95453604   5.022306e+00   2.610350e-01   5.022306e+00   2.610350e-01 223200701091857350      21203      29032     0 2454110.287083  1.324774e+01  5.643148e-02  1.324774e+01  5.643148e-02 
   95453660   4.651850e+00   2.450357e-01   4.651850e+00   2.450357e-01 223200701091858300      21202      29031     0 2454110.287731  1.333094e+01  5.719123e-02  1.333094e+01  5.719123e-02 
   95539883   5.242046e+00   2.919168e-01   5.242046e+00   2.919168e-01 223200701101855350      21201      29028     0 2454111.285683  1.320125e+01  6.046221e-02  1.320125e+01  6.046221e-02 
   95539937   5.448621e+00   2.739707e-01   5.448621e+00   2.739707e-01 223200701101856300      21200      29027     0 2454111.286308  1.315928e+01  5.459379e-02  1.315928e+01  5.459379e-02 
   95539991   4.951708e+00   2.556369e-01   4.951708e+00   2.556369e-01 223200701101857240      21200      29026     0 2454111.286933  1.326311e+01  5.605241e-02  1.326311e+01  5.605241e-02 
   95540047   4.510138e+00   2.397986e-01   4.510138e+00   2.397986e-01 223200701101858190      21199      29026     0 2454111.287581  1.336453e+01  5.772750e-02  1.336453e+01  5.772750e-02 
   95626266   4.832704e+00   3.014459e-01   4.832704e+00   3.014459e-01 223200701111855210      21185      29008     0 2454112.285486  1.328953e+01  6.772439e-02  1.328953e+01  6.772439e-02 
   95626322   5.159086e+00   2.823457e-01   5.159086e+00   2.823457e-01 223200701111856160      21184      29007     0 2454112.286134  1.321857e+01  5.942021e-02  1.321857e+01  5.942021e-02 
   95626376   4.747313e+00   2.653849e-01   4.747313e+00   2.653849e-01 223200701111857110      21183      29005     0 2454112.286759  1.330888e+01  6.069518e-02  1.330888e+01  6.069518e-02 
   95626432   4.897858e+00   2.508857e-01   4.897858e+00   2.508857e-01 223200701111858070      21183      29004     0 2454112.287407  1.327498e+01  5.561545e-02  1.327498e+01  5.561545e-02 
   95712649   5.082535e+00   2.824117e-01   5.082535e+00   2.824117e-01 223200701121855050      21213      29002     0 2454113.285289  1.323480e+01  6.032928e-02  1.323480e+01  6.032928e-02 
   95712705   4.488392e+00   2.655796e-01   4.488392e+00   2.655796e-01 223200701121856000      21212      29000     0 2454113.285938  1.336977e+01  6.424358e-02  1.336977e+01  6.424358e-02 
   95712759   4.675243e+00   2.511552e-01   4.675243e+00   2.511552e-01 223200701121856550      21212      28999     0 2454113.286563  1.332549e+01  5.832623e-02  1.332549e+01  5.832623e-02 
   95712813   4.699544e+00   2.379000e-01   4.699544e+00   2.379000e-01 223200701121857490      21211      28998     0 2454113.287187  1.331986e+01  5.496225e-02  1.331986e+01  5.496225e-02 
   95799070   4.972451e+00   2.526123e-01   4.972451e+00   2.526123e-01 223200701131855270      21209      29016     0 2454114.285532  1.325857e+01  5.515816e-02  1.325857e+01  5.515816e-02 
   95799124   4.429939e+00   2.369948e-01   4.429939e+00   2.369948e-01 223200701131856210      21209      29015     0 2454114.286157  1.338401e+01  5.808537e-02  1.338401e+01  5.808537e-02 
   95799248   4.922750e+00   2.096086e-01   4.922750e+00   2.096086e-01 223200701131858250      21211      29018     0 2454114.287593  1.326948e+01  4.623034e-02  1.326948e+01  4.623034e-02 
   95799302   4.748496e+00   1.989182e-01   4.748496e+00   1.989182e-01 223200701131859190      21210      29017     0 2454114.288218  1.330861e+01  4.548249e-02  1.330861e+01  4.548249e-02 
   95885540   5.012462e+00   2.395744e-01   5.012462e+00   2.395744e-01 223200701141856390      21206      28994     0 2454115.286343  1.324987e+01  5.189375e-02  1.324987e+01  5.189375e-02 
   95885596   4.763993e+00   2.250566e-01   4.763993e+00   2.250566e-01 223200701141857340      21206      28993     0 2454115.286991  1.330507e+01  5.129163e-02  1.330507e+01  5.129163e-02 
   95885650   4.362802e+00   2.110658e-01   4.362802e+00   2.110658e-01 223200701141858290      21206      28992     0 2454115.287616  1.340059e+01  5.252646e-02  1.340059e+01  5.252646e-02 
   95885782   4.420690e+00   1.843163e-01   4.420690e+00   1.843163e-01 223200701141900410      21203      28992     0 2454115.289144  1.338628e+01  4.526886e-02  1.338628e+01  4.526886e-02 
  105941758   4.278064e+00   2.643193e-01   4.278064e+00   2.643193e-01 223200705110414520      21246      29793     0 2454231.677755  1.342188e+01  6.708222e-02  1.342188e+01  6.708222e-02 
  105941814   4.791484e+00   2.783165e-01   4.791484e+00   2.783165e-01 223200705110415490      21249      29792     0 2454231.678403  1.329883e+01  6.306591e-02  1.329883e+01  6.306591e-02 
  105941873   4.811575e+00   2.983832e-01   4.811575e+00   2.983832e-01 223200705110416470      21251      29792     0 2454231.679086  1.329428e+01  6.733067e-02  1.329428e+01  6.733067e-02 
  105941928   4.955113e+00   3.205738e-01   4.955113e+00   3.205738e-01 223200705110417430      21253      29792     0 2454231.679722  1.326237e+01  7.024255e-02  1.326237e+01  7.024255e-02 
  106027814   4.313807e+00   1.664105e-01   4.313807e+00   1.664105e-01 223200705120409040      21271      29769     0 2454232.673773  1.341285e+01  4.188376e-02  1.341285e+01  4.188376e-02 
  106027940   4.385409e+00   1.795651e-01   4.385409e+00   1.795651e-01 223200705120411090      21257      29782     0 2454232.675231  1.339497e+01  4.445674e-02  1.339497e+01  4.445674e-02 
  106027994   4.504138e+00   1.870034e-01   4.504138e+00   1.870034e-01 223200705120412040      21260      29781     0 2454232.675856  1.336597e+01  4.507789e-02  1.336597e+01  4.507789e-02 
  106028048   4.387104e+00   1.947265e-01   4.387104e+00   1.947265e-01 223200705120412580      21262      29781     0 2454232.676481  1.339456e+01  4.819177e-02  1.339456e+01  4.819177e-02 
  106114070   4.559339e+00   1.657888e-01   4.559339e+00   1.657888e-01 223200705130406340      21246      29794     0 2454233.672106  1.335275e+01  3.948018e-02  1.335275e+01  3.948018e-02 
  106114124   4.290759e+00   1.687545e-01   4.290759e+00   1.687545e-01 223200705130407290      21249      29794     0 2454233.672731  1.341866e+01  4.270189e-02  1.341866e+01  4.270189e-02 
  106114180   4.257116e+00   1.735561e-01   4.257116e+00   1.735561e-01 223200705130408240      21251      29794     0 2454233.673380  1.342721e+01  4.426396e-02  1.342721e+01  4.426396e-02 
  106114234   4.185990e+00   1.794820e-01   4.185990e+00   1.794820e-01 223200705130409190      21253      29794     0 2454233.674005  1.344550e+01  4.655309e-02  1.344550e+01  4.655309e-02 
  124569496   5.185026e+00   3.548533e-01   5.185026e+00   3.548533e-01 223200712121841060       4490      22556     0 2454447.276574  1.321312e+01  7.430597e-02  1.321312e+01  7.430597e-02 
  124571619   3.741494e+00   9.146502e-02   3.741494e+00   9.146502e-02 223200712121916280       4519      22428     0 2454447.301146  1.356739e+01  2.654213e-02  1.356739e+01  2.654213e-02 
  124572954   3.521611e+00   8.874404e-02   3.521611e+00   8.874404e-02 223200712121938430       4498      22346     0 2454447.316597  1.363315e+01  2.736048e-02  1.363315e+01  2.736048e-02 
