\OBJNAME = '1SWASP J235516.69-315303.3'
\OBSSTART = '2006-06-05T01:30:32'
\OBSSTOP = '2007-11-13T19:34:04'
\TSTART = 76555840
\TSTOP = 122067435
\JD_REF = 2453005.5
\RA_OBJ = '358.819542'
\DEC_OBJ = '-31.884269'
\WASP_MAG = 6.658871
\HJD_START = 2453891.562963
\HJD_STOP = 2454418.317535
\fixlen = T
\NUMRECORDS = 479
\
\ This file was produced by the NASA Exoplanet Archive  http://exoplanetarchive.ipac.caltech.edu 
\ Sun Sep 15, 02:55:18 2013
\ Documentation for the SuperWASP dataset can be found at http://exoplanetarchive.ipac.caltech.edu/docs/SuperWASPMission.html
\
|TMID      |FLUX2         |FLUX2_ERR     |TAMFLUX2      |TAMFLUX2_ERR  |IMAGEID           |CCDX      |CCDY      |FLAG |           HJD|         MAG2|     MAG2_ERR|      TAMMAG2|  TAMMAG2_ERR|
|int       |float         |float         |float         |float         |char              |int       |int       |int  |        double|        float|        float|        float|        float|
|sec       |micro Vega    |micro Vega    |micro Vega    |micro Vega    |                  |1/16 pixel|1/16 pixel|     |           day|          mag|          mag|          mag|          mag|
|null      |null          |null          |null          |null          |null              |null      |null      |null |          null|         null|         null|         null|         null|
   76555840   1.931880e+03   2.358887e+00   1.773848e+03   2.455348e+02 223200606050130320        773       5685    32 2453891.562963  6.785050e+00  1.325723e-03  6.877709e+00  1.502874e-01 
   76555877   1.604228e+03   1.807001e+00   2.192217e+03   1.529850e+02 222200606050131090      31052       5242    32 2453891.563391  6.986835e+00  1.222977e-03  6.647791e+00  7.576896e-02 
   76555879   1.459063e+03   2.188055e+00   1.470679e+03   2.340780e+02 223200606050131100        773       5685    32 2453891.563414  7.089815e+00  1.628209e-03  7.081205e+00  1.728099e-01 
   76556627   1.890233e+03   2.105043e+00   1.763365e+03   2.140360e+02 223200606050143380        776       5700    32 2453891.572072  6.808712e+00  1.209126e-03  6.884145e+00  1.317864e-01 
   76556665   1.813493e+03   2.040069e+00   1.655695e+03   1.641729e+02 223200606050144160        777       5701    32 2453891.572512  6.853710e+00  1.221391e-03  6.952549e+00  1.076582e-01 
   77513815   1.839240e+03   4.402866e+00   2.092463e+03   6.763547e+02 222200606160335260      31343       5351    32 2453902.650637  6.838404e+00  2.599100e-03  6.698356e+00  3.509479e-01 
   78898698   2.557536e+03   2.867829e+00   2.186168e+03   3.812968e+02 222200607020414550      31356       5340    32 2453918.679375  6.480445e+00  1.217467e-03  6.650791e+00  1.893675e-01 
   78898735   2.153352e+03   2.303603e+00   2.440010e+03   2.410258e+02 222200607020415330      31356       5339    32 2453918.679803  6.667212e+00  1.161498e-03  6.531521e+00  1.072501e-01 
   78899095   1.802126e+03   1.866231e+00   2.249806e+03   2.100521e+02 222200607020421320      31351       5331    32 2453918.683970  6.860537e+00  1.124362e-03  6.619637e+00  1.013696e-01 
   78899133   1.746260e+03   1.619995e+00   2.227791e+03   1.200569e+02 222200607020422110      31351       5331    32 2453918.684410  6.894727e+00  1.007234e-03  6.630314e+00  5.851115e-02 
   78899856   1.928701e+03   3.346244e+00   2.244232e+03   1.864256e+02 222200607020434130      31343       5315    32 2453918.692778  6.786838e+00  1.883729e-03  6.622330e+00  9.019105e-02 
   78899894   1.618467e+03   3.637233e+00   2.357498e+03   4.210656e+02 222200607020434510      31342       5314    32 2453918.693218  6.977241e+00  2.440019e-03  6.568872e+00  1.939207e-01 
   79140796   1.936617e+03   4.683559e+00   2.049532e+03   5.828192e+02 223200607042329350        768       5679    32 2453921.481435  6.782391e+00  2.625778e-03  6.720863e+00  3.087485e-01 
   79140833   2.468543e+03   5.021128e+00   2.454177e+03   7.118231e+02 223200607042330130        768       5680    32 2453921.481863  6.518898e+00  2.208444e-03  6.525235e+00  3.149140e-01 
   79147353   1.772832e+03   2.318078e+00   2.262252e+03   2.195170e+02 222200607050118510      31306       5376    32 2453921.557326  6.878331e+00  1.419666e-03  6.613647e+00  1.053545e-01 
   79147353   2.593103e+03   4.506933e+00   2.312162e+03   4.148416e+02 223200607050118510        865       5766    32 2453921.557326  6.465451e+00  1.887066e-03  6.589954e+00  1.948004e-01 
   79147391   1.845722e+03   2.344484e+00   2.331259e+03   2.119611e+02 222200607050119290      31306       5376    32 2453921.557766  6.834584e+00  1.379135e-03  6.581024e+00  9.871690e-02 
   79147391   3.019641e+03   4.981882e+00   2.685267e+03   6.004735e+02 223200607050119290        865       5766    32 2453921.557766  6.300112e+00  1.791282e-03  6.427531e+00  2.427908e-01 
   79147956   1.689070e+03   2.510560e+00   2.265176e+03   1.553161e+02 222200607050128550      31321       5374    32 2453921.564306  6.930881e+00  1.613797e-03  6.612246e+00  7.444584e-02 
   79147956   2.389148e+03   4.536326e+00   2.133146e+03   1.457229e+02 223200607050128550        873       5761    32 2453921.564306  6.554392e+00  2.061518e-03  6.677449e+00  7.417083e-02 
   79147996   2.235345e+03   3.839413e+00   2.078806e+03   3.406310e+02 223200607050129340        874       5762    32 2453921.564769  6.626638e+00  1.864859e-03  6.705465e+00  1.779082e-01 
   79148614   2.408592e+03   2.860753e+00   2.060791e+03   2.030424e+01 223200607050139530        883       5755    32 2453921.571921  6.545592e+00  1.289564e-03  6.714915e+00  1.069741e-02 
   79148652   2.366224e+03   2.933536e+00   2.066784e+03   3.508415e+01 223200607050140310        884       5757    32 2453921.572361  6.564860e+00  1.346051e-03  6.711762e+00  1.843069e-02 
   79149244   2.408422e+03   2.544404e+00   2.017197e+03   5.460558e+01 223200607050150230        877       5759    32 2453921.579213  6.545669e+00  1.147042e-03  6.738129e+00  2.939101e-02 
   79149284   2.401740e+03   2.570638e+00   2.039931e+03   3.309587e+01 223200607050151020        877       5757    32 2453921.579676  6.548685e+00  1.162093e-03  6.725961e+00  1.761506e-02 
   79149865   2.382460e+03   2.397421e+00   2.041278e+03   5.474582e+01 223200607050200440        883       5820    32 2453921.586400  6.557436e+00  1.092558e-03  6.725245e+00  2.911888e-02 
   79149903   2.351380e+03   2.515782e+00   2.035840e+03   1.852176e+01 223200607050201220        883       5820    32 2453921.586840  6.571693e+00  1.161652e-03  6.728141e+00  9.877893e-03 
   79150508   2.303090e+03   2.528461e+00   2.052936e+03   6.316768e+01 223200607050211270        959       5732    32 2453921.593843  6.594223e+00  1.191986e-03  6.719061e+00  3.340761e-02 
   79150548   2.383811e+03   2.596856e+00   2.073944e+03   4.130996e+01 223200607050212070        959       5733    32 2453921.594306  6.556820e+00  1.182774e-03  6.708008e+00  2.162637e-02 
   79151107   2.427726e+03   3.042541e+00   2.149453e+03   9.267435e+01 223200607050221250        951       5726    32 2453921.600775  6.537001e+00  1.360700e-03  6.669180e+00  4.681204e-02 
   79151145   2.454458e+03   3.041881e+00   2.157829e+03   1.020895e+02 223200607050222040        952       5727    32 2453921.601215  6.525111e+00  1.345589e-03  6.664957e+00  5.136765e-02 
   79151683   2.551316e+03   3.350139e+00   2.228663e+03   1.753215e+02 223200607050231010        947       5789    32 2453921.607442  6.483089e+00  1.425688e-03  6.629889e+00  8.541156e-02 
   79151723   2.446900e+03   3.427945e+00   2.244844e+03   2.209370e+02 223200607050231410        947       5789    32 2453921.607905  6.528460e+00  1.521050e-03  6.622035e+00  1.068583e-01 
   79152318   2.589962e+03   4.094938e+00   2.295856e+03   3.024956e+02 223200607050241360        943       5779    32 2453921.614792  6.466766e+00  1.716642e-03  6.597638e+00  1.430541e-01 
   79152356   1.861500e+03   2.286482e+00   2.268526e+03   1.848611e+02 222200607050242150      31387       5449    32 2453921.615231  6.825342e+00  1.333615e-03  6.610641e+00  8.847640e-02 
   79152356   2.606441e+03   4.021171e+00   2.389450e+03   3.219055e+02 223200607050242150        943       5779    32 2453921.615231  6.459880e+00  1.675061e-03  6.554255e+00  1.462703e-01 
   79226845   1.863094e+03   1.934688e+00   1.639088e+03   2.997355e+02 223200607052323380        822       5672    32 2453922.477373  6.824413e+00  1.127462e-03  6.963495e+00  1.985463e-01 
   79226883   2.129053e+03   2.130782e+00   1.655599e+03   2.189456e+02 223200607052324160        824       5672    32 2453922.477813  6.679534e+00  1.086622e-03  6.952612e+00  1.435843e-01 
   79227891   1.660738e+03   1.489270e+00   1.403537e+03   1.218383e+02 223200607052341030        767       5700    32 2453922.489479  6.949247e+00  9.736397e-04  7.131940e+00  9.425095e-02 
   79228325   2.870179e+03   3.408086e+00   2.501394e+03   4.222950e+02 222200607052348180      31089       5256    32 2453922.494502  6.355227e+00  1.289221e-03  6.504545e+00  1.832988e-01 
   79228325   2.048890e+03   3.388683e+00   3.558988e+03   2.030648e+03 223200607052348180        779       5711    32 2453922.494502  6.721203e+00  1.795718e-03  6.121684e+00  6.194894e-01 
   79228362   2.287729e+03   3.309329e+00   2.257153e+03   2.213997e+02 222200607052348550      31091       5257    32 2453922.494931  6.601489e+00  1.570584e-03  6.616097e+00  1.064981e-01 
   79228362   1.705661e+03   3.198098e+00   2.290407e+03   9.295794e+02 223200607052348550        779       5712    32 2453922.494931  6.920269e+00  2.035753e-03  6.600218e+00  4.406559e-01 
   80264194   1.260236e+03   2.554044e+00   1.662351e+03   4.833826e+02 223200607172331330        933       5725    32 2453934.483727  7.248870e+00  2.200404e-03  6.948193e+00  3.157142e-01 
   80277485   1.951480e+03   1.966988e+00   1.543089e+03   1.476737e+02 223200607180313030        951       5643    32 2453934.637558  6.774090e+00  1.094368e-03  7.029022e+00  1.039053e-01 
   80281447   1.808964e+03   2.641840e+00   2.093712e+03   3.531010e+02 222200607180419050      31324       5281    32 2453934.683414  6.856425e+00  1.585632e-03  6.697708e+00  1.831082e-01 
   80281447   1.994651e+03   3.642433e+00   2.927505e+03   1.410813e+03 223200607180419050        876       5544    32 2453934.683414  6.750332e+00  1.982670e-03  6.333756e+00  5.232362e-01 
   80281484   2.473648e+03   3.873794e+00   2.125104e+03   3.443024e+02 222200607180419430      31323       5281    32 2453934.683843  6.516655e+00  1.700295e-03  6.681550e+00  1.759081e-01 
   80281484   1.897893e+03   3.655277e+00   2.791589e+03   1.339799e+03 223200607180419430        875       5544    32 2453934.683843  6.804321e+00  2.091098e-03  6.385372e+00  5.210915e-01 
   80961695   2.515690e+03   2.669009e+00   2.070939e+03   3.536506e+02 223200607260115510        926       5774    32 2453942.556655  6.498357e+00  1.151911e-03  6.709582e+00  1.854099e-01 
   80962510   2.293152e+03   2.773850e+00   1.979287e+03   1.527680e+02 223200607260129270        885       5697    32 2453942.566088  6.598918e+00  1.313337e-03  6.758729e+00  8.380106e-02 
   80962548   2.272323e+03   2.545031e+00   2.101121e+03   2.052263e+02 223200607260130040        884       5697    32 2453942.566528  6.608825e+00  1.216043e-03  6.693872e+00  1.060493e-01 
   80963948   1.921876e+03   2.542653e+00   2.561579e+03   2.883799e+02 222200607260153240      31378       5356    32 2453942.582731  6.790686e+00  1.436440e-03  6.478731e+00  1.222315e-01 
   80963948   2.991704e+03   4.871411e+00   2.480750e+03   3.666807e+02 223200607260153240        864       5699    32 2453942.582731  6.310204e+00  1.767917e-03  6.513543e+00  1.604837e-01 
   80963986   2.334918e+03   3.966920e+00   1.962345e+03   3.772307e+02 222200607260154020      31378       5357    32 2453942.583171  6.579321e+00  1.844623e-03  6.768062e+00  2.087168e-01 
   80963986   2.365531e+03   4.367331e+00   2.008984e+03   2.736390e+02 223200607260154020        867       5695    32 2453942.583171  6.565178e+00  2.004533e-03  6.742559e+00  1.478861e-01 
   80964672   1.959257e+03   2.268247e+00   1.985684e+03   3.043603e+02 222200607260205290      31378       5343    32 2453942.591111  6.769772e+00  1.256970e-03  6.755225e+00  1.664193e-01 
   80964672   3.364718e+03   6.144098e+00   2.519606e+03   9.137310e+02 223200607260205290        863       5681    32 2453942.591111  6.182628e+00  1.982601e-03  6.496668e+00  3.937418e-01 
   80964710   2.158200e+03   2.074071e+00   2.617360e+03   2.269968e+02 222200607260206060      31378       5343    32 2453942.591551  6.664771e+00  1.043416e-03  6.455341e+00  9.416342e-02 
   80964710   3.473039e+03   4.484967e+00   2.593181e+03   4.716566e+02 223200607260206060        863       5680    32 2453942.591551  6.148226e+00  1.402089e-03  6.465418e+00  1.974781e-01 
   81048651   2.413015e+03   2.057908e+00   2.061791e+03   4.968489e+01 223200607270125030        882       5691    32 2453943.563090  6.543600e+00  9.259590e-04  6.714388e+00  2.616408e-02 
   81048689   2.153031e+03   1.952918e+00   1.947643e+03   7.289198e+01 223200607270125410        882       5692    32 2453943.563530  6.667374e+00  9.848259e-04  6.776227e+00  4.063462e-02 
   81122620   7.206414e+02   4.081425e+00   1.151406e+03   2.820951e+02 222200607272157470      31043       5212    32 2453944.419213  7.855702e+00  6.149198e-03  7.346929e+00  2.660069e-01 
   81122620   7.656649e+02   8.958914e+00   9.515002e+02   4.729605e+02 223200607272157470        767       5667    32 2453944.419213  7.789903e+00  1.270406e-02  7.553978e+00  5.396868e-01 
   81122658   1.269045e+03   3.569431e+00   2.028791e+03   3.595256e+02 222200607272158250      31044       5213    32 2453944.419653  7.241307e+00  3.053850e-03  6.731906e+00  1.924059e-01 
   81122658   2.072194e+03   8.159560e+00   1.971834e+03   5.310677e+02 223200607272158250        767       5666    32 2453944.419653  6.708924e+00  4.275256e-03  6.762824e+00  2.924188e-01 
   81123331   2.180455e+03   2.787174e+00   2.185573e+03   2.475834e+02 222200607272209390      31076       5239    32 2453944.427442  6.653632e+00  1.387851e-03  6.651087e+00  1.229935e-01 
   81123331   2.367853e+03   3.970453e+00   2.163441e+03   3.619771e+02 223200607272209390        783       5686    32 2453944.427442  6.564113e+00  1.820586e-03  6.662138e+00  1.816611e-01 
   81123370   2.440548e+03   4.495095e+00   2.764141e+03   6.448124e+02 222200607272210170      31077       5240    32 2453944.427894  6.531281e+00  1.999757e-03  6.396100e+00  2.532789e-01 
   81123370   2.110971e+03   9.330441e+00   3.211765e+03   1.944387e+03 223200607272210170        785       5687    32 2453944.427894  6.688794e+00  4.798945e-03  6.233140e+00  6.573017e-01 
   81123989   1.642577e+03   2.347575e+00   2.195694e+03   2.103754e+02 222200607272220370      31109       5268    32 2453944.435058  6.961185e+00  1.551742e-03  6.646070e+00  1.040277e-01 
   81123989   2.084821e+03   3.602078e+00   1.944090e+03   2.374293e+02 223200607272220370        788       5698    32 2453944.435058  6.702328e+00  1.875902e-03  6.778209e+00  1.326001e-01 
   81124029   1.551140e+03   1.981254e+00   2.299987e+03   2.416533e+02 222200607272221170      31111       5268    32 2453944.435521  7.023372e+00  1.386803e-03  6.595686e+00  1.140757e-01 
   81124029   2.259164e+03   3.668023e+00   1.960275e+03   2.311781e+02 223200607272221160        789       5699    32 2453944.435521  6.615130e+00  1.762829e-03  6.769207e+00  1.280429e-01 
   81124600   2.678516e+03   3.601936e+00   2.349326e+03   3.285105e+02 222200607272230470      31139       5286    32 2453944.442130  6.430264e+00  1.460049e-03  6.572642e+00  1.518210e-01 
   81124600   1.984342e+03   3.349030e+00   1.948610e+03   2.726221e+02 223200607272230470        804       5708    32 2453944.442130  6.755959e+00  1.832434e-03  6.775688e+00  1.519015e-01 
   81124637   2.514537e+03   3.849580e+00   2.355100e+03   2.927110e+02 222200607272231250      31140       5285    32 2453944.442558  6.498855e+00  1.662192e-03  6.569976e+00  1.349446e-01 
   81124637   2.103678e+03   4.839636e+00   2.418867e+03   6.143725e+02 223200607272231250        805       5708    32 2453944.442558  6.692552e+00  2.497810e-03  6.540970e+00  2.757691e-01 
   81125197   2.327621e+03   2.823478e+00   2.123514e+03   2.252445e+02 223200607272240440        815       5721    32 2453944.449039  6.582719e+00  1.317037e-03  6.682362e+00  1.151661e-01 
   81125234   2.645172e+03   3.898403e+00   2.501579e+03   4.784670e+02 223200607272241220        816       5721    32 2453944.449468  6.443865e+00  1.600143e-03  6.504465e+00  2.076651e-01 
   81125726   2.300242e+03   2.546950e+00   2.197979e+03   1.359907e+02 223200607272249330        827       5725    32 2453944.455162  6.595566e+00  1.202189e-03  6.644941e+00  6.717561e-02 
   81126245   2.361894e+03   3.432408e+00   2.318730e+03   3.080319e+02 222200607272258130      31219       5316    32 2453944.461169  6.566849e+00  1.577845e-03  6.586874e+00  1.442352e-01 
   81126245   2.208942e+03   4.029195e+00   2.198891e+03   3.516202e+02 223200607272258130        916       5735    32 2453944.461169  6.639539e+00  1.980432e-03  6.644491e+00  1.736185e-01 
   81126283   2.657438e+03   4.263864e+00   2.468381e+03   6.111730e+02 222200607272258510      31221       5316    32 2453944.461609  6.438842e+00  1.742072e-03  6.518970e+00  2.688300e-01 
   81126283   2.759135e+03   7.574610e+00   3.085987e+03   1.282210e+03 223200607272258510        917       5736    32 2453944.461609  6.398067e+00  2.980665e-03  6.276515e+00  4.511186e-01 
   81126865   2.113025e+03   5.568698e+00   1.941107e+03   9.196987e+02 222200607272308310      31237       5333    32 2453944.468345  6.687738e+00  2.861376e-03  6.779876e+00  5.144248e-01 
   81126865   1.419942e+04   5.811354e+01   4.046919e+03   3.869498e+03 223200607272308310        907       5741    32 2453944.468345  4.619324e+00  4.443576e-03  5.982189e+00  1.038140e+00 
   81126903   1.570230e+03   2.928381e+01   1.279460e+03   7.654319e+02 222200607272309100      31238       5333    32 2453944.468785  7.010092e+00  2.024837e-02  7.232433e+00  6.495396e-01 
   81126903   6.998027e+02   2.307788e+01   2.938806e+03   2.494789e+03 223200607272309100        909       5743    32 2453944.468785  7.887561e+00  3.580520e-02  6.329573e+00  9.216985e-01 
   81127497   3.832465e+03   9.378009e+00   2.121998e+03   7.044818e+02 222200607272319040      31255       5350    32 2453944.475660  6.041305e+00  2.656796e-03  6.683137e+00  3.604546e-01 
   81127497   1.759739e+03   6.457461e+00   3.190640e+03   1.451750e+03 223200607272319040        855       5750    32 2453944.475660  6.886379e+00  3.984184e-03  6.240305e+00  4.940145e-01 
   81127529   2.812761e+03   1.050213e+01   1.825329e+03   5.712812e+02 222200607272319360      31257       5350    32 2453944.476030  6.377168e+00  4.053874e-03  6.846647e+00  3.398088e-01 
   81127529   8.472936e+02   7.351163e+00   2.304589e+03   1.355922e+03 223200607272319360        855       5750    32 2453944.476030  7.679915e+00  9.419936e-03  6.593516e+00  6.388031e-01 
   81128107   1.313477e+03   9.110279e+00   1.763053e+03   8.366290e+02 223200607272329140        862       5755    32 2453944.482720  7.203944e+00  7.530698e-03  6.884336e+00  5.152208e-01 
   81128145   1.556655e+03   3.600534e+00   2.362177e+03   4.037469e+02 222200607272329520      31275       5357    32 2453944.483160  7.019519e+00  2.511311e-03  6.566719e+00  1.855763e-01 
   81128145   1.845196e+03   5.871703e+00   1.776849e+03   5.004700e+02 223200607272329520        863       5756    32 2453944.483160  6.834894e+00  3.454995e-03  6.875874e+00  3.058112e-01 
   81128685   2.107883e+03   3.370189e+00   2.058057e+03   3.780087e+02 222200607272338510      31293       5364    32 2453944.489410  6.690384e+00  1.735936e-03  6.716357e+00  1.994207e-01 
   81128685   2.333311e+03   4.537648e+00   2.059579e+03   4.595473e+02 223200607272338510        872       5755    32 2453944.489410  6.580069e+00  2.111466e-03  6.715554e+00  2.422577e-01 
   81128723   2.463037e+03   4.164887e+00   2.350243e+03   3.586103e+02 222200607272339300      31294       5364    32 2453944.489850  6.521323e+00  1.835939e-03  6.572218e+00  1.656669e-01 
   81128723   2.185891e+03   5.208830e+00   2.107290e+03   5.185920e+02 223200607272339300        872       5755    32 2453944.489850  6.650928e+00  2.587245e-03  6.690690e+00  2.671944e-01 
   81129283   1.307243e+03   3.119804e+00   2.248221e+03   5.283835e+02 222200607272348500      31309       5377    32 2453944.496331  7.209110e+00  2.591177e-03  6.620402e+00  2.551738e-01 
   81129283   1.192889e+03   3.434510e+00   1.541304e+03   5.852116e+02 223200607272348500        877       5759    32 2453944.496331  7.308499e+00  3.126011e-03  7.030279e+00  4.122404e-01 
   81129323   2.735795e+03   3.435082e+00   2.527916e+03   3.892417e+02 222200607272349290      31311       5378    32 2453944.496794  6.407291e+00  1.363262e-03  6.493093e+00  1.671793e-01 
   81129323   2.848552e+03   4.454590e+00   2.990875e+03   6.658488e+02 223200607272349290        879       5760    32 2453944.496794  6.363440e+00  1.697890e-03  6.310504e+00  2.417148e-01 
   81129888   1.390229e+03   4.086545e+00   2.038934e+03   3.688060e+02 222200607272358540      31328       5385    32 2453944.503333  7.142284e+00  3.191506e-03  6.726492e+00  1.963906e-01 
   81129888   2.439360e+03   9.364268e+00   2.347089e+03   4.014858e+02 223200607272358550        887       5757    32 2453944.503333  6.531810e+00  4.167962e-03  6.573676e+00  1.857234e-01 
   81129926   1.745811e+03   4.438991e+00   1.868252e+03   3.480560e+02 222200607272359330      31329       5384    32 2453944.503773  6.895007e+00  2.760659e-03  6.821411e+00  2.022737e-01 
   81129926   5.788979e+03   2.335912e+01   6.497398e+03   3.270872e+03 223200607272359330        888       5758    32 2453944.503773  5.593495e+00  4.381071e-03  5.468152e+00  5.465751e-01 
   81130551   1.843713e+03   5.064231e+00   2.423229e+03   4.726038e+02 222200607280009570      31342       5382    32 2453944.511007  6.835767e+00  2.982264e-03  6.539014e+00  2.117525e-01 
   81130551   3.926206e+03   1.551492e+01   4.020978e+03   1.947762e+03 223200607280009570        893       5744    32 2453944.511007  6.015067e+00  4.290444e-03  5.989171e+00  5.259326e-01 
   81130590   2.264105e+03   9.161217e+00   2.203645e+03   6.538354e+02 222200607280010370      31343       5382    32 2453944.511458  6.612758e+00  4.393214e-03  6.642146e+00  3.221459e-01 
   81130592   3.782838e+03   1.900263e+01   4.637264e+03   2.727249e+03 223200607280010380        893       5744    32 2453944.511481  6.055456e+00  5.454085e-03  5.834345e+00  6.385410e-01 
   81131205   1.613420e+03   4.429512e+00   1.879162e+03   3.320375e+02 222200607280020510      31355       5390    32 2453944.518576  6.980631e+00  2.980810e-03  6.815089e+00  1.918443e-01 
   81131205   1.702806e+03   5.673810e+00   1.631487e+03   3.124922e+02 223200607280020510        882       5742    32 2453944.518576  6.922087e+00  3.617724e-03  6.968541e+00  2.079608e-01 
   81131243   2.716361e+03   5.852571e+00   2.241511e+03   4.363939e+02 222200607280021290      31356       5389    32 2453944.519016  6.415031e+00  2.339295e-03  6.623648e+00  2.113799e-01 
   81131243   3.251540e+03   8.556020e+00   3.475395e+03   9.144904e+02 223200607280021290        883       5742    32 2453944.519016  6.219777e+00  2.856989e-03  6.147490e+00  2.856939e-01 
   81131888   1.871958e+03   3.035089e+00   2.546836e+03   2.898405e+02 222200607280032150      31365       5392    32 2453944.526481  6.819260e+00  1.760359e-03  6.484997e+00  1.235617e-01 
   81131888   2.175188e+03   5.025377e+00   1.991085e+03   4.196885e+02 223200607280032150        888       5738    32 2453944.526481  6.656258e+00  2.508405e-03  6.752275e+00  2.288565e-01 
   81131926   2.370875e+03   3.737312e+00   2.200605e+03   3.961214e+02 222200607280032530      31366       5391    32 2453944.526921  6.562728e+00  1.711499e-03  6.643644e+00  1.954393e-01 
   81131926   1.909964e+03   3.265265e+00   1.999652e+03   2.353208e+02 223200607280032530        888       5738    32 2453944.526921  6.797437e+00  1.856176e-03  6.747614e+00  1.277708e-01 
   81132668   1.408175e+03   5.124642e+00   2.289200e+03   4.180795e+02 222200607280045140      31388       5377    32 2453944.535509  7.128358e+00  3.951233e-03  6.600791e+00  1.982901e-01 
   81132668   1.942418e+03   9.517516e+00   2.041928e+03   4.430828e+02 223200607280045140        953       5721    32 2453944.535509  6.779143e+00  5.319939e-03  6.724899e+00  2.355973e-01 
   81132704   1.650230e+03   4.151676e+00   2.156969e+03   2.010424e+02 222200607280045510      31388       5376    32 2453944.535926  6.956139e+00  2.731523e-03  6.665390e+00  1.011974e-01 
   81132704   3.576812e+03   1.425441e+01   3.037327e+03   8.510561e+02 223200607280045510        953       5720    32 2453944.535926  6.116260e+00  4.326922e-03  6.293771e+00  3.042232e-01 
   81133373   1.271335e+03   5.142362e+00   2.062095e+03   4.868192e+02 222200607280056590      31387       5382    32 2453944.543669  7.239350e+00  4.391657e-03  6.714228e+00  2.563213e-01 
   81133373   2.289047e+03   1.068453e+01   2.577643e+03   9.488198e+02 223200607280056590        948       5711    32 2453944.543669  6.600863e+00  5.067882e-03  6.471943e+00  3.996564e-01 
   81133410   1.558580e+03   3.891449e+00   2.085032e+03   3.374469e+02 222200607280057360      31394       5369    32 2453944.544097  7.018178e+00  2.710867e-03  6.702218e+00  1.757189e-01 
   81133410   2.826606e+03   1.024950e+01   2.829188e+03   9.065640e+02 223200607280057360        948       5710    32 2453944.544097  6.371837e+00  3.936980e-03  6.370846e+00  3.479065e-01 
   81134131   2.017912e+03   4.831884e+00   2.199405e+03   4.531543e+02 222200607280109380      31385       5449    32 2453944.552442  6.737744e+00  2.599801e-03  6.644237e+00  2.237003e-01 
   81134131   2.816797e+03   9.229878e+00   2.832664e+03   1.011892e+03 223200607280109380        942       5771    32 2453944.552442  6.375611e+00  3.557675e-03  6.369513e+00  3.878509e-01 
   81134169   2.613923e+03   8.366592e+00   2.680135e+03   9.071031e+02 223200607280110160        943       5771    32 2453944.552882  6.456768e+00  3.475215e-03  6.429608e+00  3.674733e-01 
   81134935   2.274798e+03   2.911591e+00   1.947333e+03   1.772305e+02 223200607280123020        904       5686    32 2453944.561748  6.607643e+00  1.389675e-03  6.776400e+00  9.881526e-02 
   81134973   2.675060e+03   3.417253e+00   1.930079e+03   2.385747e+02 223200607280123400        904       5685    32 2453944.562187  6.431666e+00  1.386978e-03  6.786062e+00  1.342070e-01 
   81135618   2.870276e+03   3.135336e+00   2.183221e+03   2.030094e+02 223200607280134250        883       5703    32 2453944.569653  6.355191e+00  1.186004e-03  6.652256e+00  1.009589e-01 
   81135656   2.803676e+03   4.377921e+00   2.283509e+03   4.299975e+02 223200607280135020        897       5685    32 2453944.570093  6.380681e+00  1.695376e-03  6.603493e+00  2.044509e-01 
   81136299   2.266898e+03   2.569920e+00   1.940272e+03   4.343845e+01 223200607280145450        881       5692    32 2453944.577535  6.611420e+00  1.230874e-03  6.780344e+00  2.430735e-02 
   81136336   2.501954e+03   2.744909e+00   2.103670e+03   6.421602e+01 223200607280146230        884       5687    32 2453944.577963  6.504302e+00  1.191172e-03  6.692556e+00  3.314299e-02 
   81137775   9.452814e+02   1.831690e+00   1.734776e+03   3.925574e+02 222200607280210210      31387       5332    32 2453944.594618  7.561097e+00  2.103860e-03  6.901892e+00  2.456890e-01 
   81137775   1.537935e+03   5.196658e+00   2.327391e+03   1.065866e+03 223200607280210210        872       5652    32 2453944.594618  7.032655e+00  3.668698e-03  6.582827e+00  4.972323e-01 
   81137812   1.382526e+02   1.416841e+01   3.675127e+02   3.014153e+02 223200607280210580        872       5651    32 2453944.595046  9.648316e+00  1.112689e-01  8.586819e+00  8.904688e-01 
   81138528   1.897193e+03   3.148086e+00   2.266866e+03   2.037429e+02 222200607280222550      31400       5397    32 2453944.603333  6.804721e+00  1.801611e-03  6.611435e+00  9.758487e-02 
   81138530   2.554043e+03   5.601029e+00   2.348300e+03   3.505960e+02 223200607280222560        915       5704    32 2453944.603356  6.481929e+00  2.381033e-03  6.573116e+00  1.620986e-01 
   81138566   1.806971e+03   2.704880e+00   2.180091e+03   1.829931e+02 222200607280223330      31400       5396    32 2453944.603773  6.857622e+00  1.625259e-03  6.653814e+00  9.113520e-02 
   81138566   2.531044e+03   4.997694e+00   2.206338e+03   3.604496e+02 223200607280223330        915       5703    32 2453944.603773  6.491751e+00  2.143857e-03  6.640820e+00  1.773774e-01 
   81139128   2.086081e+03   4.092788e+00   1.994686e+03   2.987779e+02 223200607280232550        906       5651    32 2453944.610278  6.701672e+00  2.130168e-03  6.750314e+00  1.626297e-01 
   81139166   3.959443e+03   4.674005e+01   3.284327e+03   1.547786e+03 223200607280233330        906       5650    32 2453944.610718  6.005915e+00  1.281684e-02  6.208884e+00  5.116704e-01 
   81139714   2.413794e+03   2.964189e+00   2.058676e+03   7.961692e+01 223200607280242400        902       5628    32 2453944.617060  6.543250e+00  1.333311e-03  6.716030e+00  4.198974e-02 
   81139752   2.513240e+03   3.176131e+00   2.149046e+03   9.000945e+01 223200607280243180        900       5625    32 2453944.617500  6.499415e+00  1.372114e-03  6.669386e+00  4.547454e-02 
   81140564   2.367128e+03   3.153508e+00   2.094766e+03   7.739964e+01 223200607280256510        900       5596    32 2453944.626898  6.564446e+00  1.446432e-03  6.697161e+00  4.011707e-02 
   81140602   2.667482e+03   3.736085e+00   2.369470e+03   2.326195e+02 223200607280257290        899       5595    32 2453944.627338  6.434746e+00  1.520692e-03  6.563372e+00  1.065910e-01 
   81142252   2.464017e+03   2.956207e+00   2.054867e+03   6.121817e+01 223200607280324580        856       5542    32 2453944.646435  6.520891e+00  1.302617e-03  6.718040e+00  3.234613e-02 
   81142288   2.338174e+03   2.793173e+00   2.049771e+03   7.382271e+00 223200607280325350        855       5541    32 2453944.646852  6.577808e+00  1.297021e-03  6.720737e+00  3.910303e-03 
   81142745   2.558874e+03   3.537263e+00   2.178687e+03   1.036290e+02 223200607280333120        852       5522    32 2453944.652141  6.479878e+00  1.500874e-03  6.654513e+00  5.164308e-02 
   81142747   1.765527e+03   1.919650e+00   2.207957e+03   8.660287e+01 222200607280333130      31339       5265    32 2453944.652164  6.882814e+00  1.180520e-03  6.640023e+00  4.258606e-02 
   81142777   1.907073e+03   2.110254e+00   2.274972e+03   6.778440e+01 222200607280333440      31338       5265    32 2453944.652512  6.799082e+00  1.201416e-03  6.607560e+00  3.235039e-02 
   81142777   2.581073e+03   3.656221e+00   2.216676e+03   1.388138e+02 223200607280333440        852       5522    32 2453944.652512  6.470499e+00  1.538006e-03  6.635744e+00  6.799173e-02 
   81144495   2.238475e+03   2.940497e+00   1.942612e+03   8.711897e+01 223200607280402210        836       5511    32 2453944.672396  6.625120e+00  1.426246e-03  6.779035e+00  4.869141e-02 
   81144533   2.599686e+03   3.110870e+00   2.186562e+03   9.049720e+01 223200607280403000        835       5509    32 2453944.672836  6.462698e+00  1.299232e-03  6.650596e+00  4.493650e-02 
   81380861   3.871839e+02   4.277377e+00   6.350698e+02   6.697473e+02 223200607302141350        771       5657    32 2453947.408113  8.530207e+00  1.199461e-02  7.992947e+00  1.145026e+00 
   81380899   7.121637e+03   5.381633e+01   4.587419e+03   3.430110e+03 223200607302142130        773       5657    32 2453947.408553  5.368550e+00  8.204649e-03  5.846079e+00  8.118307e-01 
   81381517   1.136352e+01   3.812082e+00   1.583317e+01   1.236302e+01 222200607302152310      31055       5230    32 2453947.415706  1.236122e+01  3.642296e-01  1.200108e+01  8.477790e-01 
   81382319   1.295939e+03   2.044513e+00   1.283985e+03   5.211160e+02 223200607302205530        786       5692    32 2453947.424988  7.218539e+00  1.712896e-03  7.228601e+00  4.406567e-01 
   81385887   3.597279e+03   6.144520e+00   3.094024e+03   7.621725e+02 223200607302305200        852       5744    32 2453947.466285  6.110065e+00  1.854555e-03  6.273691e+00  2.674579e-01 
   81385917   1.483149e+03   2.951908e+00   2.266421e+03   7.626607e+02 222200607302305510      31247       5342    32 2453947.466632  7.072038e+00  2.160946e-03  6.611649e+00  3.653563e-01 
   81385917   1.031915e+03   2.095265e+00   1.112037e+03   3.920157e+02 223200607302305510        852       5745    32 2453947.466632  7.465891e+00  2.204556e-03  7.384702e+00  3.827456e-01 
   81386514   4.696839e+03   5.704725e+00   2.423642e+03   6.185838e+02 223200607302315470        863       5821    32 2453947.473542  5.820486e+00  1.318727e-03  6.538829e+00  2.771124e-01 
   81387167   2.191335e+03   2.220115e+00   1.853991e+03   1.769673e+02 223200607302326410        871       5757    32 2453947.481100  6.648228e+00  1.099999e-03  6.829731e+00  1.036361e-01 
   81387711   3.264146e+03   1.910699e+01   4.387614e+03   4.268505e+03 223200607302335450        878       5830    32 2453947.487396  6.215576e+00  6.355483e-03  5.894429e+00  1.056266e+00 
   81387750   2.421783e+02   4.952496e+00   7.081315e+02   5.354122e+02 222200607302336230      31304       5455    32 2453947.487847  9.039662e+00  2.220316e-02  7.874715e+00  8.209187e-01 
   81387750   3.411540e+02   5.783890e+00   3.162010e+02   2.143810e+02 223200607302336230        878       5831    32 2453947.487847  8.667624e+00  1.840752e-02  8.750092e+00  7.361205e-01 
   81388316   2.677343e+03   6.406585e+00   2.934110e+03   1.167656e+03 223200607302345480        885       5756    32 2453947.494398  6.430740e+00  2.598056e-03  6.331309e+00  4.320803e-01 
   81388352   1.970730e+03   8.002348e+00   1.469743e+03   7.442656e+02 223200607302346250        886       5756    32 2453947.494815  6.763432e+00  4.408757e-03  7.081897e+00  5.498096e-01 
   81389021   2.457971e+03   1.300007e+01   3.183521e+03   2.292866e+03 223200607302357340        893       5745    32 2453947.502558  6.523558e+00  5.742417e-03  6.242731e+00  7.819821e-01 
   81389648   2.411712e+03   2.559587e+00   2.050045e+03   1.475943e+02 223200607310008000        884       5821    32 2453947.509815  6.544187e+00  1.152312e-03  6.720591e+00  7.816852e-02 
   81389687   2.224875e+03   2.383283e+00   1.962766e+03   1.306477e+02 223200607310008390        883       5820    32 2453947.510266  6.631736e+00  1.163043e-03  6.767828e+00  7.227017e-02 
   81390371   2.466117e+03   2.560199e+00   2.137376e+03   1.079687e+02 223200607310020030        895       5736    32 2453947.518183  6.519966e+00  1.127161e-03  6.675298e+00  5.484573e-02 
   81391199   2.040238e+03   5.333139e+00   2.119442e+03   6.948182e+02 223200607310033510        956       5719    32 2453947.527766  6.725798e+00  2.838102e-03  6.684446e+00  3.559389e-01 
   81391231   2.080498e+03   6.027934e+00   1.937894e+03   6.171259e+02 223200607310034240        956       5719    32 2453947.528137  6.704582e+00  3.145770e-03  6.781675e+00  3.457559e-01 
   81391858   1.107356e+03   1.196617e+01   3.971438e+03   3.911661e+03 223200607310044500        946       5708    32 2453947.535394  7.389282e+00  1.173258e-02  6.002630e+00  1.069398e+00 
   81391896   1.209049e+03   4.315737e+00   2.083882e+03   1.216794e+03 223200607310045290        946       5709    32 2453947.535833  7.293890e+00  3.875581e-03  6.702817e+00  6.339714e-01 
   81392638   2.577977e+03   1.021131e+01   3.502139e+03   2.335518e+03 223200607310057510        943       5695    32 2453947.544421  6.471803e+00  4.300592e-03  6.139166e+00  7.240620e-01 
   81392676   5.814313e+02   1.027259e+01   1.010455e+03   7.882003e+02 223200607310058290        942       5694    32 2453947.544861  8.088754e+00  1.918259e-02  7.488707e+00  8.469257e-01 
   81393464   1.242400e+03   5.954066e+00   9.334922e+02   3.985017e+02 223200607310111360        902       5680    32 2453947.553981  7.264347e+00  5.203292e-03  7.574723e+00  4.634953e-01 
   81393502   1.902705e+03   7.733512e+00   1.906072e+03   6.027764e+02 223200607310112150        902       5680    32 2453947.554421  6.801571e+00  4.412971e-03  6.799652e+00  3.433545e-01 
   81394149   2.466952e+03   9.665826e+00   2.690004e+03   1.295060e+03 223200607310123020        883       5701    32 2453947.561910  6.519598e+00  4.254065e-03  6.425618e+00  5.227125e-01 
   81395531   1.851284e+03   7.204917e+00   2.265010e+03   1.035634e+03 223200607310146030        881       5678    32 2453947.577905  6.831317e+00  4.225536e-03  6.612325e+00  4.964347e-01 
   81395569   2.348984e+03   4.484629e+00   2.449534e+03   7.213612e+02 223200607310146420        882       5675    32 2453947.578345  6.572800e+00  2.072871e-03  6.527291e+00  3.197387e-01 
   83018036   2.588398e+03   3.951043e+00   2.858630e+03   2.464442e+02 222200608182026440      31067       5211    32 2453966.356898  6.467422e+00  1.657320e-03  6.359605e+00  9.360228e-02 
   83018036   2.529773e+03   5.334001e+00   2.335760e+03   4.877199e+02 223200608182026440        800       5643    32 2453966.356898  6.492296e+00  2.289271e-03  6.578930e+00  2.267087e-01 
   83018076   1.940325e+03   3.352329e+00   2.133959e+03   1.645977e+02 222200608182027230      31069       5210    32 2453966.357361  6.780313e+00  1.875850e-03  6.677035e+00  8.374591e-02 
   83018076   2.335291e+03   5.690428e+00   2.577846e+03   4.637886e+02 223200608182027230        800       5643    32 2453966.357361  6.579147e+00  2.645634e-03  6.471858e+00  1.953390e-01 
   83018659   2.169896e+03   3.505876e+00   2.172682e+03   2.723160e+02 222200608182037060      31093       5238    32 2453966.364109  6.658903e+00  1.754218e-03  6.657509e+00  1.360826e-01 
   83018660   4.525578e+03   1.109840e+01   3.315820e+03   1.348247e+03 223200608182037070        808       5662    32 2453966.364120  5.860815e+00  2.662638e-03  6.198523e+00  4.414731e-01 
   83018697   1.282091e+03   2.509363e+00   2.418458e+03   4.196936e+02 222200608182037450      31094       5239    32 2453966.364549  7.230203e+00  2.125056e-03  6.541153e+00  1.884168e-01 
   83018698   3.869691e+03   1.344036e+01   3.672429e+03   1.745364e+03 223200608182037460        808       5663    32 2453966.364560  6.030809e+00  3.771033e-03  6.087616e+00  5.160103e-01 
   83019413   2.378202e+03   4.212790e+00   2.423528e+03   3.223096e+02 223200608182049410        810       5677    32 2453966.372836  6.559378e+00  1.923300e-03  6.538880e+00  1.443946e-01 
   83019453   2.298923e+03   4.083653e+00   2.359962e+03   5.137386e+02 223200608182050200        809       5678    32 2453966.373299  6.596189e+00  1.928636e-03  6.567738e+00  2.363540e-01 
   83020050   2.259174e+03   2.211715e+00   2.026727e+03   1.303969e+02 223200608182100170        820       5695    32 2453966.380208  6.615126e+00  1.062932e-03  6.733012e+00  6.985504e-02 
   83020088   2.362831e+03   2.653210e+00   2.178096e+03   2.595357e+02 223200608182100550        820       5696    32 2453966.380648  6.566419e+00  1.219172e-03  6.654807e+00  1.293736e-01 
   83020652   2.445501e+03   2.879217e+00   2.167382e+03   2.036738e+02 223200608182110190        828       5782    32 2453966.387176  6.529080e+00  1.278299e-03  6.660161e+00  1.020295e-01 
   83020688   2.705343e+03   3.624266e+00   2.333979e+03   3.207691e+02 223200608182110560        828       5782    32 2453966.387593  6.419444e+00  1.454533e-03  6.579758e+00  1.492181e-01 
   83021250   2.743069e+03   3.301711e+00   2.503712e+03   3.811425e+02 222200608182120180      31196       5305    32 2453966.394097  6.404408e+00  1.306857e-03  6.503539e+00  1.652833e-01 
   83021252   3.437673e+03   5.482663e+00   3.284864e+03   9.754625e+02 223200608182120190        838       5715    32 2453966.394120  6.159338e+00  1.731621e-03  6.208706e+00  3.224178e-01 
   83021289   2.207050e+03   3.307560e+00   2.092282e+03   2.801440e+02 222200608182120560      31197       5306    32 2453966.394549  6.640470e+00  1.627127e-03  6.698449e+00  1.453740e-01 
   83021290   2.828567e+03   5.236887e+00   2.480152e+03   4.051774e+02 223200608182120570        838       5716    32 2453966.394560  6.371084e+00  2.010169e-03  6.513804e+00  1.773752e-01 
   83021814   2.957356e+03   7.048061e+00   2.066111e+03   4.859857e+02 222200608182129420      31239       5380    32 2453966.400625  6.322741e+00  2.587569e-03  6.712116e+00  2.553852e-01 
   83021816   2.657586e+03   9.973035e+00   3.031348e+03   1.185416e+03 223200608182129430        940       5787    32 2453966.400648  6.438782e+00  4.074420e-03  6.295910e+00  4.245811e-01 
   83021852   2.455314e+03   1.216927e+01   2.898800e+03   1.239549e+03 223200608182130200        940       5788    32 2453966.401065  6.524733e+00  5.381253e-03  6.344454e+00  4.642707e-01 
   83027943   2.079933e+03   2.364252e+00   2.007708e+03   1.599115e+02 223200608182311510       1001       5719    32 2453966.471563  6.704876e+00  1.234156e-03  6.743249e+00  8.647785e-02 
   83027981   2.216118e+03   2.322514e+00   1.960692e+03   7.823031e+01 223200608182312290       1000       5720    32 2453966.472002  6.636018e+00  1.137866e-03  6.768977e+00  4.332031e-02 
   83028680   1.001579e+03   1.850336e+00   1.948637e+03   3.687931e+02 222200608182324070      31408       5424    32 2453966.480093  7.498287e+00  2.005816e-03  6.775673e+00  2.054839e-01 
   83028680   2.465880e+03   5.998789e+00   2.377998e+03   5.030034e+02 223200608182324070        966       5788    32 2453966.480093  6.520070e+00  2.641298e-03  6.559472e+00  2.296600e-01 
   83028717   1.530203e+03   1.846442e+00   2.281250e+03   2.552245e+02 222200608182324450      31409       5424    32 2453966.480521  7.038127e+00  1.310124e-03  6.604568e+00  1.214717e-01 
   83028717   3.248797e+03   5.358138e+00   2.567731e+03   4.150466e+02 223200608182324450        967       5788    32 2453966.480521  6.220694e+00  1.790677e-03  6.476126e+00  1.754984e-01 
   83029366   1.857957e+03   1.993228e+00   2.384776e+03   1.701718e+02 222200608182335340      31404       5358    32 2453966.488032  6.827411e+00  1.164789e-03  6.556381e+00  7.747577e-02 
   83029366   2.671250e+03   3.710646e+00   2.262324e+03   2.243375e+02 223200608182335340        962       5700    32 2453966.488032  6.433214e+00  1.508207e-03  6.613613e+00  1.076646e-01 
   83030188   2.602548e+03   2.931975e+00   2.170950e+03   1.155682e+02 223200608182349160        920       5760    32 2453966.497546  6.461503e+00  1.223171e-03  6.658375e+00  5.779821e-02 
   83030228   3.035874e+03   4.016298e+00   2.660546e+03   4.136076e+02 223200608182349550        919       5760    32 2453966.498009  6.294291e+00  1.436376e-03  6.437573e+00  1.687888e-01 
   84055706   2.298459e+03   1.711051e+00   1.956955e+03   6.888616e+01 223200608302040530        913       5716    32 2453978.366968  6.596408e+00  8.082619e-04  6.771048e+00  3.821880e-02 
   84055743   2.295651e+03   1.713787e+00   1.955711e+03   6.739395e+01 223200608302041310        913       5717    32 2453978.367396  6.597735e+00  8.105446e-04  6.771739e+00  3.741469e-02 
   84056211   2.301017e+03   1.711177e+00   1.962351e+03   6.762257e+01 223200608302049180        905       5728    32 2453978.372813  6.595201e+00  8.074224e-04  6.768058e+00  3.741457e-02 
   84056248   2.305331e+03   1.709943e+00   1.968734e+03   6.638441e+01 223200608302049550        906       5729    32 2453978.373241  6.593167e+00  8.053305e-04  6.764533e+00  3.661044e-02 
   84056751   2.327265e+03   1.709952e+00   1.994856e+03   6.578716e+01 223200608302058180        895       5732    32 2453978.379062  6.582885e+00  7.977448e-04  6.750221e+00  3.580596e-02 
   84056789   2.315146e+03   1.705902e+00   1.982188e+03   6.341233e+01 223200608302058560        895       5733    32 2453978.379502  6.588554e+00  8.000214e-04  6.757138e+00  3.473400e-02 
   84062187   2.379895e+03   1.714896e+00   2.187920e+03   8.889565e+01 223200608302228540        933       5717    32 2453978.441979  6.558606e+00  7.823584e-04  6.649921e+00  4.411384e-02 
   84062224   2.380267e+03   1.715963e+00   2.191864e+03   7.931492e+01 223200608302229320        933       5717    32 2453978.442407  6.558436e+00  7.827228e-04  6.647966e+00  3.928865e-02 
   84404000   1.964027e+03   3.342951e+00   1.938117e+03   5.114054e+02 223200609032125450        976       5784    32 2453982.398148  6.767131e+00  1.848027e-03  6.781550e+00  2.864911e-01 
   84404038   2.095624e+03   3.491665e+00   2.122358e+03   6.223872e+02 223200609032126230        977       5784    32 2453982.398588  6.696717e+00  1.809028e-03  6.682953e+00  3.183962e-01 
   84511716   1.630507e+03   2.622623e+00   3.141711e+03   7.306818e+02 222200609050321010      31090       5123    32 2453983.644861  6.969193e+00  1.746382e-03  6.257084e+00  2.525154e-01 
   84513555   1.718186e+03   2.473354e+00   2.570103e+03   4.262561e+02 222200609050351390      31011       5081    32 2453983.666146  6.912324e+00  1.562939e-03  6.475124e+00  1.800719e-01 
   84513939   1.112059e+03   2.258559e+00   1.149505e+03   4.659714e+02 223200609050358040        715       5301    32 2453983.670590  7.384681e+00  2.205107e-03  7.348723e+00  4.401232e-01 
   84927803   1.496594e+03   1.095920e+00   1.868466e+03   7.849845e+01 222200609092255470      31408       5357    32 2453988.460683  7.062240e+00  7.950613e-04  6.821287e+00  4.561437e-02 
   84927840   1.487375e+03   1.094323e+00   1.841779e+03   9.892995e+01 222200609092256240      31408       5356    32 2453988.461111  7.068949e+00  7.988236e-04  6.836906e+00  5.831981e-02 
   84928615   1.434106e+03   1.163517e+00   1.689350e+03   5.014883e+02 222200609092309190      31403       5420    32 2453988.470081  7.108547e+00  8.808809e-04  6.930701e+00  3.223048e-01 
   84928615   1.542908e+03   1.357466e+00   3.910664e+03   3.848889e+03 223200609092309190        888       5745    32 2453988.470081  7.029150e+00  9.552449e-04  6.019374e+00  1.068589e+00 
   84928647   1.428778e+03   1.162854e+00   1.691001e+03   5.013871e+02 222200609092309510      31403       5420    32 2453988.470451  7.112588e+00  8.836623e-04  6.929641e+00  3.219254e-01 
   84928647   1.535946e+03   1.355143e+00   3.985433e+03   3.944128e+03 223200609092309510        889       5743    32 2453988.470451  7.034060e+00  9.579327e-04  5.998811e+00  1.074487e+00 
   85689130   1.057875e+03   1.454028e+00   1.551261e+03   3.878797e+02 222200609181824420      31006       5323    32 2453997.272338  7.438914e+00  1.492327e-03  7.023288e+00  2.714801e-01 
   85689130   1.794244e+03   3.611705e+00   1.361709e+03   6.098334e+02 223200609181824420        731       5592    32 2453997.272338  6.865296e+00  2.185529e-03  7.164789e+00  4.862422e-01 
   85690903   3.493832e+03   5.238176e+00   3.426097e+03   1.057166e+03 223200609181854160        756       5638    32 2453997.292859  6.141745e+00  1.627811e-03  6.163001e+00  3.350191e-01 
   85690941   3.496208e+03   5.090567e+00   2.187201e+03   5.722795e+02 223200609181854540        757       5639    32 2453997.293299  6.141006e+00  1.580865e-03  6.650278e+00  2.840831e-01 
   85691441   1.615257e+03   1.531423e+00   1.381985e+03   1.162145e+02 223200609181903130        767       5646    32 2453997.299086  6.979396e+00  1.029389e-03  7.148742e+00  9.130251e-02 
   85691975   1.373129e+03   1.476947e+00   1.250159e+03   1.755141e+02 223200609181912070        776       5660    32 2453997.305266  7.155722e+00  1.167829e-03  7.257586e+00  1.524307e-01 
   85692479   1.742967e+03   2.369570e+00   2.227291e+03   4.452631e+02 222200609181920310      31147       5419    32 2453997.311100  6.896777e+00  1.476068e-03  6.630558e+00  2.170530e-01 
   85692479   1.197399e+03   2.116564e+00   1.401913e+03   4.003823e+02 223200609181920310        784       5675    32 2453997.311100  7.304403e+00  1.919192e-03  7.133197e+00  3.100842e-01 
   85692516   9.885969e+02   1.816777e+00   1.686723e+03   6.212084e+02 222200609181921080      31148       5419    32 2453997.311528  7.512452e+00  1.995300e-03  6.932390e+00  3.998705e-01 
   85692516   9.989039e+02   2.200164e+00   1.248214e+03   4.304641e+02 223200609181921080        784       5675    32 2453997.311528  7.501191e+00  2.391428e-03  7.259277e+00  3.744326e-01 
   85693051   1.402546e+03   2.433239e+00   1.832291e+03   5.907129e+02 223200609181930030        878       5688    32 2453997.317720  7.132707e+00  1.883621e-03  6.842514e+00  3.500321e-01 
   85693089   2.835361e+03   3.686336e+00   3.909118e+03   1.441741e+03 223200609181930410        878       5689    32 2453997.318160  6.368479e+00  1.411602e-03  6.019803e+00  4.004371e-01 
   85693538   2.839800e+03   4.585643e+00   2.446571e+03   1.007464e+03 223200609181938120        874       5767    32 2453997.323356  6.366781e+00  1.753228e-03  6.528605e+00  4.470927e-01 
   85693577   3.218400e+03   5.241668e+00   2.839747e+03   7.710588e+02 223200609181938500        874       5767    32 2453997.323808  6.230900e+00  1.768298e-03  6.366801e+00  2.948042e-01 
   85694264   3.066588e+03   5.222146e+00   1.861601e+03   5.620730e+02 222200609181950180      31210       5463    32 2453997.331759  6.283361e+00  1.848925e-03  6.825284e+00  3.278174e-01 
   85694264   2.387794e+03   4.852607e+00   2.184969e+03   7.438127e+02 223200609181950180        816       5708    32 2453997.331759  6.555008e+00  2.206501e-03  6.651387e+00  3.696104e-01 
   85694301   1.231130e+03   3.916034e+00   2.668591e+03   8.308734e+02 222200609181950550      31211       5463    32 2453997.332187  7.274240e+00  3.453572e-03  6.434295e+00  3.380482e-01 
   85694841   2.632594e+03   3.131471e+00   2.768764e+03   5.623798e+02 223200609181959540        823       5709    32 2453997.338437  6.449040e+00  1.291488e-03  6.394285e+00  2.205310e-01 
   85694874   2.884767e+03   3.689227e+00   2.108237e+03   3.725224e+02 223200609182000270        824       5711    32 2453997.338819  6.349723e+00  1.388514e-03  6.690201e+00  1.918487e-01 
   85696145   2.248925e+03   2.203756e+00   1.844760e+03   1.728976e+02 223200609182021380        842       5714    32 2453997.353530  6.620062e+00  1.063933e-03  6.835151e+00  1.017595e-01 
   85696178   2.166094e+03   1.907980e+00   1.750224e+03   1.385366e+02 223200609182022110        843       5714    32 2453997.353912  6.660807e+00  9.563623e-04  6.892266e+00  8.594027e-02 
   85707995   1.762963e+03   1.423227e+00   2.254414e+03   5.455683e+01 222200609182339090      31334       5478    32 2453997.490683  6.884392e+00  8.765100e-04  6.617416e+00  2.627491e-02 
   85707995   2.778603e+03   3.004775e+00   2.166465e+03   1.196102e+02 223200609182339090        883       5543    32 2453997.490683  6.390434e+00  1.174117e-03  6.660621e+00  5.994355e-02 
   86121858   4.554816e+02   2.992230e+00   1.140067e+03   3.531796e+02 222200609231836590      31096       5367    32 2454002.280764  8.353823e+00  7.132634e-03  7.357674e+00  3.363497e-01 
   86121858   1.066109e+03   7.864105e+00   1.383564e+03   6.439169e+02 223200609231836590        765       5613    32 2454002.280764  7.430496e+00  8.008915e-03  7.147502e+00  5.053083e-01 
   86121896   9.850303e+02   2.522786e+00   1.396054e+03   1.954612e+02 222200609231837370      31104       5369    32 2454002.281204  7.516376e+00  2.780716e-03  7.137745e+00  1.520143e-01 
   86121896   2.667403e+03   1.284814e+01   3.319789e+03   1.804852e+03 223200609231837370        766       5613    32 2454002.281204  6.434779e+00  5.229708e-03  6.197224e+00  5.902786e-01 
   86141083   2.266748e+03   3.087042e+00   2.815517e+03   2.830388e+02 222200609232357260      31297       5427    32 2454002.503275  6.611492e+00  1.478650e-03  6.376105e+00  1.091475e-01 
   86141083   2.895301e+03   5.277926e+00   2.815837e+03   5.121581e+02 223200609232357260        833       5448    32 2454002.503275  6.345766e+00  1.979226e-03  6.375981e+00  1.974796e-01 
   86141121   1.718891e+03   2.786403e+00   2.054820e+03   2.065739e+02 222200609232358040      31296       5428    32 2454002.503715  6.911879e+00  1.760036e-03  6.718066e+00  1.091509e-01 
   86141121   1.830030e+03   3.819509e+00   1.605912e+03   3.174801e+02 223200609232358040        832       5447    32 2454002.503715  6.843854e+00  2.266080e-03  6.985696e+00  2.146449e-01 
   86141879   1.779101e+03   2.209636e+00   2.355066e+03   1.158187e+02 222200609240010410      31325       5503    32 2454002.512488  6.874498e+00  1.348485e-03  6.569993e+00  5.339510e-02 
   86141879   2.715448e+03   4.698953e+00   2.382837e+03   3.804500e+02 223200609240010410        923       5471    32 2454002.512488  6.415396e+00  1.878821e-03  6.557264e+00  1.733521e-01 
   86141917   1.631191e+03   2.002193e+00   2.263167e+03   1.634718e+02 222200609240011190      31323       5504    32 2454002.512928  6.968738e+00  1.332683e-03  6.613208e+00  7.842457e-02 
   86141917   2.711986e+03   5.027976e+00   2.318080e+03   5.504249e+02 223200609240011190        922       5471    32 2454002.512928  6.416781e+00  2.012944e-03  6.587179e+00  2.578074e-01 
   86142750   1.290569e+03   2.207161e+00   2.209298e+03   3.934292e+02 222200609240025130      31249       5364    32 2454002.522569  7.223047e+00  1.856858e-03  6.639364e+00  1.933473e-01 
   86142750   2.147296e+03   4.463839e+00   2.306290e+03   5.339527e+02 223200609240025130        811       5397    32 2454002.522569  6.670270e+00  2.257056e-03  6.592715e+00  2.513708e-01 
   86142788   1.496487e+03   1.907305e+00   2.395209e+03   2.893103e+02 222200609240025510      31249       5365    32 2454002.523009  7.062318e+00  1.383799e-03  6.551641e+00  1.311434e-01 
   86142788   2.586461e+03   4.438768e+00   2.629415e+03   6.678438e+02 223200609240025510        811       5396    32 2454002.523009  6.468235e+00  1.863298e-03  6.450352e+00  2.757666e-01 
   86144017   2.021769e+03   2.086438e+00   2.322398e+03   1.649113e+02 222200609240046200      31218       5485    32 2454002.537234  6.735672e+00  1.120469e-03  6.585158e+00  7.709739e-02 
   86144054   1.830943e+03   1.963501e+00   2.197754e+03   1.840820e+02 222200609240046570      31217       5485    32 2454002.537662  6.843313e+00  1.164346e-03  6.645052e+00  9.094065e-02 
   86150176   1.897235e+03   5.593563e+00   2.583830e+03   9.599878e+02 223200609240228590        712       5212    32 2454002.608519  6.804698e+00  3.201056e-03  6.469340e+00  4.033923e-01 
   86150215   9.558068e+02   3.457666e+00   1.401059e+03   5.904352e+02 223200609240229370        711       5212    32 2454002.608970  7.549075e+00  3.927704e-03  7.133859e+00  4.575532e-01 
   86232787   1.751452e+03   1.490772e+00   2.299315e+03   8.736539e+01 222200609250125510      31110       5303    32 2454003.564664  6.891505e+00  9.241423e-04  6.596004e+00  4.125406e-02 
   86233238   2.441978e+03   3.359739e+00   2.299155e+03   2.841474e+02 222200609250133220      31110       5436    32 2454003.569884  6.530646e+00  1.493790e-03  6.596079e+00  1.341842e-01 
   86233238   2.936856e+03   5.409676e+00   2.752267e+03   5.332222e+02 223200609250133220        734       5339    32 2454003.569884  6.330293e+00  1.999928e-03  6.400774e+00  2.103505e-01 
   86233276   2.144553e+03   3.420646e+00   2.114218e+03   2.121856e+02 222200609250134000      31110       5437    32 2454003.570324  6.671658e+00  1.731798e-03  6.687126e+00  1.089662e-01 
   86233276   2.496909e+03   5.358390e+00   2.416404e+03   4.442924e+02 223200609250134000        734       5339    32 2454003.570324  6.506493e+00  2.330008e-03  6.542076e+00  1.996297e-01 
   86233728   1.878654e+03   2.804824e+00   2.503204e+03   2.450856e+02 222200609250141330      31090       5430    32 2454003.575556  6.815383e+00  1.621006e-03  6.503759e+00  1.063034e-01 
   86233728   2.525118e+03   4.781150e+00   2.132999e+03   2.362904e+02 223200609250141330        728       5321    32 2454003.575556  6.494296e+00  2.055779e-03  6.677523e+00  1.202766e-01 
   86233766   1.743613e+03   2.663327e+00   2.686235e+03   3.150819e+02 222200609250142110      31090       5431    32 2454003.575995  6.896375e+00  1.658441e-03  6.427140e+00  1.273519e-01 
   86233766   2.323940e+03   4.590634e+00   2.262052e+03   3.175990e+02 223200609250142110        725       5319    32 2454003.575995  6.584438e+00  2.144735e-03  6.613744e+00  1.524412e-01 
   86811012   1.864971e+03   2.513549e+00   1.540522e+03   2.410134e+02 223200610011803140        749       5649    32 2454010.257083  6.823320e+00  1.463326e-03  7.030830e+00  1.698631e-01 
   86811163   1.768694e+03   2.609279e+00   1.624914e+03   2.923332e+02 223200610011805460        750       5659    32 2454010.258831  6.880868e+00  1.601746e-03  6.972924e+00  1.953320e-01 
   86811203   1.978418e+03   2.985237e+00   1.867191e+03   3.645077e+02 223200610011806250        751       5659    32 2454010.259294  6.759205e+00  1.638274e-03  6.822028e+00  2.119551e-01 
   86811370   1.892656e+03   2.582708e+00   1.739266e+03   3.532765e+02 223200610011809130        754       5667    32 2454010.261227  6.807321e+00  1.481594e-03  6.899085e+00  2.205335e-01 
   86811408   1.529367e+03   3.007194e+00   1.729592e+03   4.367367e+02 223200610011809510        755       5667    32 2454010.261667  7.038721e+00  2.134890e-03  6.905141e+00  2.741586e-01 
   86811607   2.123790e+03   3.202599e+00   1.800481e+03   3.581564e+02 223200610011813090        758       5673    32 2454010.263970  6.682221e+00  1.637257e-03  6.861528e+00  2.159782e-01 
   86814065   1.791567e+03   2.806187e+00   1.601290e+03   2.900633e+02 223200610011854080        907       5690    32 2454010.292419  6.866917e+00  1.700628e-03  6.988825e+00  1.966747e-01 
   86814103   1.940844e+03   2.469023e+00   1.691774e+03   2.416961e+02 223200610011854460        907       5691    32 2454010.292859  6.780023e+00  1.381212e-03  6.929144e+00  1.551148e-01 
   86814358   9.364395e+02   4.335122e+00   1.569876e+03   3.612982e+02 222200610011859000      31223       5436    32 2454010.295810  7.571301e+00  5.026288e-03  7.010337e+00  2.498770e-01 
   86814358   1.489011e+03   7.609044e+00   4.102782e+03   3.972120e+03 223200610011859000        892       5719    32 2454010.295810  7.067755e+00  5.548276e-03  5.967304e+00  1.051162e+00 
   86814396   1.760197e+03   3.343584e+00   2.255134e+03   1.203842e+02 222200610011859380      31225       5437    32 2454010.296250  6.886097e+00  2.062419e-03  6.617069e+00  5.795928e-02 
   86814396   1.885304e+03   4.732823e+00   3.626987e+03   2.465335e+03 223200610011859390        891       5718    32 2454010.296250  6.811547e+00  2.725617e-03  6.101135e+00  7.379989e-01 
   86814662   1.335512e+03   5.121253e+00   2.326465e+03   5.402841e+02 222200610011904050      31231       5442    32 2454010.299329  7.185881e+00  4.163459e-03  6.583259e+00  2.521456e-01 
   86814662   1.424526e+03   5.725461e+00   3.177435e+03   2.490891e+03 223200610011904050        890       5722    32 2454010.299329  7.115824e+00  4.363811e-03  6.244809e+00  8.511457e-01 
   86814700   2.031380e+03   4.607402e+00   1.660039e+03   2.979684e+02 222200610011904430      31232       5442    32 2454010.299769  6.730522e+00  2.462583e-03  6.949704e+00  1.948847e-01 
   86814700   2.022869e+03   4.936331e+00   3.823730e+03   2.669883e+03 223200610011904430        890       5722    32 2454010.299769  6.735080e+00  2.649490e-03  6.043782e+00  7.581075e-01 
   86814947   1.508705e+03   3.674153e+00   2.254691e+03   2.727505e+02 222200610011908490      31237       5446    32 2454010.302627  7.053489e+00  2.644105e-03  6.617282e+00  1.313422e-01 
   86814947   1.961450e+03   5.823241e+00   4.262074e+03   3.649556e+03 223200610011908490        891       5725    32 2454010.302627  6.768557e+00  3.223394e-03  5.925948e+00  9.297043e-01 
   86814984   1.469774e+03   3.003068e+00   2.254966e+03   2.125171e+02 222200610011909260      31237       5446    32 2454010.303056  7.081873e+00  2.218403e-03  6.617150e+00  1.023245e-01 
   86814984   1.754252e+03   4.963188e+00   2.845006e+03   1.612037e+03 223200610011909270        890       5725    32 2454010.303056  6.889770e+00  3.071812e-03  6.364792e+00  6.152017e-01 
   86815232   1.763903e+03   2.950844e+00   1.702538e+03   3.205944e+02 223200610011913350        893       5728    32 2454010.305926  6.883813e+00  1.816341e-03  6.922258e+00  2.044490e-01 
   86815270   1.821272e+03   2.369439e+00   2.233383e+03   7.435279e+01 222200610011914120      31247       5449    32 2454010.306366  6.849063e+00  1.412526e-03  6.627592e+00  3.614597e-02 
   86815270   1.628292e+03   2.632743e+00   1.615459e+03   2.770693e+02 223200610011914130        894       5728    32 2454010.306366  6.970669e+00  1.755505e-03  6.979260e+00  1.862166e-01 
   86815609   1.787935e+03   2.038519e+00   1.655121e+03   2.331866e+02 223200610011919520        894       5732    32 2454010.310289  6.869121e+00  1.237909e-03  6.952926e+00  1.529677e-01 
   86815648   1.634804e+03   1.767870e+00   1.535187e+03   2.015043e+02 223200610011920300        894       5732    32 2454010.310741  6.966336e+00  1.174115e-03  7.034597e+00  1.425111e-01 
   86815896   2.011016e+03   3.164450e+00   2.220818e+03   1.852541e+02 222200610011924380      31263       5460    32 2454010.313611  6.741461e+00  1.708475e-03  6.633718e+00  9.056923e-02 
   86815896   1.661963e+03   3.068945e+00   1.706563e+03   3.344183e+02 223200610011924380        897       5733    32 2454010.313611  6.948447e+00  2.004904e-03  6.919694e+00  2.127618e-01 
   86815934   1.519297e+03   2.452339e+00   1.586313e+03   2.998820e+02 223200610011925160        897       5734    32 2454010.314051  7.045894e+00  1.752523e-03  6.999028e+00  2.052520e-01 
   86816186   1.829843e+03   2.557646e+00   1.565819e+03   2.159727e+02 223200610011929280        900       5734    32 2454010.316968  6.843966e+00  1.517583e-03  7.013146e+00  1.497556e-01 
   86816224   2.398355e+03   3.846721e+00   2.859973e+03   1.227837e+03 223200610011930070        901       5734    32 2454010.317407  6.550216e+00  1.741418e-03  6.359095e+00  4.661272e-01 
   88546153   3.019738e+03   8.709032e+00   2.017322e+03   5.848149e+02 222200610212003410      31768       5432    32 2454030.339734  6.300077e+00  3.131313e-03  6.738062e+00  3.147524e-01 
   88546153   2.637071e+03   1.171998e+01   3.538335e+03   1.893073e+03 223200610212003410        741       5538    32 2454030.339734  6.447196e+00  4.825373e-03  6.128003e+00  5.808905e-01 
   88563896   2.784040e+03   1.389521e+01   3.120186e+03   2.600148e+03 223200610220059240        564       5085    32 2454030.545093  6.388311e+00  5.418953e-03  6.264549e+00  9.047809e-01 
   89163819   1.149121e+03   2.606368e+00   1.976624e+03   4.200135e+02 222200610282338460      31468       5328    32 2454037.488646  7.349086e+00  2.462611e-03  6.760190e+00  2.307093e-01 
   89163819   9.502756e+02   2.793240e+00   1.182366e+03   4.130154e+02 223200610282338460        615       5152    32 2454037.488646  7.555376e+00  3.191424e-03  7.318120e+00  3.792627e-01 
   89163857   1.629784e+03   2.344393e+00   2.498925e+03   4.358397e+02 222200610282339240      31467       5325    32 2454037.489086  6.969675e+00  1.561803e-03  6.505617e+00  1.893649e-01 
   90181319   5.086344e+03   1.829442e+01   5.676406e+03   4.702257e+03 223200611091818220        756       5557    32 2454049.265266  5.733986e+00  3.905159e-03  5.614816e+00  8.994121e-01 
   90181321   1.467703e+03   2.827213e+00   1.708902e+03   3.902911e+02 222200611091818230      31767       5404    32 2454049.265289  7.083405e+00  2.091444e-03  6.918207e+00  2.479689e-01 
   90181357   1.253619e+03   2.215634e+00   1.822569e+03   2.739479e+02 222200611091819000      31767       5404    32 2454049.265706  7.254586e+00  1.918925e-03  6.848290e+00  1.631961e-01 
   90181357   2.837076e+03   9.980183e+00   5.057747e+03   3.550270e+03 223200611091819000        757       5557    32 2454049.265706  6.367823e+00  3.819384e-03  5.740108e+00  7.621319e-01 
   90181717   8.645194e+02   1.974542e+00   1.377463e+03   3.867724e+02 222200611091824590      31776       5493    32 2454049.269873  7.658063e+00  2.479805e-03  7.152300e+00  3.048606e-01 
   90181717   1.695095e+03   5.029421e+00   2.055969e+03   8.024572e+02 223200611091824590        761       5641    32 2454049.269873  6.927015e+00  3.221438e-03  6.717458e+00  4.237708e-01 
   90181747   2.106229e+03   3.058667e+00   2.043794e+03   5.674436e+02 222200611091825300      31778       5495    32 2454049.270220  6.691236e+00  1.576712e-03  6.723907e+00  3.014473e-01 
   90182524   1.789451e+03   3.056386e+00   2.417943e+03   6.058575e+02 222200611091838270      31786       5421    32 2454049.279213  6.868201e+00  1.854447e-03  6.541385e+00  2.720509e-01 
   90182524   4.459177e+03   8.802998e+00   4.415559e+03   2.074514e+03 223200611091838270        762       5553    32 2454049.279213  5.876863e+00  2.143393e-03  5.887536e+00  5.101015e-01 
   90182994   9.836323e+02   6.092248e+00   1.424787e+03   4.120454e+02 222200611091846170      31788       5432    32 2454049.284653  7.517918e+00  6.724665e-03  7.115625e+00  3.139937e-01 
   90182994   7.838383e+02   6.215651e+00   1.114007e+03   5.231387e+02 223200611091846170        762       5553    32 2454049.284653  7.764434e+00  8.609660e-03  7.382781e+00  5.098646e-01 
   90183032   1.846810e+03   9.020407e+00   1.786860e+03   5.919865e+02 222200611091846540      31787       5434    32 2454049.285093  6.833944e+00  5.303098e-03  6.869773e+00  3.597054e-01 
   90183032   1.881034e+03   1.153598e+01   2.526543e+03   1.000521e+03 223200611091846540        762       5553    32 2454049.285093  6.814008e+00  6.658609e-03  6.493683e+00  4.299575e-01 
   90268871   1.756991e+03   4.061623e+00   2.280889e+03   8.080012e+02 223200611101837400        750       5518    32 2454050.278600  6.888076e+00  2.509897e-03  6.604740e+00  3.846216e-01 
   90269427   1.608253e+03   3.069025e+00   2.233818e+03   2.315921e+02 222200611101846560      31773       5408    32 2454050.285035  6.984114e+00  2.071914e-03  6.627380e+00  1.125646e-01 
  109125416   2.502944e+03   1.811987e+00   2.185629e+03   1.060729e+02 223200706170035220        757       5535    32 2454268.525648  6.503872e+00  7.860131e-04  6.651059e+00  5.269311e-02 
  109125454   2.472713e+03   1.805772e+00   2.158966e+03   1.069114e+02 223200706170036000        759       5536    32 2454268.526088  6.517066e+00  7.928938e-04  6.664386e+00  5.376554e-02 
  109125944   2.504838e+03   1.792435e+00   2.191435e+03   1.068954e+02 223200706170044100        765       5554    32 2454268.531759  6.503051e+00  7.769438e-04  6.648179e+00  5.296101e-02 
  109125981   2.478537e+03   1.781584e+00   2.164441e+03   1.061131e+02 223200706170044480        767       5554    32 2454268.532188  6.514512e+00  7.804348e-04  6.661635e+00  5.322909e-02 
  109127127   2.493040e+03   1.773199e+00   2.186351e+03   1.109657e+02 223200706170103530        783       5586    32 2454268.545451  6.508177e+00  7.722433e-04  6.650701e+00  5.510548e-02 
  109127165   2.462493e+03   1.762846e+00   2.154497e+03   1.072214e+02 223200706170104310        784       5587    32 2454268.545891  6.521563e+00  7.772581e-04  6.666636e+00  5.403331e-02 
  109129547   2.450934e+03   1.747936e+00   2.162827e+03   1.145781e+02 223200706170144130        822       5619    32 2454268.573461  6.526671e+00  7.743186e-04  6.662446e+00  5.751828e-02 
  109129585   2.464128e+03   1.755518e+00   2.168493e+03   1.138074e+02 223200706170144510        823       5618    32 2454268.573900  6.520842e+00  7.735136e-04  6.659605e+00  5.698210e-02 
  109130050   2.500404e+03   1.762765e+00   2.209301e+03   1.203127e+02 223200706170152360        823       5618    32 2454268.579282  6.504975e+00  7.654382e-04  6.639363e+00  5.912655e-02 
  109130087   2.446306e+03   1.744330e+00   2.163723e+03   1.156939e+02 223200706170153130        824       5618    32 2454268.579711  6.528723e+00  7.741830e-04  6.661996e+00  5.805435e-02 
  109131404   2.501358e+03   1.757110e+00   2.207438e+03   1.185762e+02 223200706170215090        839       5635    32 2454268.594954  6.504560e+00  7.626914e-04  6.640278e+00  5.832230e-02 
  109131442   2.467354e+03   1.744317e+00   2.177118e+03   1.147974e+02 223200706170215470        840       5635    32 2454268.595394  6.519422e+00  7.675731e-04  6.655295e+00  5.725006e-02 
  109131834   2.484832e+03   1.750520e+00   2.188231e+03   1.110608e+02 223200706170222200        844       5638    32 2454268.599931  6.511757e+00  7.648844e-04  6.649767e+00  5.510529e-02 
  109131874   2.473783e+03   1.744719e+00   2.182369e+03   1.139964e+02 223200706170222590        844       5638    32 2454268.600394  6.516596e+00  7.657545e-04  6.652679e+00  5.671382e-02 
  109133666   2.466125e+03   1.740251e+00   2.177960e+03   1.159172e+02 223200706170252510        857       5639    32 2454268.621134  6.519962e+00  7.661658e-04  6.654875e+00  5.778613e-02 
  109134590   2.516881e+03   1.754341e+00   2.211008e+03   1.204055e+02 223200706170308150        863       5635    32 2454268.631829  6.497843e+00  7.567930e-04  6.638525e+00  5.912648e-02 
  109136336   2.493562e+03   1.760763e+00   2.197865e+03   1.283735e+02 223200706170337220        880       5606    32 2454268.652037  6.507950e+00  7.666670e-04  6.644997e+00  6.341618e-02 
  109136374   2.480021e+03   1.752278e+00   2.187369e+03   1.293806e+02 223200706170338000        881       5605    32 2454268.652477  6.513862e+00  7.671383e-04  6.650195e+00  6.422041e-02 
  109137837   2.489658e+03   1.783708e+00   2.189681e+03   1.360061e+02 223200706170402220        871       5577    32 2454268.669410  6.509651e+00  7.778752e-04  6.649048e+00  6.743777e-02 
  109137874   2.512560e+03   1.779390e+00   2.216526e+03   1.475249e+02 223200706170403000        872       5574    32 2454268.669838  6.499709e+00  7.689188e-04  6.635818e+00  7.226339e-02 
  109297788   2.582853e+03   1.899010e+00   2.243445e+03   1.548574e+02 223200706190027590        750       5519    32 2454270.520694  6.469751e+00  7.982770e-04  6.622712e+00  7.494495e-02 
  109297826   2.553520e+03   1.885543e+00   2.222448e+03   1.523104e+02 223200706190028380        752       5520    32 2454270.521134  6.482152e+00  8.017204e-04  6.632921e+00  7.440874e-02 
  109298315   2.578774e+03   1.901069e+00   2.236604e+03   1.466533e+02 223200706190036470        761       5540    32 2454270.526794  6.471467e+00  8.004060e-04  6.626028e+00  7.119156e-02 
  109298353   2.573735e+03   1.898982e+00   2.230008e+03   1.451197e+02 223200706190037250        762       5540    32 2454270.527234  6.473590e+00  8.010929e-04  6.629234e+00  7.065547e-02 
  109298992   2.556034e+03   1.885722e+00   2.221257e+03   1.456469e+02 223200706190048030        773       5556    32 2454270.534630  6.481083e+00  8.010083e-04  6.633503e+00  7.119156e-02 
  109299030   2.563147e+03   1.889824e+00   2.223175e+03   1.430280e+02 223200706190048410        775       5556    32 2454270.535069  6.478066e+00  8.005228e-04  6.632566e+00  6.985110e-02 
  109299520   2.549607e+03   1.873637e+00   2.214056e+03   1.435347e+02 223200706190056510        785       5572    32 2454270.540741  6.483817e+00  7.978808e-04  6.637028e+00  7.038727e-02 
  109299557   2.577901e+03   1.887496e+00   2.236599e+03   1.438915e+02 223200706190057290        786       5572    32 2454270.541169  6.471835e+00  7.949609e-04  6.626029e+00  6.985100e-02 
  109300047   2.575782e+03   1.882983e+00   2.244328e+03   1.493764e+02 223200706190105380        794       5582    32 2454270.546840  6.472727e+00  7.937122e-04  6.622284e+00  7.226389e-02 
  109300085   2.560117e+03   1.875839e+00   2.230968e+03   1.490379e+02 223200706190106160        794       5582    32 2454270.547280  6.479351e+00  7.955391e-04  6.628767e+00  7.253191e-02 
  109300572   2.562487e+03   1.871124e+00   2.231349e+03   1.485125e+02 223200706190114240        801       5589    32 2454270.552917  6.478346e+00  7.928056e-04  6.628581e+00  7.226387e-02 
  109300611   2.568226e+03   1.876478e+00   2.240255e+03   1.524241e+02 223200706190115020        802       5589    32 2454270.553368  6.475917e+00  7.932977e-04  6.624257e+00  7.387235e-02 
  109301004   2.576232e+03   1.876972e+00   2.250470e+03   1.547862e+02 223200706190121360        807       5599    32 2454270.557917  6.472538e+00  7.910404e-04  6.619317e+00  7.467666e-02 
  109301042   2.571318e+03   1.875704e+00   2.244950e+03   1.527435e+02 223200706190122140        808       5598    32 2454270.558356  6.474611e+00  7.920169e-04  6.621983e+00  7.387231e-02 
  109301502   2.581668e+03   1.871605e+00   2.248576e+03   1.518797e+02 223200706190129530        810       5601    32 2454270.563681  6.470249e+00  7.871176e-04  6.620231e+00  7.333615e-02 
  109301539   2.581437e+03   1.864632e+00   2.247143e+03   1.517829e+02 223200706190130310        811       5601    32 2454270.564109  6.470346e+00  7.842553e-04  6.620924e+00  7.333612e-02 
  109301932   2.576091e+03   1.864709e+00   2.238301e+03   1.473168e+02 223200706190137040        817       5608    32 2454270.568657  6.472597e+00  7.859151e-04  6.625204e+00  7.145944e-02 
  109301970   2.563538e+03   1.860038e+00   2.232393e+03   1.496841e+02 223200706190137420        818       5607    32 2454270.569097  6.477901e+00  7.877854e-04  6.628073e+00  7.279992e-02 
  109302437   2.566111e+03   1.855398e+00   2.228722e+03   1.461360e+02 223200706190145280        820       5606    32 2454270.574502  6.476811e+00  7.850323e-04  6.629860e+00  7.119132e-02 
  109302475   2.587233e+03   1.862786e+00   2.244569e+03   1.466207e+02 223200706190146060        822       5606    32 2454270.574942  6.467911e+00  7.817236e-04  6.622168e+00  7.092317e-02 
  109302932   2.577263e+03   1.849398e+00   2.235570e+03   1.421688e+02 223200706190153440        831       5621    32 2454270.580231  6.472103e+00  7.791077e-04  6.626530e+00  6.904654e-02 
  109302970   2.566763e+03   1.840932e+00   2.226849e+03   1.427137e+02 223200706190154220        832       5621    32 2454270.580671  6.476536e+00  7.787140e-04  6.630773e+00  6.958265e-02 
  109303366   2.586511e+03   1.845173e+00   2.240605e+03   1.386160e+02 223200706190200580        836       5629    32 2454270.585255  6.468214e+00  7.745482e-04  6.624087e+00  6.716979e-02 
  109303405   2.567690e+03   1.841914e+00   2.225032e+03   1.393009e+02 223200706190201360        838       5628    32 2454270.585706  6.476143e+00  7.788476e-04  6.631659e+00  6.797408e-02 
  109303796   2.576577e+03   1.840974e+00   2.228770e+03   1.345819e+02 223200706190208080        840       5627    32 2454270.590231  6.472392e+00  7.757654e-04  6.629837e+00  6.556123e-02 
  109303833   2.566141e+03   1.834769e+00   2.222076e+03   1.369211e+02 223200706190208450        842       5627    32 2454270.590660  6.476799e+00  7.762949e-04  6.633102e+00  6.690169e-02 
  109304226   2.562984e+03   1.824868e+00   2.220716e+03   1.351922e+02 223200706190215180        845       5628    32 2454270.595208  6.478136e+00  7.730568e-04  6.633768e+00  6.609741e-02 
  109304264   2.572298e+03   1.823376e+00   2.232572e+03   1.414265e+02 223200706190215560        846       5628    32 2454270.595648  6.474197e+00  7.696278e-04  6.627986e+00  6.877827e-02 
  109304656   2.579175e+03   1.817379e+00   2.233757e+03   1.398466e+02 223200706190222280        849       5631    32 2454270.600185  6.471298e+00  7.650515e-04  6.627410e+00  6.797388e-02 
  109304694   2.576475e+03   1.820889e+00   2.226739e+03   1.394074e+02 223200706190223060        849       5630    32 2454270.600625  6.472435e+00  7.673322e-04  6.630827e+00  6.797393e-02 
  109305087   2.581278e+03   1.833745e+00   2.235496e+03   1.410598e+02 223200706190229380        853       5633    32 2454270.605174  6.470413e+00  7.713116e-04  6.626565e+00  6.851020e-02 
  109305124   2.586919e+03   1.839238e+00   2.241522e+03   1.408865e+02 223200706190230160        853       5632    32 2454270.605602  6.468043e+00  7.719352e-04  6.623642e+00  6.824209e-02 
  109305519   2.584437e+03   1.839992e+00   2.238277e+03   1.412353e+02 223200706190236500        857       5630    32 2454270.610174  6.469085e+00  7.729934e-04  6.625216e+00  6.851023e-02 
  109305555   2.571755e+03   1.834612e+00   2.231305e+03   1.441012e+02 223200706190237270        857       5630    32 2454270.610590  6.474426e+00  7.745341e-04  6.628603e+00  7.011882e-02 
  109306012   2.570453e+03   1.833543e+00   2.227030e+03   1.427253e+02 223200706190245040        859       5626    32 2454270.615880  6.474976e+00  7.744746e-04  6.630685e+00  6.958260e-02 
  109306050   2.570849e+03   1.830465e+00   2.236415e+03   1.466400e+02 223200706190245420        859       5626    32 2454270.616319  6.474808e+00  7.730555e-04  6.626119e+00  7.119112e-02 
  109306504   2.573480e+03   1.826738e+00   2.240960e+03   1.485981e+02 223200706190253150        859       5628    32 2454270.621574  6.473698e+00  7.706926e-04  6.623915e+00  7.199544e-02 
  109306541   2.567179e+03   1.824199e+00   2.233702e+03   1.464620e+02 223200706190253530        860       5628    32 2454270.622002  6.476360e+00  7.715105e-04  6.627437e+00  7.119110e-02 
  109306934   2.566150e+03   1.827673e+00   2.234340e+03   1.520210e+02 223200706190300250        863       5623    32 2454270.626551  6.476795e+00  7.732896e-04  6.627127e+00  7.387209e-02 
  109306972   2.574539e+03   1.829716e+00   2.244051e+03   1.565606e+02 223200706190301030        863       5623    32 2454270.626991  6.473251e+00  7.716317e-04  6.622418e+00  7.574879e-02 
  109307431   2.573338e+03   1.828443e+00   2.245062e+03   1.555226e+02 223200706190308420        868       5593    32 2454270.632303  6.473758e+00  7.714545e-04  6.621929e+00  7.521266e-02 
  109307469   2.565370e+03   1.824219e+00   2.239432e+03   1.545796e+02 223200706190309200        868       5594    32 2454270.632743  6.477125e+00  7.720630e-04  6.624655e+00  7.494454e-02 
  109307862   2.565189e+03   1.828303e+00   2.243545e+03   1.592953e+02 223200706190315530        873       5601    32 2454270.637292  6.477201e+00  7.738465e-04  6.622663e+00  7.708927e-02 
  109307899   2.572436e+03   1.828586e+00   2.248007e+03   1.607224e+02 223200706190316300        873       5601    32 2454270.637720  6.474138e+00  7.717854e-04  6.620506e+00  7.762551e-02 
  109308293   2.554113e+03   1.824193e+00   2.237468e+03   1.660464e+02 223200706190323040        873       5596    32 2454270.642280  6.481900e+00  7.754547e-04  6.625608e+00  8.057465e-02 
  109308331   2.560161e+03   1.823953e+00   2.243185e+03   1.653627e+02 223200706190323410        873       5596    32 2454270.642720  6.479332e+00  7.735213e-04  6.622838e+00  8.003838e-02 
  109308723   2.553291e+03   1.824072e+00   2.239303e+03   1.672886e+02 223200706190330140        875       5591    32 2454270.647257  6.482249e+00  7.756530e-04  6.624718e+00  8.111090e-02 
  109308761   2.558475e+03   1.825761e+00   2.242293e+03   1.652970e+02 223200706190330520        875       5590    32 2454270.647697  6.480047e+00  7.747982e-04  6.623269e+00  8.003839e-02 
  109557393   2.475390e+03   1.849945e+00   2.142531e+03   9.922139e+01 223200706220034240        780       5557    32 2454273.525382  6.515891e+00  8.114113e-04  6.672682e+00  5.028101e-02 
  109557431   2.487263e+03   1.853528e+00   2.148480e+03   1.010884e+02 223200706220035020        781       5558    32 2454273.525822  6.510695e+00  8.091019e-04  6.669672e+00  5.108528e-02 
  109558507   2.494270e+03   1.830691e+00   2.162143e+03   1.022645e+02 223200706220052570        794       5585    32 2454273.538275  6.507641e+00  7.968884e-04  6.662789e+00  5.135307e-02 
  109558544   2.495413e+03   1.827255e+00   2.161490e+03   9.956518e+01 223200706220053350        795       5586    32 2454273.538704  6.507144e+00  7.950282e-04  6.663117e+00  5.001267e-02 
  109559467   2.500613e+03   1.819527e+00   2.166478e+03   9.979472e+01 223200706220108570        808       5605    32 2454273.549387  6.504884e+00  7.900198e-04  6.660614e+00  5.001256e-02 
  109559505   2.491334e+03   1.816291e+00   2.161592e+03   9.956969e+01 223200706220109350        809       5604    32 2454273.549826  6.508920e+00  7.915518e-04  6.663065e+00  5.001257e-02 
  109559963   2.483916e+03   1.799609e+00   2.155602e+03   1.003579e+02 223200706220117130        819       5602    32 2454273.555127  6.512158e+00  7.866239e-04  6.666079e+00  5.054855e-02 
  109560001   2.497738e+03   1.801998e+00   2.170131e+03   1.026417e+02 223200706220117510        820       5602    32 2454273.555567  6.506133e+00  7.833094e-04  6.658785e+00  5.135275e-02 
  109560898   2.484651e+03   1.792383e+00   2.158865e+03   1.005096e+02 223200706220132470        825       5614    32 2454273.565949  6.511837e+00  7.832335e-04  6.664436e+00  5.054846e-02 
  109560936   2.486467e+03   1.791916e+00   2.163472e+03   1.001898e+02 223200706220133250        825       5614    32 2454273.566389  6.511044e+00  7.824578e-04  6.662122e+00  5.028032e-02 
  109562685   2.491279e+03   1.777437e+00   2.159565e+03   1.032080e+02 223200706220202350        847       5636    32 2454273.586632  6.508944e+00  7.746362e-04  6.664084e+00  5.188870e-02 
  109562724   2.504871e+03   1.785531e+00   2.170784e+03   1.074961e+02 223200706220203130        848       5636    32 2454273.587083  6.503036e+00  7.739411e-04  6.658458e+00  5.376528e-02 
  109563120   2.494062e+03   1.786548e+00   2.160904e+03   1.075406e+02 223200706220209490        851       5636    32 2454273.591667  6.507731e+00  7.777380e-04  6.663411e+00  5.403347e-02 
  109563158   2.492411e+03   1.785925e+00   2.159615e+03   1.064099e+02 223200706220210270        852       5636    32 2454273.592106  6.508451e+00  7.779817e-04  6.664059e+00  5.349726e-02 
  109563980   2.514473e+03   1.797401e+00   2.181097e+03   1.128536e+02 223200706220224090        857       5635    32 2454273.601620  6.498882e+00  7.761107e-04  6.653313e+00  5.617801e-02 
  109564018   2.503874e+03   1.792939e+00   2.167394e+03   1.110746e+02 223200706220224470        857       5636    32 2454273.602060  6.503469e+00  7.774616e-04  6.660155e+00  5.564198e-02 
  109642857   2.530591e+03   1.926647e+00   2.161656e+03   9.050176e+01 223200706230018400        770       5542    32 2454274.514549  6.491945e+00  8.266204e-04  6.663033e+00  4.545652e-02 
  109642894   2.518382e+03   1.918670e+00   2.150038e+03   9.160773e+01 223200706230019180        771       5542    32 2454274.514977  6.497196e+00  8.271884e-04  6.668885e+00  4.626067e-02 
  109643462   2.529172e+03   1.895534e+00   2.168703e+03   9.079597e+01 223200706230028460        779       5553    32 2454274.521551  6.492554e+00  8.137273e-04  6.659500e+00  4.545613e-02 
  109643499   2.535876e+03   1.896397e+00   2.164857e+03   9.063507e+01 223200706230029230        780       5552    32 2454274.521979  6.489680e+00  8.119457e-04  6.661427e+00  4.545617e-02 
  109644045   2.517104e+03   1.881103e+00   2.163887e+03   9.112843e+01 223200706230038290        789       5572    32 2454274.528299  6.497747e+00  8.114041e-04  6.661914e+00  4.572410e-02 
  109644083   2.491370e+03   1.869896e+00   2.144593e+03   9.031599e+01 223200706230039070        791       5572    32 2454274.528738  6.508904e+00  8.149016e-04  6.671638e+00  4.572416e-02 
  109644573   2.524155e+03   1.859879e+00   2.174049e+03   9.155579e+01 223200706230047150        797       5584    32 2454274.534410  6.494710e+00  8.000083e-04  6.656826e+00  4.572379e-02 
  109644611   2.507618e+03   1.853185e+00   2.160614e+03   9.099006e+01 223200706230047530        799       5583    32 2454274.534850  6.501847e+00  8.023859e-04  6.663557e+00  4.572384e-02 
  109645627   2.509694e+03   1.839538e+00   2.168441e+03   9.667310e+01 223200706230104500        812       5601    32 2454274.546609  6.500948e+00  7.958182e-04  6.659631e+00  4.840430e-02 
  109645665   2.529672e+03   1.840211e+00   2.183533e+03   9.465014e+01 223200706230105280        813       5601    32 2454274.547049  6.492340e+00  7.898220e-04  6.652101e+00  4.706384e-02 
  109646123   2.502011e+03   1.826333e+00   2.164109e+03   9.594543e+01 223200706230113060        815       5600    32 2454274.552350  6.504277e+00  7.925315e-04  6.661802e+00  4.813610e-02 
  109647099   2.484614e+03   1.828054e+00   2.153513e+03   9.707088e+01 223200706230129210        825       5612    32 2454274.563646  6.511853e+00  7.988331e-04  6.667131e+00  4.894037e-02 
  109648414   2.514093e+03   1.820867e+00   2.176823e+03   1.061833e+02 223200706230151170        844       5631    32 2454274.578866  6.499047e+00  7.863626e-04  6.655442e+00  5.296135e-02 
  109648844   2.491766e+03   1.809381e+00   2.164757e+03   1.082672e+02 223200706230158270        848       5634    32 2454274.583843  6.508732e+00  7.884035e-04  6.661477e+00  5.430173e-02 
  109648882   2.507750e+03   1.816723e+00   2.179371e+03   1.084599e+02 223200706230159050        849       5634    32 2454274.584282  6.501789e+00  7.865573e-04  6.654172e+00  5.403359e-02 
  109649277   2.504852e+03   1.815171e+00   2.172782e+03   1.081320e+02 223200706230205390        853       5635    32 2454274.588854  6.503045e+00  7.867945e-04  6.657460e+00  5.403363e-02 
  109649314   2.513803e+03   1.819252e+00   2.186456e+03   1.109718e+02 223200706230206170        854       5635    32 2454274.589282  6.499172e+00  7.857558e-04  6.650648e+00  5.510585e-02 
  109649707   2.505091e+03   1.811915e+00   2.177801e+03   1.094572e+02 223200706230212500        856       5635    32 2454274.593831  6.502941e+00  7.853081e-04  6.654954e+00  5.456976e-02 
  109649745   2.500578e+03   1.810371e+00   2.171953e+03   1.096994e+02 223200706230213270        857       5636    32 2454274.594271  6.504899e+00  7.860553e-04  6.657874e+00  5.483777e-02 
  109650137   2.520770e+03   1.803048e+00   2.195757e+03   1.119857e+02 223200706230220000        859       5634    32 2454274.598808  6.496167e+00  7.766047e-04  6.646039e+00  5.537377e-02 
  109650175   2.513731e+03   1.800755e+00   2.186600e+03   1.115187e+02 223200706230220380        860       5635    32 2454274.599248  6.499203e+00  7.777886e-04  6.650577e+00  5.537381e-02 
  109650638   2.507099e+03   1.795019e+00   2.184600e+03   1.146532e+02 223200706230228210        859       5632    32 2454274.604606  6.502071e+00  7.773621e-04  6.651570e+00  5.698230e-02 
  109650676   2.519461e+03   1.796772e+00   2.191566e+03   1.144775e+02 223200706230228590        860       5633    32 2454274.605046  6.496731e+00  7.743035e-04  6.648114e+00  5.671416e-02 
  109651603   2.510011e+03   1.789697e+00   2.188263e+03   1.072808e+02 223200706230244260        869       5633    32 2454274.615775  6.500811e+00  7.741580e-04  6.649751e+00  5.322899e-02 
  109652490   2.507479e+03   1.787695e+00   2.186168e+03   1.104168e+02 223200706230259120        874       5615    32 2454274.626042  6.501907e+00  7.740732e-04  6.650791e+00  5.483750e-02 
  109652528   2.494278e+03   1.777130e+00   2.173707e+03   1.081774e+02 223200706230259510        874       5614    32 2454274.626481  6.507638e+00  7.735713e-04  6.656998e+00  5.403330e-02 
  109653357   2.509167e+03   1.790669e+00   2.187016e+03   1.120798e+02 223200706230313400        877       5605    32 2454274.636076  6.501176e+00  7.748393e-04  6.650370e+00  5.564183e-02 
  109653396   2.508118e+03   1.780638e+00   2.187887e+03   1.105035e+02 223200706230314180        878       5604    32 2454274.636528  6.501630e+00  7.708212e-04  6.649938e+00  5.483743e-02 
  109653789   2.494895e+03   1.777446e+00   2.175208e+03   1.087892e+02 223200706230320510        879       5600    32 2454274.641076  6.507370e+00  7.735171e-04  6.656248e+00  5.430140e-02 
  109653827   2.495171e+03   1.792809e+00   2.173414e+03   1.124561e+02 223200706230321290        880       5601    32 2454274.641516  6.507249e+00  7.801167e-04  6.657144e+00  5.617803e-02 
  109654279   2.512955e+03   1.799874e+00   2.186808e+03   1.120693e+02 223200706230329010        880       5595    32 2454274.646748  6.499538e+00  7.776485e-04  6.650474e+00  5.564190e-02 
  109657663   2.461884e+03   1.817239e+00   2.187379e+03   1.931174e+02 223200706230425250        875       5585    32 2454274.685914  6.521831e+00  8.014386e-04  6.650190e+00  9.585687e-02 
  109657701   2.444819e+03   1.817215e+00   2.174713e+03   2.129427e+02 223200706230426030        875       5585    32 2454274.686354  6.529383e+00  8.070220e-04  6.656495e+00  1.063130e-01 
  111899465   1.107448e+03   2.447454e+00   1.255451e+03   2.430953e+02 222200707190305590      30317       2674    32 2454300.632697  7.389191e+00  2.399478e-03  7.253001e+00  2.102339e-01 
  111899502   9.496429e+02   2.924949e+00   1.103418e+03   2.572203e+02 222200707190306360      30315       2674    32 2454300.633125  7.556099e+00  3.344135e-03  7.393150e+00  2.530994e-01 
  111904212   1.642814e+03   1.781297e+01   2.079873e+03   1.597677e+03 222200707190425050      30297       2684    32 2454300.687639  6.961029e+00  1.177264e-02  6.704908e+00  8.340228e-01 
  111904250   3.864360e+02   5.207670e+00   4.970139e+02   2.275542e+02 222200707190425430      30300       2668    32 2454300.688079  8.532306e+00  1.463160e-02  8.259079e+00  4.970982e-01 
  111904559   9.433914e+02   2.113562e+00   1.428142e+03   3.536068e+02 222200707190430530      30290       2677    32 2454300.691655  7.563270e+00  2.432478e-03  7.113071e+00  2.688283e-01 
  111983171   1.888061e+03   6.875307e+00   2.144100e+03   5.975702e+02 222200707200220590      30308       2601    32 2454301.601516  6.809960e+00  3.953685e-03  6.671887e+00  3.026006e-01 
  111984284   1.185862e+03   2.669597e+00   1.645442e+03   3.392973e+02 222200707200239330      30297       2629    32 2454301.614398  7.314915e+00  2.444204e-03  6.959293e+00  2.238843e-01 
  111984322   1.821805e+03   2.323957e+00   2.153357e+03   1.600589e+02 222200707200240110      30299       2631    32 2454301.614838  6.848745e+00  1.385008e-03  6.667210e+00  8.070295e-02 
  117250657   8.929594e+02   3.799496e+00   2.185427e+03   1.094232e+03 222200709190130100      30295       2547    32 2454362.567789  7.622921e+00  4.619768e-03  6.651159e+00  5.436244e-01 
  117250695   7.109278e+02   2.910871e+00   1.470795e+03   6.179884e+02 222200709190130480      30294       2546    32 2454362.568229  7.870436e+00  4.445527e-03  7.081120e+00  4.561988e-01 
  118262794   6.963592e+02   1.986211e+00   1.039682e+03   4.373914e+02 222200709301839340      30316       2155    32 2454374.282338  7.892917e+00  3.096834e-03  7.457748e+00  4.567677e-01 
  118266496   4.692701e+02   9.958006e-01   5.512740e+02   1.247488e+02 222200709301941150      30308       2314    32 2454374.325185  8.321443e+00  2.303962e-03  8.146581e+00  2.456941e-01 
  119224897   1.626785e+03   7.246021e+00   1.885761e+03   7.047586e+02 222200710112155160      30294       2622    32 2454385.417789  6.971675e+00  4.836101e-03  6.811284e+00  4.057697e-01 
  119224935   1.244603e+03   4.218235e+00   1.772096e+03   4.613763e+02 222200710112155540      30293       2620    32 2454385.418229  7.262424e+00  3.679815e-03  6.878782e+00  2.826792e-01 
  119232769   1.028668e+03   2.608581e+01   6.711894e+02   6.449195e+02 222200710120006280      30319       2449    32 2454385.508900  7.469312e+00  2.753310e-02  7.932887e+00  1.043245e+00 
  119234015   1.453303e+03   2.491484e+00   1.575064e+03   2.370263e+02 222200710120027150      30330       2475    32 2454385.523322  7.094110e+00  1.861349e-03  7.006754e+00  1.633895e-01 
  119234054   1.831924e+03   3.443535e+00   1.854671e+03   4.005852e+02 222200710120027530      30330       2470    32 2454385.523773  6.842731e+00  2.040906e-03  6.829332e+00  2.345059e-01 
  120941468   6.180565e+02   1.299447e+00   8.924606e+02   1.994603e+02 222200710311846300      30322       2468    32 2454405.285509  8.022429e+00  2.282738e-03  7.623528e+00  2.426572e-01 
  120952183   7.819720e+02   1.769205e+00   8.987726e+02   2.445159e+02 222200710312145070      30326       2651    32 2454405.409525  7.767022e+00  2.456477e-03  7.615875e+00  2.953813e-01 
  120952221   1.871882e+03   3.300339e+00   2.372413e+03   5.086729e+02 222200710312145440      30327       2648    32 2454405.409965  6.819304e+00  1.914282e-03  6.562024e+00  2.327953e-01 
  121473398   2.175666e+03   3.625211e+00   2.281118e+03   4.388993e+02 222200711062232390      30282       2441    32 2454411.442106  6.656020e+00  1.809119e-03  6.604630e+00  2.089022e-01 
  122067435   6.891899e+02   1.127614e+00   9.339645e+02   1.854069e+02 222200711131934040      30312       2633    32 2454418.317535  7.904153e+00  1.776428e-03  7.574174e+00  2.155367e-01 
