\OBJNAME = '1SWASP J015024.31-734613.2'
\OBSSTART = '2006-08-11T01:50:17'
\OBSSTOP = '2007-12-12T19:39:44'
\TSTART = 82346013
\TSTOP = 124573093
\JD_REF = 2453005.5
\RA_OBJ = '27.601292'
\DEC_OBJ = '-73.770358'
\WASP_MAG = 8.627032
\HJD_START = 2453958.578854
\HJD_STOP = 2454447.318206
\fixlen = T
\NUMRECORDS = 40
\
\ This file was produced by the NASA Exoplanet Archive  http://exoplanetarchive.ipac.caltech.edu 
\ Wed Sep 18, 05:26:01 2013
\ Documentation for the SuperWASP dataset can be found at http://exoplanetarchive.ipac.caltech.edu/docs/SuperWASPMission.html
\
|TMID      |FLUX2         |FLUX2_ERR     |TAMFLUX2      |TAMFLUX2_ERR  |IMAGEID           |CCDX      |CCDY      |FLAG |           HJD|         MAG2|     MAG2_ERR|      TAMMAG2|  TAMMAG2_ERR|
|int       |float         |float         |float         |float         |char              |int       |int       |int  |        double|        float|        float|        float|        float|
|sec       |micro Vega    |micro Vega    |micro Vega    |micro Vega    |                  |1/16 pixel|1/16 pixel|     |           day|          mag|          mag|          mag|          mag|
|null      |null          |null          |null          |null          |null              |null      |null      |null |          null|         null|         null|         null|         null|
   82346013   3.501005e+02   5.371469e-01   3.501005e+02   5.371469e-01 224200608110150170      26880      27645     0 2453958.578854  8.639518e+00  1.665812e-03  8.639518e+00  1.665812e-03 
   82346069   3.480312e+02   5.366649e-01   3.480312e+02   5.366649e-01 224200608110151120      26876      27646     0 2453958.579502  8.645954e+00  1.674213e-03  8.645954e+00  1.674213e-03 
   82346124   3.450866e+02   5.378820e-01   3.450866e+02   5.378820e-01 224200608110152070      26874      27649     0 2453958.580139  8.655180e+00  1.692328e-03  8.655180e+00  1.692328e-03 
   82346183   3.466685e+02   5.382525e-01   3.466685e+02   5.382525e-01 224200608110153070      26873      27650     0 2453958.580822  8.650214e+00  1.685767e-03  8.650214e+00  1.685767e-03 
   82518369   4.666575e+02   6.463756e-01   4.666575e+02   6.463756e-01 224200608130142530      26855      27724     0 2453960.573715  8.327504e+00  1.503878e-03  8.327504e+00  1.503878e-03 
   82518428   4.676945e+02   6.449836e-01   4.676945e+02   6.449836e-01 224200608130143530      26851      27726     0 2453960.574398  8.325094e+00  1.497312e-03  8.325094e+00  1.497312e-03 
   82518490   4.698338e+02   6.445911e-01   4.698338e+02   6.445911e-01 224200608130144550      26850      27727     0 2453960.575116  8.320139e+00  1.489587e-03  8.320139e+00  1.489587e-03 
   82518568   4.656708e+02   6.454681e-01   4.656708e+02   6.454681e-01 224200608130146120      26843      27706     0 2453960.576019  8.329803e+00  1.504948e-03  8.329803e+00  1.504948e-03 
   82604550   3.251769e+02   4.272874e-01   3.251769e+02   4.272874e-01 224200608140139160      26830      27735     0 2453961.571181  8.719701e+00  1.426679e-03  8.719701e+00  1.426679e-03 
   82604606   3.262969e+02   4.288490e-01   3.262969e+02   4.288490e-01 224200608140140120      26827      27735     0 2453961.571829  8.715967e+00  1.426978e-03  8.715967e+00  1.426978e-03 
   82604663   3.294556e+02   4.327340e-01   3.294556e+02   4.327340e-01 224200608140141080      26823      27732     0 2453961.572488  8.705507e+00  1.426100e-03  8.705507e+00  1.426100e-03 
   82604717   3.295936e+02   4.333466e-01   3.295936e+02   4.333466e-01 224200608140142030      26822      27734     0 2453961.573113  8.705053e+00  1.427521e-03  8.705053e+00  1.427521e-03 
   82863025   3.295212e+02   4.168485e-01   3.295212e+02   4.168485e-01 224200608170127120      26833      27710     0 2453964.562789  8.705292e+00  1.373475e-03  8.705292e+00  1.373475e-03 
   82863093   3.299398e+02   4.181292e-01   3.299398e+02   4.181292e-01 224200608170128190      26834      27734     0 2453964.563576  8.703914e+00  1.375947e-03  8.703914e+00  1.375947e-03 
   82863149   3.306298e+02   4.181418e-01   3.306298e+02   4.181418e-01 224200608170129150      26832      27735     0 2453964.564225  8.701645e+00  1.373117e-03  8.701645e+00  1.373117e-03 
   82863209   3.273854e+02   4.162472e-01   3.273854e+02   4.162472e-01 224200608170130160      26830      27736     0 2453964.564919  8.712352e+00  1.380441e-03  8.712352e+00  1.380441e-03 
   84328633   3.346949e+02   5.044913e-01   3.346949e+02   5.044913e-01 224200609030034170      26884      27787     0 2453981.525845  8.688377e+00  1.636554e-03  8.688377e+00  1.636554e-03 
   84328705   3.367151e+02   5.068403e-01   3.367151e+02   5.068403e-01 224200609030035290      26876      27765     0 2453981.526678  8.681844e+00  1.634310e-03  8.681844e+00  1.634310e-03 
   84328772   3.362861e+02   5.138544e-01   3.362861e+02   5.138544e-01 224200609030036350      26884      27787     0 2453981.527454  8.683228e+00  1.659041e-03  8.683228e+00  1.659041e-03 
   84328829   3.349429e+02   5.212589e-01   3.349429e+02   5.212589e-01 224200609030037320      26882      27789     0 2453981.528113  8.687573e+00  1.689696e-03  8.687573e+00  1.689696e-03 
   85017119   3.310958e+02   5.071564e-01   3.310958e+02   5.071564e-01 224200609102349160      26894      27752     0 2453989.494433  8.700116e+00  1.663084e-03  8.700116e+00  1.663084e-03 
   85017186   3.183763e+02   5.858755e-01   3.183763e+02   5.858755e-01 224200609102350220      26890      27754     0 2453989.495208  8.742648e+00  1.997976e-03  8.742648e+00  1.997976e-03 
   85620614   3.756667e+02   4.673938e-01   3.756667e+02   4.673938e-01 224200609172327440      26887      27705     0 2453996.479329  8.562993e+00  1.350847e-03  8.562993e+00  1.350847e-03 
   85620673   3.817303e+02   4.714276e-01   3.817303e+02   4.714276e-01 224200609172328430      26885      27706     0 2453996.480012  8.545609e+00  1.340862e-03  8.545609e+00  1.340862e-03 
   85620736   3.732965e+02   4.665635e-01   3.732965e+02   4.665635e-01 224200609172329460      26884      27708     0 2453996.480741  8.569865e+00  1.357009e-03  8.569865e+00  1.357009e-03 
   85620790   3.766567e+02   4.694638e-01   3.766567e+02   4.694638e-01 224200609172330410      26883      27709     0 2453996.481366  8.560136e+00  1.353263e-03  8.560136e+00  1.353263e-03 
   85706411   3.712110e+02   4.618019e-01   3.712110e+02   4.618019e-01 224200609182317440      26884      27660     0 2453997.472350  8.575948e+00  1.350706e-03  8.575948e+00  1.350706e-03 
   85706474   3.699064e+02   4.615363e-01   3.699064e+02   4.615363e-01 224200609182318460      26887      27684     0 2453997.473079  8.579770e+00  1.354690e-03  8.579770e+00  1.354690e-03 
   85706529   3.685930e+02   4.603897e-01   3.685930e+02   4.603897e-01 224200609182319420      26884      27686     0 2453997.473715  8.583632e+00  1.356139e-03  8.583632e+00  1.356139e-03 
   85706606   3.715186e+02   4.612091e-01   3.715186e+02   4.612091e-01 224200609182320580      26877      27664     0 2453997.474606  8.575048e+00  1.347855e-03  8.575048e+00  1.347855e-03 
   85878727   3.457883e+02   4.273894e-01   3.457883e+02   4.273894e-01 224200609202309430      26863      27707     0 2453999.466748  8.652974e+00  1.341959e-03  8.652974e+00  1.341959e-03 
   85878784   3.457531e+02   4.278753e-01   3.457531e+02   4.278753e-01 224200609202310410      26857      27708     0 2453999.467407  8.653085e+00  1.343621e-03  8.653085e+00  1.343621e-03 
   85878845   3.469045e+02   4.278304e-01   3.469045e+02   4.278304e-01 224200609202311410      26854      27710     0 2453999.468113  8.649475e+00  1.339021e-03  8.649475e+00  1.339021e-03 
   85878905   3.435974e+02   4.259001e-01   3.435974e+02   4.259001e-01 224200609202312420      26852      27711     0 2453999.468808  8.659875e+00  1.345810e-03  8.659875e+00  1.345810e-03 
   93471474   3.274502e+02   3.474126e-01   3.274502e+02   3.474126e-01 222200612172019390       9715      21766     0 2454087.345764  8.712137e+00  1.151930e-03  8.712137e+00  1.151930e-03 
   93474564   3.261427e+02   3.478723e-01   3.261427e+02   3.478723e-01 222200612172111080       9688      21664     0 2454087.381528  8.716481e+00  1.158078e-03  8.716481e+00  1.158078e-03 
   96405188   3.157402e+02   4.003880e-01   3.157402e+02   4.003880e-01 222200701201915450       4121      29532     0 2454121.300787  8.751676e+00  1.376820e-03  8.751676e+00  1.376820e-03 
  124569767   3.145985e+02   4.261152e-01   3.145985e+02   4.261152e-01 224200712121844190      25709      24081     0 2454447.279711  8.755609e+00  1.470606e-03  8.755609e+00  1.470606e-03 
  124571757   3.157303e+02   3.671712e-01   3.157303e+02   3.671712e-01 224200712121917280      25674      24091     0 2454447.302743  8.751709e+00  1.262636e-03  8.751709e+00  1.262636e-03 
  124573093   3.158508e+02   3.669414e-01   3.158508e+02   3.669414e-01 224200712121939440      25677      24127     0 2454447.318206  8.751295e+00  1.261364e-03  8.751295e+00  1.261364e-03 
