\OBJNAME = '1SWASP J123936.46+644027.4'
\OBSSTART = '2006-12-08T05:56:59'
\OBSSTOP = '2008-05-17T22:07:02'
\TSTART = 92642321
\TSTOP = 138146828
\JD_REF = 2453005.5
\RA_OBJ = '189.901944'
\DEC_OBJ = '64.674281'
\WASP_MAG = 9.146785
\HJD_START = 2454077.749086
\HJD_STOP = 2454604.421620
\fixlen = T
\NUMRECORDS = 42
\
\ This file was produced by the NASA Exoplanet Archive  http://exoplanetarchive.ipac.caltech.edu 
\ Mon Sep 16, 20:00:44 2013
\ Documentation for the SuperWASP dataset can be found at http://exoplanetarchive.ipac.caltech.edu/docs/SuperWASPMission.html
\
|TMID      |FLUX2         |FLUX2_ERR     |TAMFLUX2      |TAMFLUX2_ERR  |IMAGEID           |CCDX      |CCDY      |FLAG |           HJD|         MAG2|     MAG2_ERR|      TAMMAG2|  TAMMAG2_ERR|
|int       |float         |float         |float         |float         |char              |int       |int       |int  |        double|        float|        float|        float|        float|
|sec       |micro Vega    |micro Vega    |micro Vega    |micro Vega    |                  |1/16 pixel|1/16 pixel|     |           day|          mag|          mag|          mag|          mag|
|null      |null          |null          |null          |null          |null              |null      |null      |null |          null|         null|         null|         null|         null|
   92642321   2.553926e+02   6.138005e-01   2.553926e+02   6.138005e-01 148200612080556590       4559      32013     0 2454077.749086  8.981979e+00  2.609425e-03  8.981979e+00  2.609425e-03 
   92643061   2.610584e+02   6.896209e-01   2.610584e+02   6.896209e-01 148200612080609190       4524      32170     0 2454077.757650  8.958156e+00  2.868128e-03  8.958156e+00  2.868128e-03 
   92644306   2.263569e+02   7.041289e-01   2.263569e+02   7.041289e-01 148200612080630040       4435      32424     0 2454077.772060  9.113015e+00  3.377414e-03  9.113015e+00  3.377414e-03 
   92644792   2.508435e+02   5.020091e-01   2.508435e+02   5.020091e-01 148200612080638100       4442      32525     0 2454077.777685  9.001493e+00  2.172874e-03  9.001493e+00  2.172874e-03 
   92645266   2.298248e+02   4.612218e-01   2.298248e+02   4.612218e-01 148200612080646030       4395      32622     0 2454077.783171  9.096508e+00  2.178907e-03  9.096508e+00  2.178907e-03 
  135556632   2.118658e+02   3.588112e-01   2.118658e+02   3.588112e-01 148200804172235010       2842       5694     0 2454574.442500  9.184848e+00  1.838785e-03  9.184848e+00  1.838785e-03 
  135556671   2.130086e+02   3.605673e-01   2.130086e+02   3.605673e-01 148200804172235390       2840       5701     0 2454574.442951  9.179008e+00  1.837871e-03  9.179008e+00  1.837871e-03 
  135557247   2.129986e+02   3.559690e-01   2.129986e+02   3.559690e-01 148200804172245150       2801       5822     0 2454574.449618  9.179058e+00  1.814518e-03  9.179058e+00  1.814518e-03 
  135557683   2.116851e+02   3.544395e-01   2.116851e+02   3.544395e-01 148200804172252310       2772       5952     0 2454574.454664  9.185775e+00  1.817932e-03  9.185775e+00  1.817932e-03 
  135557720   2.123896e+02   3.556535e-01   2.123896e+02   3.556535e-01 148200804172253090       2769       5961     0 2454574.455093  9.182167e+00  1.818108e-03  9.182167e+00  1.818108e-03 
  135558158   2.135972e+02   3.533258e-01   2.135972e+02   3.533258e-01 148200804172300260       2733       6051     0 2454574.460162  9.176011e+00  1.795998e-03  9.176011e+00  1.795998e-03 
  135558196   2.133075e+02   3.544733e-01   2.133075e+02   3.544733e-01 148200804172301040       2729       6058     0 2454574.460602  9.177485e+00  1.804277e-03  9.177485e+00  1.804277e-03 
  135558635   2.128179e+02   3.532087e-01   2.128179e+02   3.532087e-01 148200804172308240       2691       6149     0 2454574.465683  9.179979e+00  1.801976e-03  9.179979e+00  1.801976e-03 
  135558675   2.139335e+02   3.521425e-01   2.139335e+02   3.521425e-01 148200804172309030       2687       6156     0 2454574.466146  9.174303e+00  1.787168e-03  9.174303e+00  1.787168e-03 
  135559110   2.129457e+02   3.530874e-01   2.129457e+02   3.530874e-01 148200804172316200       2644       6243     0 2454574.471181  9.179328e+00  1.800276e-03  9.179328e+00  1.800276e-03 
  135559150   2.145266e+02   3.528276e-01   2.145266e+02   3.528276e-01 148200804172316590       2641       6251     0 2454574.471644  9.171297e+00  1.785695e-03  9.171297e+00  1.785695e-03 
  135559495   2.124926e+02   3.521882e-01   2.124926e+02   3.521882e-01 148200804172322450       2605       6280     0 2454574.475637  9.181641e+00  1.799521e-03  9.181641e+00  1.799521e-03 
  135559535   2.143890e+02   3.522840e-01   2.143890e+02   3.522840e-01 148200804172323240       2600       6287     0 2454574.476100  9.171994e+00  1.784088e-03  9.171994e+00  1.784088e-03 
  135559975   2.129595e+02   3.500535e-01   2.129595e+02   3.500535e-01 148200804172330440       2551       6371     0 2454574.481192  9.179257e+00  1.784692e-03  9.179257e+00  1.784692e-03 
  135560013   2.134957e+02   3.503943e-01   2.134957e+02   3.503943e-01 148200804172331220       2547       6378     0 2454574.481632  9.176527e+00  1.781943e-03  9.176527e+00  1.781943e-03 
  135560462   2.130682e+02   3.472908e-01   2.130682e+02   3.472908e-01 148200804172338510       2494       6465     0 2454574.486829  9.178703e+00  1.769703e-03  9.178703e+00  1.769703e-03 
  135560498   2.136333e+02   3.504528e-01   2.136333e+02   3.504528e-01 148200804172339280       2490       6471     0 2454574.487245  9.175828e+00  1.781093e-03  9.175828e+00  1.781093e-03 
  135643135   2.214553e+02   4.067732e-01   2.214553e+02   4.067732e-01 148200804182236480       2965       6694     0 2454575.443692  9.136785e+00  1.994308e-03  9.136785e+00  1.994308e-03 
  135643175   2.233396e+02   4.044181e-01   2.233396e+02   4.044181e-01 148200804182237270       2962       6701     0 2454575.444155  9.127585e+00  1.966032e-03  9.127585e+00  1.966032e-03 
  135643807   2.220985e+02   4.044052e-01   2.220985e+02   4.044052e-01 148200804182248000       2918       6870     0 2454575.451470  9.133636e+00  1.976956e-03  9.133636e+00  1.976956e-03 
  135643845   2.225957e+02   4.028112e-01   2.225957e+02   4.028112e-01 148200804182248380       2915       6878     0 2454575.451910  9.131208e+00  1.964766e-03  9.131208e+00  1.964766e-03 
  135644474   2.227894e+02   4.011798e-01   2.227894e+02   4.011798e-01 148200804182259060       2862       7007     0 2454575.459190  9.130263e+00  1.955106e-03  9.130263e+00  1.955106e-03 
  135644512   2.210134e+02   4.044196e-01   2.210134e+02   4.044196e-01 148200804182259450       2859       7014     0 2454575.459630  9.138953e+00  1.986733e-03  9.138953e+00  1.986733e-03 
  135645136   2.228799e+02   4.020337e-01   2.228799e+02   4.020337e-01 148200804182310090       2807       7178     0 2454575.466852  9.129823e+00  1.958472e-03  9.129823e+00  1.958472e-03 
  135645176   2.226658e+02   3.987671e-01   2.226658e+02   3.987671e-01 148200804182310480       2802       7184     0 2454575.467315  9.130866e+00  1.944427e-03  9.130866e+00  1.944427e-03 
  135645811   2.231828e+02   3.954575e-01   2.231828e+02   3.954575e-01 148200804182321230       2735       7310     0 2454575.474664  9.128348e+00  1.923822e-03  9.128348e+00  1.923822e-03 
  135645848   2.216928e+02   3.986476e-01   2.216928e+02   3.986476e-01 148200804182322010       2731       7317     0 2454575.475093  9.135621e+00  1.952376e-03  9.135621e+00  1.952376e-03 
  138143843   2.129676e+02   3.574621e-01   2.129676e+02   3.574621e-01 148200805172117170       2513       5795     0 2454604.387072  9.179216e+00  1.822394e-03  9.179216e+00  1.822394e-03 
  138143883   2.131536e+02   3.583760e-01   2.131536e+02   3.583760e-01 148200805172117560       2512       5800     0 2454604.387535  9.178268e+00  1.825459e-03  9.178268e+00  1.825459e-03 
  138144677   2.133723e+02   3.558362e-01   2.133723e+02   3.558362e-01 148200805172131100       2502       5906     0 2454604.396725  9.177155e+00  1.810665e-03  9.177155e+00  1.810665e-03 
  138144715   2.144946e+02   3.563524e-01   2.144946e+02   3.563524e-01 148200805172131490       2503       5910     0 2454604.397164  9.171459e+00  1.803803e-03  9.171459e+00  1.803803e-03 
  138145319   2.149799e+02   3.554695e-01   2.149799e+02   3.554695e-01 148200805172141520       2495       5979     0 2454604.404155  9.169005e+00  1.795272e-03  9.169005e+00  1.795272e-03 
  138145357   2.147720e+02   3.539909e-01   2.147720e+02   3.539909e-01 148200805172142310       2497       5982     0 2454604.404595  9.170056e+00  1.789536e-03  9.170056e+00  1.789536e-03 
  138146054   2.143138e+02   3.583736e-01   2.143138e+02   3.583736e-01 148200805172154070       2477       6052     0 2454604.412662  9.172375e+00  1.815564e-03  9.172375e+00  1.815564e-03 
  138146091   2.139575e+02   3.588669e-01   2.139575e+02   3.588669e-01 148200805172154450       2478       6055     0 2454604.413090  9.174181e+00  1.821091e-03  9.174181e+00  1.821091e-03 
  138146790   2.162407e+02   3.656923e-01   2.162407e+02   3.656923e-01 148200805172206230       2464       6122     0 2454604.421181  9.162657e+00  1.836134e-03  9.162657e+00  1.836134e-03 
  138146828   2.172910e+02   3.661310e-01   2.172910e+02   3.661310e-01 148200805172207020       2464       6124     0 2454604.421620  9.157395e+00  1.829450e-03  9.157395e+00  1.829450e-03 
